2.12931562909279,31.2011518821483,0.145975588104101,3.94627248514022,22.4898251717388,9.92554052584976,4.35648323579276,1254.98339387426,134.596949062289,1146.86998056709,183.264666349198,86.0396412989145,2264.60574006555,87256.8957375006,19.4840960819033
2.17244956926498,31.1762991068151,0.14448152241437,3.5258759470261,22.6486206891956,10.0919503991878,4.32163064932154,1258.60711389212,133.948972997548,1151.9375362061,182.731675964008,86.4882067552488,2272.65499406728,86662.7163007586,19.4800561269027
2.22491125913643,31.1500858077915,0.142898950130697,3.12458281901592,22.8121712173144,10.2371991547869,4.2897486936315,1259.55734729939,133.150063345826,1156.58224188484,182.103738732676,86.8968103735036,2279.78339479229,86145.3276206733,19.4760524776761
2.28858489214322,31.1194543898881,0.14123462503381,2.74713324502786,22.9732134991202,10.3539122168789,4.26231058928841,1259.7438022837,132.186608105585,1160.57138191422,181.352812318388,87.2463285840163,2285.5419382041,85673.9460061393,19.4720859357498
2.36479380072911,31.0829069571269,0.139486262950812,2.39686198759543,23.1287789207859,10.4370217691529,4.24020802032426,1260.69040790636,131.065436059665,1163.93273165004,180.488921153581,87.5375613228286,2289.98939559999,85201.1893010039,19.4681577553885
2.45408495949357,31.0416775205517,0.137647397618231,2.07699751806826,23.2800184598761,10.4845272747514,4.22365222287549,1262.68876827896,129.808527119001,1166.88019580648,179.547062627946,87.7858253458847,2293.54700789618,84673.420223482,19.4642696151708
2.55525257128483,31.0001591619144,0.135715919589097,1.79168708075208,23.4311355096606,10.4969217178116,4.21231609029064,1265.50253355767,128.44096251553,1169.71704579723,178.57221940939,88.0137137879763,2296.80486079409,84148.2332168192,19.4604210398806
2.66522598628064,30.9635246741041,0.133698775400227,1.54478214455407,23.5857875946041,10.4763484915914,4.20566291402802,1268.7807628955,126.98121920981,1172.64011859601,177.592152624164,88.2363350250246,2300.14714936209,83659.8021009067,19.4566115965558
2.77985469554914,30.9348299084808,0.131615635790976,1.33728534917437,23.7446603819316,10.4262872547359,4.20313485531903,1272.16994944949,125.438948081666,1175.63962238228,176.605507540667,88.4537643205707,2303.56487055047,83216.5683058791,19.452841279346
2.89470713646688,30.9141404758046,0.129493109164832,1.16701989718984,23.9060793139972,10.3513421167722,4.20415030383964,1275.39215077453,123.820565288885,1178.58070656171,175.594926355817,88.6571665764765,2306.81488346015,82819.0213469131,19.4491102514877
3.00535897396522,30.8991059802864,0.127358424623396,1.03027709227767,24.0675824998672,10.2571263664154,4.20802949272802,1278.28668748259,122.135347024314,1181.31753441992,174.542912381423,88.837383536094,2309.63897062076,82462.6834332403,19.4454188162401
3.10787887770677,30.8866341420192,0.125233153917659,0.922444226810138,24.2270645845383,10.1498978366837,4.21398021731677,1280.80164738343,120.395651503309,1183.75744788543,173.439778185097,88.9895250982988,2311.88171572804,82143.6540292759,19.4417672873544
3.20014240899025,30.8744773178733,0.123127984344543,0.837899332270576,24.3832456290091,10.0357115650053,4.22119354048377,1282.95986648837,118.613452684255,1185.87479396042,172.284596192133,89.1135683516644,2313.51032123539,81836.7474454776,19.438156754528
3.28313645698524,30.8616614839361,0.12103980803492,0.769772245075702,24.5362252996301,9.91930667998009,4.22897529787219,1284.85030736027,116.797536474539,1187.72094071446,171.086567569355,89.214691675039,2314.63030045172,81504.3046420443,19.4345890655641
3.36122788263752,30.8480371835086,0.118952886103399,0.710331698762818,24.6879059624448,9.80251662290695,4.23695316989228,1286.6292174491,114.952476783858,1189.42618999772,169.866050219975,89.3030225731671,2315.48950636297,81173.3572249732,19.4310639066611
3.44004988406547,30.8337496464478,0.116850260823985,0.653794369740065,24.8403182010376,9.68406636671225,4.24519988348517,1288.42587144291,113.079262127084,1191.1070287027,168.641014440238,89.3867963858125,2316.30588403078,80864.6536866697,19.4275807276194
3.52315080134815,30.8189925774916,0.11472654127555,0.59812745152264,24.9939147963055,9.56157586079451,4.25403827978503,1290.26083731951,111.177523213976,1192.78475754258,167.415106606139,89.4669612357559,2317.11762687073,80581.7366634065,19.4241395180674
3.61052076977403,30.8040634015342,0.112589263559573,0.544349886860159,25.1477443483756,9.43363529747372,4.2637311550584,1292.07377593068,109.248996956258,1194.40741265502,166.18180315316,89.5394413326623,2317.82804120768,80320.4443409852,19.4207406470006
3.69881616427676,30.7895767159102,0.110452637037563,0.49498990845254,25.3005616467801,9.30076799312446,4.27428000550828,1293.79181431203,107.300034419656,1195.91135560201,164.934766859143,89.5999842508706,2318.32368836761,80080.1943927065,19.4173843661203
3.78326665078659,30.7763112707944,0.108331211334185,0.452155998865437,25.4514909974841,9.16518510242367,4.28542071216143,1295.36716735816,105.340050426772,1197.25539054616,163.672073422942,89.6465420405085,2318.53658891335,79860.3803806958,19.4140709008813
3.85934903223213,30.764893195904,0.106238827748959,0.416803335254705,25.5997445547117,9.02924472132166,4.29685649511167,1296.76622145078,103.377898108767,1198.41035288888,162.392997497646,89.6780158164143,2318.42079966368,79742.8550751404,19.4107957019154
3.92234215710006,30.7563505908732,0.104193558763644,0.389733486263609,25.741719984016,8.89405359638633,4.30861803907603,1297.83551885318,101.415900208742,1199.23559989737,161.080394243553,89.684699246187,2317.7161146642,79887.2199189269,19.4075490547632
3.96906717356103,30.7538373819191,0.102212237897951,0.371680940479516,25.8670801361196,8.7602315375301,4.32117528633923,1298.13410665172,99.4407513272355,1199.32551496009,159.679305247266,89.6369765286041,2315.65308443474,80202.2405113451,19.404336754636
3.99984356385682,30.7625613270762,0.100300944413025,0.36198069956788,25.9633418768597,8.62851224474836,4.33509539430234,1297.17690293499,97.42990009989,1198.23541054344,158.128044948519,89.5023007725652,2311.37994972546,80582.5040168812,19.4011672537401
4.01731762424951,30.7872020564338,0.0984542746027734,0.359010991654182,26.0233326689965,8.4990225267257,4.35073303311309,1294.85686922732,95.3742673463993,1195.8703548478,156.412201634259,89.2740316779761,2304.7084919999,81046.2768893336,19.3980417969152
4.01990267528594,30.827716157359,0.0966793062512555,0.364111137101869,26.0450829547489,8.37168537903075,4.36818910438092,1291.36392186115,93.2864455567279,1192.40655314118,154.561136284074,88.9659052289977,2295.98079623209,81706.8733993914,19.3949579311078
3.99564393340085,30.8744398474512,0.0950019763591056,0.385128683770587,26.0268689924515,8.25032075163379,4.38701302602061,1286.8300119348,91.1968768892954,1187.95911401067,152.615746640953,88.5886800526394,2285.45758878977,82489.0500486962,19.3919203045006
3.92911243194635,30.910552057217,0.0934583746960495,0.431789895695649,25.9679338893345,8.14410974124174,4.40594077170001,1281.39779998346,89.1500791379464,1182.64814915467,150.631749455014,88.1552936740532,2273.43362793392,83315.8296625694,19.38893209938
3.81339037747256,30.9208651926175,0.0921032981993866,0.512639536754161,25.8704674521929,8.06146125563647,4.4236535763707,1275.23941443515,87.1862354312202,1176.62362215791,148.66688960633,87.680520420095,2260.25255046635,84282.3736936134,19.385991585626
3.64056612831176,30.8962569909472,0.0910803760546162,0.649184887806509,25.7361288356647,8.00646455030654,4.43952436047496,1268.31333434948,85.3468761815549,1169.84917758685,146.77425901687,87.1636775193897,2245.91246939121,85590.8613779093,19.3830965242857
3.38943467245042,30.8305399510708,0.0906018915324487,0.901233447381052,25.5642169009632,7.98382675010848,4.45309915285823,1260.24427787603,83.7193871742571,1162.00037463842,145.051100993835,86.5824778808718,2229.94029483845,87078.2722549962,19.3802509441097
0.0518063959030226,30.7190282963072,0.119651214095222,1.5673279280625,25.434318259595,7.7059525948966,4.50019184085146,1250.70623018925,82.426132195198,1152.8462409373,143.744832344074,85.8791036028384,2212.06899691065,88612.2550855077,19.3774564218755
7.86068793618514e-09,30.5490798879735,0.166501941686969,3.58265938347524,25.7917614887385,5.91576094141749,4.72924389621301,1242.04930921008,81.8482824502197,1144.74540934211,144.052858215291,85.0619827417142,2197.21749474404,99521.815729698,19.3747263853576
6.79520082535917e-09,30.3549179581718,0.17624942955075,5.41919306639248,25.9951441691916,4.71648253809242,4.88586989174107,1235.60722113299,81.8755236275694,1138.65600529921,144.708919005716,84.4686721636435,2186.72015120016,101539.874080376,19.3720284511001
4.42478775490301e-09,30.1626782374413,0.19351847570295,7.29800516933095,26.163937484587,3.65937124308331,5.02472110012846,1226.52369656277,82.813248782681,1130.13820936416,145.428060766791,83.721312025903,2172.61278595857,103640.20211531,19.3693811961262
2.14068763710178e-09,30.0017231589236,0.226995541126486,9.28148450251455,26.2784286168293,2.60177831718392,5.16717053370916,1219.14081591191,85.4859377902295,1123.15812742309,146.809246711497,83.086108090694,2162.97619865581,105670.153806917,19.3667849225442
2.26135781062667e-10,29.8884037751662,0.300493732995356,11.3280356228312,26.3000257256673,1.56416946756785,5.31322999419674,1211.6729568371,89.8654587015566,1116.04348756877,148.672721760415,82.4262431829773,2154.69798041658,107092.674354383,19.364240897645
4.1422705690458e-12,29.8214776402069,0.525475870537255,13.3272298196501,26.1861267700548,0.655748974390139,5.45061013643087,1204.71421177768,95.5066298921934,1109.33270887282,151.025136788122,81.7857265337248,2148.42431893566,107439.935145307,19.3617497339517
2.4035816116704e-14,29.7893322549456,1.92736942463348,15.1154780763777,25.7958714795594,0.104180303725596,5.55523025897015,1201.02486156,101.806551631653,1105.54529517836,153.513106074072,81.3696929946577,2148.03963867772,107385.336075557,19.3593089362123
7.67902691421957e-17,29.7799048629343,6.67632615989253,16.5568904323149,25.0649829158998,0.0144356653441112,5.61187930320833,1201.49935269476,108.347003282775,1105.51905835835,154.140189831853,81.2425524464154,2153.52387664482,107165.887633844,19.3569178399993
6.11696532966385e-19,29.7862804062474,12.1201939271855,17.7368859558519,24.3640801594604,0.00792245549769906,5.65319218016489,1204.5348011604,114.967359777466,1107.83576345229,154.214269085345,81.2858100645087,2162.94148902229,106854.51174316,19.3545764161748
-8.58287415289472e-23,29.8062452885609,17.1362372975293,18.7262149611595,23.7466954152116,0.00565654127283013,5.68899575677368,1208.23103105333,121.576348729744,1110.74421490816,154.600527467696,81.37298247821,2173.6112475196,106501.882046371,19.3522847262054
4.26808851643786e-25,29.8397563543291,21.758939881661,19.5403782024609,23.1932076790058,0.00400616098315562,5.72108467742556,1211.66297283753,127.967036054187,1113.40392470371,155.255558613361,81.4457541319945,2183.84135608081,106080.547736476,19.3500430779034
-8.3103742825823e-28,29.886564751892,26.1804188458476,20.1793963161808,22.6887951618785,0.00268269755494023,5.75007003273807,1214.71475545464,133.945249251548,1115.72375825014,155.948241102259,81.4995495594998,2193.17384691524,105601.030308808,19.3478516651812
-4.78576376057693e-25,29.9449343738312,30.5156155234145,20.6552508905043,22.2259312599383,0.00163437852029061,5.77624687575097,1217.68097957228,139.458704479209,1117.97948160998,156.522292080161,81.5549625315782,2201.96615392434,104840.795085143,19.3457114657931
-2.97171320505058e-24,30.0097288760427,34.7762806215029,20.9931746907357,21.8077643793504,0.000845864894610983,5.79954180153115,1221.23868638493,144.516232556258,1120.79229557763,156.986789623946,81.6577897210193,2211.34445353943,103615.902719322,19.3436235308791
-5.13702807260745e-24,30.0716929600466,38.9124554200802,21.2297343026382,21.4449653630496,0.000330856954559838,5.81962559407217,1226.22480038088,149.122831780115,1124.9287462643,157.482487282619,81.8651299403318,2222.77338640458,102323.948638509,19.3415869328003
-5.80114536857246e-24,30.1234500955828,42.8381914410185,21.4069919819541,21.138042664546,9.11867749795582e-05,5.83684829747171,1232.61999990332,153.290212007861,1130.36413392102,158.123877722524,82.1755456330699,2236.29221767355,101112.592660798,19.3396012981723
-5.44917510711655e-24,30.1629000892465,46.4590602931109,21.5589407724736,20.874323551854,2.55527062648381e-05,5.85229828979855,1239.55296206354,157.02994826864,1136.28919719252,158.933158078669,82.529325729137,2250.47957667461,100075.290770198,19.3376662923327
-4.77322526914552e-24,30.1885689459252,49.7762012443145,21.7036494876695,20.6359489942303,8.73304229036886e-06,5.86705865066832,1246.03081547955,160.350142613409,1141.78509672923,159.801337314046,82.858188265305,2263.63420620669,99285.3071404996,19.3357815094647
-4.15094408996606e-24,30.1940267265532,52.8897450423125,21.8461658532796,20.4059463925698,2.89591099631034e-06,5.88184804159626,1251.35349566279,163.248125471675,1146.20345283707,160.5421989836,83.1138059994043,2274.48405909869,98630.9190984421,19.3339474914193
-3.68043005353016e-24,30.1724804620142,55.9023033900304,21.9850289147729,20.1740778806721,8.78973232741434e-07,5.89696154208341,1255.38446708291,165.723464987687,1149.41730641112,161.047985002597,83.2865116558556,2282.73759731216,98059.6417368165,19.3321646318673
-3.33194117028849e-24,30.1232095411266,58.8723584326046,22.1181788922646,19.937289885083,2.52970492029929e-07,5.91239653317628,1258.43301465277,167.799635585027,1151.71362279571,161.335977520002,83.3969789455285,2288.93436734249,97599.9761192009,19.3304328748358
-3.0523653727537e-24,30.0555646008977,61.8189665824297,22.2471064815155,19.6948507133218,7.13576255607418e-08,5.92812224234759,1260.82127583706,169.519055289388,1153.39221074348,161.475511995584,83.4663366473281,2293.68099743105,97295.5085746376,19.3287520340576
-2.80565463310934e-24,29.9909038529013,64.7363764297435,22.3773116288628,19.4450083656108,1.99944852380698e-08,5.94421584292619,1262.65177455992,170.919554818553,1154.55016072982,161.518324024687,83.5002676524977,2297.20703037621,97080.4367184958,19.3271226129355
0.638378208000415,29.953022884853,46.4942710218482,22.4961773376064,19.3774060599907,0.452239286895827,5.92619907008925,1261.44217261253,171.492433079069,1153.02464790311,177.303276463732,83.4502477105803,2304.75956363323,87695.8129319278,19.3255349895016
0.782858002167804,29.943968262891,23.8074064595394,22.4106554860931,19.3007307281728,1.22497414140376,5.87011544878889,1255.96029368419,172.036576954029,1147.7124572568,195.6802734696,83.1789124544636,2306.99562789865,87399.6976045087,19.324010627797
0.852684400906096,29.9621634048595,8.23796398519587,22.3813954817083,19.3063383830849,1.63710861240754,5.84424348806991,1251.86008889595,172.625766074195,1143.74464437916,208.527519257486,82.9489977268712,2308.24332516462,86752.3016756861,19.322540755974
1.17878948842135,29.9947328955994,1.55036099285474,21.9267364964845,19.4315748486416,2.07718503728947,5.78648530084175,1251.59334424634,173.121138736556,1143.41556860403,214.326031459134,83.0033870336094,2311.63109761112,86012.1906360848,19.3211243120005
1.43237461397642,30.026572729805,0.674654719423538,21.0733686078169,19.7321485064143,2.56812617152208,5.69649284881142,1254.85481491165,173.456773799672,1146.43612941051,215.890732051961,83.3392874283673,2318.30424782742,85311.8459245335,19.3197606147716
1.60397527291111,30.0488459011298,0.323326887691705,20.1194363264183,20.19145229972,2.99770314975467,5.60302674863293,1260.12932533838,173.620770776955,1151.41623850035,217.637648014283,83.8345837739859,2328.39284499662,84776.6370645889,19.3184488079564
1.68221360124666,30.0598968146827,0.21338814923502,19.1608427849203,20.6812761166494,3.4096672458648,5.50958791493428,1265.77905965873,173.61466185395,1156.82811033692,219.519598572323,84.3666889368336,2339.14156526922,84544.0602828246,19.3171877683792
1.68757229497501,30.0620819970059,0.201547701681002,18.2629906508083,21.1005612697702,3.84269219961914,5.41810511238673,1270.45554094911,173.421541972463,1161.38642393283,221.357155176215,84.8346039837946,2348.15906880708,84459.435809045,19.3159785681632
1.68478308770692,30.0585629887639,0.198035251672153,17.4479559579111,21.4618832663594,4.26339296729057,5.3326280971787,1273.48431784791,173.014029359226,1164.41881344744,223.029481691158,85.1899243607364,2354.19181000201,84421.1215866752,19.3148221480682
1.68402550941613,30.0517372213139,0.195842409543801,16.7128754070889,21.7865813055457,4.65292536997903,5.25433821061073,1274.9651258147,172.391396329363,1165.98975729954,224.49510059055,85.4392443171794,2357.35397568661,84487.1698978894,19.3137183251277
1.68494084509187,30.0440622173161,0.194325246614946,16.054125015145,22.0859028682732,5.00594974645463,5.18316020691136,1275.27273997913,171.604148372606,1166.4403583519,225.772376982334,85.6070749425639,2358.30781233303,84783.5720148109,19.3126665552283
1.68727957835275,30.0403221460713,0.193345807590554,15.4798202942675,22.3623401191071,5.32126268526327,5.11902779867314,1274.53897372379,170.753148556739,1165.89587527313,226.867951719401,85.7003337031724,2357.35175426602,85189.3914760114,19.3116678947856
1.69118528084594,30.0465592888089,0.192765115089545,15.0042468589246,22.6146844665463,5.59955054989302,5.06190326553926,1272.7643043334,169.945851371641,1164.3626230294,227.781965675746,85.7168843395388,2354.57041628074,85620.2168736379,19.3107230487323
1.69610840896663,30.0663596631415,0.192443590000131,14.6348559877305,22.8427304093641,5.84269123121997,5.01154823440652,1270.18034852119,169.2671704871,1162.05997838555,228.550273643157,85.6710998442785,2350.43498736626,86121.8725645548,19.3098319519282
1.70093894446545,30.0953752715122,0.192209338228124,14.3635653652128,23.0454206906305,6.05324930994398,4.9676329956135,1267.18985997489,168.784154091087,1159.36284587839,229.219973997059,85.5896704502141,2345.69095033465,86791.6559125061,19.3089944128592
1.70577624401206,30.1153937029417,0.191978612753922,14.1599261559131,23.2162271358804,6.23615521853958,4.9297224605896,1263.85442166146,168.528111602051,1156.33201992241,229.746245149553,85.476405574188,2340.43974983202,87536.8782273277,19.3082109543536
1.71176185400112,30.1023240135894,0.191861783556422,13.9825907245147,23.3469668247144,6.39813119394581,4.89718970560807,1259.91564068965,168.486905482924,1152.73554865502,230.019274030015,85.3136596094049,2334.18579072165,88298.2214070996,19.3074818283522
1.71927465601374,30.0411537687082,0.192038169955254,13.802620870168,23.4343550869352,6.54358413465531,4.8694975542071,1255.35920133312,168.655930609898,1148.563619831,230.00531092948,85.100553332385,2326.88494854924,89144.4699019177,19.3068069047947
1.72747391040459,29.933936228131,0.192650912479053,13.6173946253978,23.4787930029891,6.67202502360075,4.84664173623663,1250.43917224785,169.06467877334,1144.04175381745,229.765373826277,84.8541939819623,2319.00704598376,90179.2504655688,19.3061860798239
1.73616922118339,29.8004098297534,0.193776849305429,13.4480336297072,23.4793471978158,6.78080402043102,4.82901112287551,1245.12052763716,169.725042924723,1139.11272642318,229.335081654298,84.5718070891581,2310.50178337182,91273.6773272172,19.3056196554775
1.74569817616374,29.6657869809048,0.195711706429203,13.319086914179,23.4365304034592,6.86803526302096,4.81679538974562,1239.15473964185,170.607322956258,1133.52255992491,228.710529183208,84.2364561441991,2300.91224878062,92349.5850767963,19.3051077181881
1.75644317720971,29.5460334603141,0.198263866794311,13.2374111707383,23.3594466167838,6.9335709845163,4.80942377551555,1232.74804184028,171.685971087525,1127.45777442898,227.947616447359,83.8632653673814,2290.59086598268,93110.8183589906,19.3046504561129
1.76763528998314,29.4434518351062,0.200669533808322,13.1822287297862,23.2720358298304,6.98222538098581,4.80479439964852,1227.02845512479,172.943087142318,1121.99228586931,227.244027961846,83.5328545327474,2281.53782991093,93259.5780148587,19.3042479094545
1.77534185095536,29.34986571315,0.2026554510932,13.1172218246036,23.2075539847834,7.02267571013276,4.7998341081204,1223.57420273971,174.332908192329,1118.64959807904,226.886306682015,83.3588027467943,2276.56169202136,93171.8078078046,19.3038996425732
1.77714761576347,29.2549659136687,0.204158417768661,13.0159214868112,23.1879291752549,7.0621971824716,4.79236256716379,1222.92235048982,175.768798512542,1117.98313728642,226.992806878721,83.3819588769393,2276.61103427845,93002.6581651087,19.3036055006891
1.77407544417694,29.1529652581125,0.205276009142359,12.8711084813691,23.2147076979087,7.10441005990999,4.78184513254855,1224.213852815,177.147234311728,1119.21901928088,227.432668242408,83.5442881502801,2280.12944807597,92933.5652178082,19.3033653801391
1.76865466881787,29.0421291976715,0.206204559702932,12.6868589293029,23.2732669418117,7.14845146144659,4.76924504452037,1226.11675564143,178.419759199615,1121.11890029706,227.979790490693,83.7534300132535,2284.73695077389,93133.7215390475,19.3031792481791
1.7645087469844,28.9216052487437,0.20704691663307,12.4622617023548,23.3403307555611,7.19318325027095,4.75600874932219,1227.34719851597,179.582761994652,1122.48993939223,228.399852061957,83.921122173287,2288.16353185651,93374.9323051194,19.3030472338865
1.76400750439168,28.7914975882813,0.207857613569653,12.1890251430082,23.3987237501502,7.23989326266795,4.74288991314176,1227.29253324783,180.647138206183,1122.76756546989,228.564193414104,84.0065090863942,2289.33081775245,93568.2375063255,19.3029693515577
1.76751147682009,28.6542724238664,0.208534992397853,11.8599199151872,23.4453258188941,7.29227839963302,4.729535166752,1226.27937201078,181.634960000458,1122.25157153083,228.50928420006,84.0332792328919,2288.81622689519,93530.244894756,19.30294557442
1.77377118314655,28.5190044890814,0.208856589121741,11.470978648007,23.4909105863952,7.35692723752681,4.71442014402019,1225.3035401463,182.555843923055,1121.84218425106,228.388173439384,84.070019950445,2288.34590148561,93097.391353736,19.3029758011227
1.77960639616227,28.4043697346453,0.208788461409503,11.023246003016,23.5543925831644,7.43957373531577,4.69568276226974,1225.62406046594,183.407166699443,1122.65516469907,228.397760898426,84.2012345068497,2290.07070999706,92554.8474455412,19.3030599231557
1.78308756953841,28.3269910199323,0.208394129519221,10.5246281027134,23.6478199681861,7.54154699757047,4.67246976086249,1227.72231110766,184.15895010143,1125.08903900372,228.610351168673,84.4569028789032,2294.76183014231,92021.7598685174,19.303197891337
1.78561010970542,28.2912977255681,0.207675429905515,9.98532052530533,23.7711632073899,7.66255168020191,4.64485006383348,1231.09827469842,184.75361543671,1128.66581142741,228.942400417758,84.8008084529787,2301.4837434976,91316.1959938249,19.3033895794172
1.7891973834074,28.2896802679428,0.206611641218135,9.41278360702537,23.9239737585601,7.80473174342293,4.61258130155642,1235.3345359789,185.163366685608,1133.01384297739,229.330474508563,85.2049299043601,2309.50135246084,90239.8905641986,19.3036347179082
1.79326768387101,28.3064953509378,0.205283181191725,8.81513971796126,24.1144686244518,7.97015021203477,4.57494096433774,1240.62588118075,185.421180976203,1138.34291594229,229.818973563894,85.6847509799386,2319.21667499966,89101.4327203256,19.3039332266925
1.79705448044093,28.3268729454243,0.203760677720338,8.20310862123801,24.3489665923245,8.15763542788475,4.53176274514118,1247.07430091308,185.568032748525,1144.77209486395,230.437033483274,86.2484618454312,2330.86992424919,88029.7093127822,19.304285055174
1.80114112101496,28.3429195736571,0.202121799833969,7.58756781252686,24.6234156807331,8.3625024915941,4.48395550838333,1254.23882886964,185.602589586764,1151.90278805083,231.117594323258,86.8650110456138,2343.69879585691,87161.747594706,19.3046903016476
1.80712113994215,28.3517788181867,0.200447393852912,6.97898679424897,24.9233861481222,8.57667657023067,4.43348641524568,1261.29897658327,185.487760271318,1158.97147218397,231.723377701428,87.4755642105245,2356.23071165129,86637.9679657324,19.3051492986124
1.8178723004284,28.3505005968445,0.198764636643153,6.38542325080946,25.2265806748349,8.79196523853612,4.38277650247123,1267.30240957136,185.160271295374,1165.08575597896,232.085246470344,88.0115277956782,2366.72958630996,86272.0364816591,19.3056619032983
1.83573861128885,28.3357936146252,0.197069986021861,5.81121847779714,25.5137196104131,9.00223894655275,4.33378222864655,1271.72077023085,184.572138482361,1169.74524265997,232.101509727373,88.434050465239,2374.2123876575,85961.7739921675,19.3062279076121
1.8612994117309,28.3062417155729,0.195342924300846,5.25940981298273,25.7762608632529,9.2022357964253,4.28773645551596,1274.69341515719,183.729168985969,1173.07008367949,231.789180967301,88.7510842930226,2378.91463686193,85718.7751421311,19.3068472933377
1.89409926614315,28.2620879461101,0.193563404435888,4.73316441820051,26.012937442472,9.38581120005277,4.2455959393652,1276.65269142889,182.671888052921,1175.45295483055,231.223191098783,88.9909589905203,2381.6184387779,85588.1071162827,19.3075201800039
1.93419965607676,28.2033852156404,0.191711018758881,4.23333190145035,26.2231033435593,9.54585191615592,4.20842612987678,1277.91061281401,181.430665883269,1177.1735655848,230.461727185139,89.1734934555036,2382.88766718004,85521.7574103388,19.3082464179091
1.98243087365875,28.1298143191332,0.189772803362205,3.7594716314824,26.4056798569924,9.67513786467414,4.17733208140099,1278.62586160842,180.018582824387,1178.36945609202,229.537183015748,89.3077674276943,2383.00387241027,85490.2707794209,19.3090258399567
2.04029310854738,28.0418746593243,0.187724318271531,3.31247277852752,26.5614702746897,9.76848475614884,4.15302009313786,1278.9523715959,178.450021600537,1179.1774697074,228.48076294101,89.4028125676328,2382.24458979902,85338.8695837346,19.3098577236405
2.10926935697881,27.9430693853642,0.185520732550914,2.89462310993692,26.6983355971239,9.82553167261763,4.13510541571514,1279.28840197453,176.755261291537,1179.96938645765,227.36459827915,89.48578400843,2381.33686436044,84871.1199320738,19.3107408540515
2.18833726443611,27.8413219308453,0.183139362244519,2.51224122122181,26.834135952044,9.84866236350864,4.12223551397732,1280.37828963315,174.988811685922,1181.44858224727,226.320442400023,89.6090928487546,2381.64529616656,84299.3903191554,19.3116755659335
2.27474617450377,27.7446910126401,0.18058610028495,2.17435976924249,26.9851653678819,9.83991712982025,4.11318958395513,1282.67768298681,173.191474820615,1184.0524066361,225.431193119584,89.8050438948581,2384.01845236566,83748.7059896655,19.312662226794
2.36497861491062,27.656891631248,0.177920550685825,1.88775172376433,27.1560096692277,9.80000369430986,4.10759929807172,1285.96438085757,171.363744441256,1187.5811174872,224.66486330852,90.0580437944572,2388.0752185714,83369.1291342751,19.3137018130535
2.45437223631164,27.5769354404328,0.17524368947695,1.65562888044391,27.3377086837095,9.72800385202899,4.1060924513054,1289.47227350787,169.476819157019,1191.3214292498,223.899211457794,90.3141348781422,2392.44919312407,83345.6351799984,19.3147961598707
2.5389442862123,27.5013765684457,0.172640845779096,1.47626000472166,27.5096261146371,9.6247196904325,4.1097102140321,1292.11757251069,167.481464365586,1194.26330599354,222.960012381248,90.4978635677684,2395.20018972405,83504.8631419145,19.3159443647709
2.61638431886211,27.4274666872636,0.170154464368882,1.34169335837793,27.6519067606509,9.49494427919888,4.11887307108819,1293.11780421277,165.33749355791,1195.67935774186,221.723356892922,90.5562556955415,2394.92813579669,83716.6770260799,19.3171452126742
2.68660840004031,27.3545568154926,0.167766838529922,1.23999400650036,27.7566100931902,9.34614666878234,4.132937456638,1292.42546466307,163.043520291978,1195.52638421906,220.185683958079,90.4885719771227,2391.55434409251,83890.4229021399,19.3183977301513
2.75183145920634,27.2835557877487,0.165423773267836,1.15833341508822,27.8287716354412,9.18615695353041,4.15047451601453,1290.65641621237,160.644484952614,1194.37479332849,218.450804957836,90.3402477053314,2386.19603161313,83945.1376480523,19.3197010141666
2.81521077840509,27.2158839264869,0.163077814121201,1.08568491084783,27.8817118990269,9.02030857548495,4.1699520030396,1288.69289202811,158.212332111028,1193.03639189222,216.665217650268,90.1741732914993,2380.45113279703,83944.7340508681,19.3210553143493
2.87951107659412,27.1524104558298,0.160706883730265,1.01539154964135,27.9282425538155,8.85047579961503,4.19037265941247,1287.25723782137,155.817264443755,1192.1714384867,214.948611234052,90.0408842547663,2375.63139553644,83933.9637464084,19.3224608441471
2.94697642875545,27.0932597806068,0.158307772261368,0.945019771336067,27.9753716358394,8.67700094816497,4.21129701414824,1286.56846183418,153.486668978058,1191.97627688331,213.337082924593,89.9554288158458,2372.13524105858,83842.4341109062,19.3239167765391
3.0199631840875,27.0389399952665,0.155872275454358,0.873903659652219,28.0274669800962,8.50102901078272,4.23232983904372,1286.50854604335,151.203575778095,1192.33991278674,211.810494412383,89.9096530752758,2369.74113457761,83552.4867922483,19.3254215465287
3.09911154402714,26.9914131393788,0.153384522775344,0.802424348326172,28.0918364153184,8.3236937781135,4.25291218515314,1287.14364807227,148.951750220433,1193.32514231131,210.378109546277,89.9083914649593,2368.55349256297,83179.3981257199,19.3269756164924
3.1830716603258,26.9528226884212,0.150832247602167,0.732387172562585,28.1751123279703,8.14515599248039,4.27265916640797,1288.56400108636,146.718325192257,1195.01714389162,209.052463669304,89.9579589731865,2368.72094470369,82801.3401206424,19.3285794943634
3.26950591927996,26.9238912014627,0.148224923725199,0.666303631996792,28.2783295221846,7.96510611925436,4.2915684195507,1290.62407337932,144.484881345569,1197.28145366922,207.808767118532,90.0481347310374,2369.97425266968,82445.4065959268,19.3302333207785
3.35538932981046,26.9036121637882,0.145588343795196,0.606660280129754,28.3977864118591,7.78346941051938,4.30987324900262,1293.00718420863,142.230984875076,1199.82520879577,206.598507931731,90.1569684687551,2371.74557061948,82121.3906902277,19.3319370884072
3.43680993586801,26.8895725132706,0.142944177219714,0.555687827501367,28.5283577755646,7.60107335528407,4.32776155869437,1295.39863174032,139.940089792855,1202.36007805006,205.379841368903,90.263136636823,2373.48012823261,81820.7963520319,19.3336905310262
3.50991063254303,26.8790364169887,0.14030462082684,0.514394613309469,28.6659840298762,7.4198264584508,4.34520277576051,1297.60114205321,137.604220613975,1204.70830860093,204.132253154656,90.353914657637,2374.83867399266,81536.9011899753,19.3354933426073
3.57019804952545,26.8698812430143,0.137690693700101,0.48329051020445,28.8073021155241,7.24102058123526,4.36219991676392,1299.51158921363,135.225083329764,1206.77770716172,202.847715297309,90.4230165338726,2375.650871261,81502.4632206379,19.3373501051489
3.60750869601838,26.8593002619876,0.135161186570572,0.46667460276668,28.9404005437906,7.06462384278802,4.37940697182184,1300.70924683457,132.795608098086,1208.17789242776,201.467197521296,90.4419039001295,2375.18000782158,82152.2554653497,19.339269866634
3.60756581300314,26.8409871612879,0.13278634968893,0.473883943802924,29.0327796727135,6.89509480987381,4.39798508072713,1299.94307179549,130.263617823071,1207.74749794167,199.804169808661,90.3257323385126,2371.20503180478,83210.6509988005,19.341245047538
3.56091215651582,26.8069231641926,0.13061141828018,0.512721098519509,29.0469878451702,6.7427134607951,4.41852815719767,1295.87577560335,127.559007964494,1204.24894708022,197.660930210385,89.9856620878064,2361.34724420307,84393.4662333757,19.3432681732276
3.47149668418387,26.7522907167358,0.12864839234586,0.586083046735294,28.9660521535352,6.61636292741713,4.44067769422487,1288.41963101497,124.681249715123,1197.60690543267,195.034405312753,89.4194581992421,2345.46816855506,85492.4770535776,19.3453364035538
3.34519525124559,26.6794998781141,0.12695878377238,0.703329571410431,28.8040074687209,6.51945198156301,4.46319058458342,1278.85364344751,121.733877117331,1189.00952245383,192.168834835134,88.7180515292874,2325.91275201162,86337.8459828828,19.3474489145169
3.1680416520697,26.5997423289796,0.125633449043665,0.900859185228815,28.6021591438364,6.45291622279498,4.48381402880409,1269.36560274588,118.939776511014,1180.47588509575,189.550459758038,88.0347879858203,2306.75337318766,87071.3537375126,19.3496076798602
0.0274012701837203,26.5266704055786,0.175825883657795,1.47198802335709,28.5157857458657,6.06703713006373,4.54258562534087,1261.72632446949,116.521808552903,1173.64671500571,187.796947840413,87.4511171158408,2291.42002418188,87796.6185150351,19.3518137077404
1.30014327995207e-09,26.4703734474015,0.233561537732621,3.19232212392801,29.0435198711085,4.20726631455498,4.77040480458009,1258.59503462771,114.874422333965,1171.01585086034,188.385324889073,87.025452637947,2285.40796586364,98180.8400389116,19.3540566752495
1.15828720957754e-09,26.4522831971915,0.247743139762673,4.6904942106348,29.4075546708567,2.99007235699616,4.91963033755352,1257.7908137721,113.696276570059,1170.48357467078,189.401001624707,86.8301296137287,2283.8631085978,100288.863596408,19.3563660331183
4.79853577574726e-10,26.4731898019603,0.280773938389827,6.28643212314298,29.6767985295421,1.94585003863785,5.05081410697036,1250.31280094407,112.961102358938,1163.69840559922,189.923644432793,86.1966858979986,2271.27207720352,102798.44422507,19.3587219283716
1.15073202579274e-10,26.5465726114251,0.388110659846127,8.1322534686677,29.7575841489172,0.956766020168247,5.18651439348768,1241.36338068388,113.792024131105,1155.47180986167,190.963225021696,85.4547755180451,2257.65233211183,105379.759191886,19.361122230551
2.78366909279567e-12,26.682007765221,1.15741974015528,10.204469663074,29.454822555448,0.191470274029033,5.31591379682392,1230.64002260079,116.308497835009,1145.43517328402,192.487816775894,84.5751645084564,2242.48691233703,107521.671190497,19.3635656454005
2.1677358818137e-14,26.8670153792518,5.99206626143836,12.2487500669031,28.4890884088974,0.0117219781327872,5.40084167116722,1219.36358875374,120.20450660655,1134.65914904585,192.063881153782,83.6470217600902,2226.05642700212,108733.651063116,19.3660515414603
9.126110225394e-17,27.068158514077,12.8742531393704,14.0567240438249,27.3800085525172,0.00565276809819661,5.46643768108693,1211.08760380722,125.102013949498,1126.60664812798,190.317236121866,82.9085267015567,2214.47817640117,109515.825018786,19.3685817815017
6.18372193713302e-20,27.2582838170647,19.3503989291715,15.5340759764074,26.3564899687883,0.0041856142364413,5.5258485431999,1207.38855821702,130.702350352277,1122.72318133505,189.246019256338,82.4781760812158,2211.33051991716,110041.083162069,19.3711567674909
9.96947326043539e-22,27.4302898070745,25.1592007475181,16.6758194168279,25.43180129038,0.00302106055156315,5.57949383987757,1207.02244211958,136.784431412379,1121.82386092122,188.983071830666,82.2760936907781,2214.44638436857,110200.040872645,19.3737759593412
-2.79820372171276e-25,27.5837661034982,30.5097319601425,17.5408142749951,24.6002687177056,0.00200988303066074,5.62751331924753,1208.18779940931,143.057596916953,1122.26556861587,189.111577392913,82.1809095549648,2220.4043297208,109976.171514881,19.3764389742144
-3.81984969882558e-24,27.7102117656445,35.5763786556925,18.1991054425689,23.8571779894883,0.00117537595086341,5.67000338556589,1210.42897115088,149.123034461192,1123.70821016063,189.378940299127,82.1658735641038,2228.07866999436,109638.124411908,19.3791461850021
-8.98521526717094e-23,27.7995461394802,40.397010717803,18.7052469250236,23.1919221450212,0.000557080509579996,5.70764375648531,1213.25271481157,154.67336720641,1125.75465067306,189.628198884699,82.2004231985512,2236.38634001344,109272.928076335,19.3818975171062
-1.93078271012768e-22,27.8485854047175,44.8992590255221,19.0912774149613,22.5908607668177,0.00019315377323951,5.74153860860563,1216.2326972346,159.652037973697,1128.01328653904,189.834001252519,82.2554757926605,2244.56800488105,108545.370423973,19.3846915441075
-2.28470259967714e-22,27.8619604381311,48.952540949819,19.3740743438458,22.0547631747454,5.675243361626e-05,5.77215786321886,1219.81968314132,164.133926581192,1130.87657571761,190.204331366759,82.3616232502517,2253.52696220425,107080.209779416,19.3875262402009
-2.13149313379739e-22,27.8523664022527,52.5264037044382,19.570512270114,21.6007543990562,1.89638508252813e-05,5.79889631410269,1225.28810397099,168.234101606947,1135.49924870946,191.030455601166,82.6058584147581,2265.60770795397,105359.002719998,19.3904021568932
-1.82716602331221e-22,27.8348923163255,55.771963391137,19.7048190496289,21.2348691681372,6.47272521845877e-06,5.82133993859397,1232.99853354138,172.023452076584,1142.19959732463,192.30008512525,83.0112874143869,2281.43644174306,103671.409018437,19.3933197140101
-1.55865811206195e-22,27.8195814184257,58.8831233065598,19.8022050967495,20.941005766002,1.97111124467037e-06,5.84010149950371,1241.89821372331,175.487026735416,1149.99702416647,193.716905031319,83.5037053496413,2299.07675248833,102457.786907385,19.3962810037217
-1.36475664568603e-22,27.8125947381453,61.9601848894965,19.8851021387426,20.683665783847,5.46434797494848e-07,5.85692567874445,1250.04421694767,178.545577393465,1157.08484656619,194.900860611029,83.947961242551,2315.02074314323,102071.700102391,19.3992889268794
-1.22470843403369e-22,27.8216534944369,64.9774680040217,19.9696230571678,20.4178221893765,1.45363195378561e-07,5.8741971930524,1255.34978718707,181.038791310152,1161.51666681893,195.527590897912,84.1998709105436,2325.49032208064,101978.37059411,19.4023407034714
-1.11187900594245e-22,27.8527660053621,67.851086497895,20.0580775056327,20.1165665223587,3.79305408839051e-08,5.89336795010438,1257.2701137338,182.842391026233,1162.78361522912,195.560897387256,84.2224952078971,2329.46646162496,101961.094869959,19.4054345714616
-1.01087931964884e-22,27.9056817966201,70.5273832073347,20.143662706281,19.7789009406012,9.73365787620058e-09,5.91448519188553,1256.92011781277,183.986889476348,1161.92581705799,195.226778766396,84.0930122453103,2328.95833259125,101966.904657784,19.4085697802006
-9.16632427536548e-23,27.9720891589689,73.0144116011509,20.2168113692314,19.4157910404131,2.46330369604086e-09,5.93694374780347,1255.83677642839,184.642607922374,1160.36818590284,194.793213559458,83.9161354567884,2326.79596412864,101970.526585954,19.4117457825419
-8.2892240285886e-23,28.0355617707396,75.3612506774387,20.2646023154116,19.0382964197641,6.15635892075625e-10,5.96013460167533,1255.03435956781,185.036312968993,1159.0308402814,194.420828993295,83.7588364763253,2324.90263120262,102012.885493652,19.4149624765204
0.607605672001691,28.0822762821318,56.8350441456222,20.2658237239404,18.8453880343751,0.428789124108576,5.95091370022117,1251.15470235973,184.682251906932,1155.06884157278,209.178964619571,83.5075239631532,2326.74707283578,92885.6422598096,19.4182347141153
0.73408860132775,28.1183807518156,33.7542723275178,20.0307201596014,18.6302642860263,1.13806907872266,5.90972608575149,1241.3693067866,184.152496702597,1145.72270379575,226.076499131908,82.9121687205953,2320.11081207621,92981.5285831332,19.421531644698
0.765716206871666,28.1399304054166,16.6022160120212,19.8536301619431,18.4991916696416,1.46811607254389,5.90377722653036,1233.24462273519,183.829328942776,1137.88369521825,238.581258699259,82.3732536173901,2313.65939443017,93017.7756621018,19.4248674987435
0.928229233801508,28.1565802304582,3.4863151916024,19.4305221996807,18.5122972425049,1.73588254185597,5.88715970003712,1229.32958667273,183.62424571963,1134.06472105084,248.417383146494,82.1340309717917,2312.77349571332,93060.7295242313,19.4282422754651
1.25855136271677,28.1833535715457,1.03495449554851,18.4181837764616,18.6043673819781,2.16552039023142,5.81828001311815,1228.74181229813,183.376768311944,1133.47615357313,250.190880881263,82.1731148070012,2312.69794494602,93128.525411847,19.4316557101901
1.44239548078679,28.2283219305259,0.533567012725999,17.2586722349511,18.8139008241929,2.55404350887023,5.74255800601816,1229.69258398886,182.975406469695,1134.41386752202,251.2184710095,82.3441924166346,2314.7183439324,93103.7782513619,19.4351066739344
1.56048830420368,28.288462464581,0.319484113226443,16.1213205559996,19.0683117300008,2.87456643329953,5.67288611343142,1230.92151559844,182.381289608019,1135.69122975586,252.52082324647,82.5459839767786,2317.30370132393,92864.3521509029,19.4385939190919
1.61385321761418,28.3513311163786,0.248736859684176,15.0779020348214,19.3018997306475,3.16267425726155,5.60955974150905,1232.23332730134,181.648875416961,1137.12827888128,253.95210685775,82.7589583202624,2320.07991159153,92554.636478826,19.4421178473494
1.62838698792461,28.4044665931821,0.231939686086803,14.1642955874177,19.5010350939717,3.43316416084973,5.55193046971277,1233.81065927968,180.851283891854,1138.90225228014,255.465197718669,82.9936205362187,2323.38099961065,92231.894918791,19.4456784244422
1.63259209943585,28.4426357077983,0.224971176696024,13.3797283566644,19.6886542112317,3.67729479124637,5.49979363590905,1235.65794148961,180.023214290157,1141.0104093125,257.028469469053,83.2509027254306,2327.21574272412,91986.6209427337,19.4492759024668
1.63357095304824,28.4671271977127,0.220671323625778,12.712706451297,19.8765966684764,3.8922092910204,5.45262365749296,1237.50387383968,179.179382040224,1143.18578906256,258.575221339078,83.5121630620451,2331.0924131091,91908.5019661256,19.4529106275023
1.63340319443305,28.4818083144948,0.217785296129631,12.1639573714981,20.0639757219818,4.07952951645185,5.41010144074822,1238.90780354483,178.352866687542,1145.00415227031,260.019158666058,83.7458446597133,2334.2397229871,91877.5481048931,19.4565813676966
1.63314362120947,28.4900084443223,0.215567035961981,11.7395534516304,20.2477481277772,4.24231509265702,5.37191709465008,1239.64270087969,177.5931861531,1146.24531782282,261.311403786332,83.9348863774547,2336.27977165709,91845.7969702555,19.4602873046173
1.63279648770555,28.493865305523,0.213509026709312,11.435756122022,20.4269206358119,4.38482841584104,5.33748592462429,1239.82576897544,176.942025201052,1147.01522285257,262.455248592649,84.0864236703732,2337.43629902557,91822.4634117476,19.4640280649699
1.63208178358332,28.4977071982471,0.211252432704478,11.2331746652169,20.6009265723171,4.51257026675499,5.30598132846425,1239.7065438732,176.44497343801,1147.5423525271,263.458775707369,84.2167982205136,2338.15771196243,91825.1367961498,19.4678033588848
1.63100606002423,28.5122216581766,0.208842755069854,11.0980417084446,20.7673663349113,4.63223021747454,5.27646035178592,1239.48155843726,176.185918258734,1147.99797364025,264.297339811293,84.337966337632,2338.80580132383,91843.6774314438,19.4716126790327
1.62967052397921,28.5488020726683,0.206695351907869,10.9972445478865,20.9235661829185,4.74965636470632,5.24811719415685,1239.23811527146,176.2458031443,1148.44979176135,264.938400189702,84.4542981422314,2339.55259522993,91874.9865567943,19.4754555581182
1.62798790835384,28.6124687135236,0.205133273614088,10.9126742326956,21.0685267398917,4.86696384298996,5.22062385620022,1238.95096378738,176.648853027447,1148.86873052887,265.37072406527,84.5633644641062,2340.3619701313,92022.7054795442,19.479332378461
1.62607709387169,28.7044358522605,0.204205742518351,10.8388851723928,21.1996706414865,4.98248469134658,5.19429962309702,1238.38798851272,177.350468881119,1149.05047574991,265.576309540568,84.6499258378572,2340.81631333586,92399.3539699913,19.4832435763264
1.62531532528631,28.8288419429834,0.203783737943751,10.7685540078358,21.3093554486105,5.0949488336738,5.16967217954408,1237.0357768109,178.232020150582,1148.55459108899,265.483906696289,84.6812682547821,2339.96939181281,92853.1594463592,19.487187451743
1.62700590745231,28.9905954479698,0.20378758549592,10.6899793422232,21.3911069937877,5.2046859407633,5.14697283525424,1234.54792095751,179.173549113578,1147.0996607883,265.048395250343,84.6364910264107,2337.16998312984,93314.509432979,19.4911629389996
1.63083919647761,29.1898252490621,0.204211003020859,10.5954136337502,21.4450204184512,5.31093521398533,5.12624804410184,1231.16249339467,180.147133182959,1144.92270509528,264.347582651821,84.5331692701021,2332.85349337575,93837.5214462298,19.4951699272588
1.63548196617465,29.4183552528856,0.205165501278534,10.4804010453052,21.4742807530782,5.41050117972903,5.10772614323688,1227.38500713722,181.18154392941,1142.47098156125,263.512468423697,84.4050757639086,2327.93591619594,94488.2755199421,19.4992083472725
1.64069838874,29.6577761869529,0.206511286002089,10.3335561846461,21.4810713457527,5.49891975657286,5.09182221560563,1223.41338810302,182.2439317479,1139.86716440901,262.580104874229,84.2633005302064,2322.68493073281,95161.4257587333,19.5032769824785
1.64761379582712,29.8887257946639,0.207859494829096,10.1402593706305,21.4679637055304,5.5726289692511,5.07878952534874,1219.06839625138,183.235966562023,1136.88108738503,261.487159659369,84.0930061742937,2316.63227971281,95809.9362590903,19.5073750582338
1.65735400556213,30.1010774527162,0.209019500222696,9.89206086750193,21.4384236743688,5.63382420781234,5.06811365832437,1214.39919250379,184.107789377909,1133.52805570306,260.229765469808,83.8966866143008,2309.79142296481,96195.670862871,19.5115008003805
1.66906436263901,30.2927986422519,0.209845278292757,9.58879968890972,21.4035524251283,5.69040507801913,5.05813418336669,1210.32709969757,184.928346999422,1130.66692872499,258.999320390561,83.7384300369964,2303.85747876398,96104.2900436426,19.5156526072383
1.67904044685559,30.4648956159324,0.210393351392922,9.24233699255573,21.3838979563452,5.74865624952688,5.0469176153507,1208.16681772756,185.835400321879,1129.53104978356,258.078191008347,83.7089330563996,2301.29063841512,95863.844075441,19.5198317988644
1.68539238389134,30.6197527118769,0.210761540066974,8.86970716720152,21.393388548852,5.81058794683713,5.03348736526519,1208.164474013,186.878485665145,1130.35396753954,257.533273558389,83.8242515065484,2302.57912214475,95591.0688756194,19.5240385894901
1.68960745617587,30.7597183862898,0.210973056687491,8.48045026211876,21.4325968242262,5.87744048753601,5.01769007476949,1209.59934410042,187.99425979163,1132.46812096054,257.226721335557,84.0342746489098,2306.40078931159,95188.4150610403,19.5282718809044
1.69381051437919,30.8846558206821,0.21098535253007,8.07200341112214,21.4986875069538,5.95157251500942,4.99937681660465,1211.86051186926,189.081061989519,1135.32324470341,257.03502654061,84.2985285470323,2311.61101465259,94557.8227889164,19.5325303928692
1.69866252208615,30.9913105644576,0.210752580971139,7.63491142835118,21.5932781957503,6.03437237489684,4.97826992363336,1214.83418508025,190.045794466545,1138.85650716703,256.937076556606,84.6129379603856,2317.98129055709,93866.079006789,19.5368145012012
1.70458156155915,31.0769360229331,0.210238928923422,7.16369018236272,21.717718204527,6.12504210478938,4.95441129910586,1218.47029833314,190.823601848278,1143.05970169674,256.92605461003,84.9770368419714,2325.41349740822,93179.6483416873,19.5411241322583
1.71235995113836,31.1418222064942,0.209462652434488,6.66273353029628,21.8685791283329,6.22069298690411,4.92841004268971,1222.50079436338,191.379487232878,1147.69026191361,256.947689971085,85.3723536205967,2333.41091432046,92618.1489646673,19.5454597710183
1.72307667435452,31.1890229815849,0.208462836244502,6.14857119187375,22.0358900600706,6.31671192539729,4.90148501759961,1226.4425102916,191.685376679041,1152.26790708348,256.894599761247,85.762429633774,2341.05680238271,92294.3627466544,19.5498221064217
1.73825030036748,31.2229809456024,0.207266684535194,5.64783082276558,22.2035670503133,6.40986993813295,4.87498970312903,1229.70657950428,191.684292310755,1156.18105643662,256.619557171484,86.1014222369441,2347.18196684995,92057.6695774968,19.5542095850317
1.75831685193028,31.2473290021676,0.205895617878837,5.18471380153516,22.3582865398754,6.49855328685712,4.84989409818132,1232.02235268377,191.332884188126,1159.11956733025,256.038174981237,86.3661150268988,2351.19789243981,91849.5410152159,19.5586211883
1.78301151187134,31.263945795611,0.204313511172876,4.76902233107542,22.4964206720745,6.58280616164903,4.8264099659599,1233.62219062067,190.64729934851,1161.28131047211,255.186608743033,86.5708508650041,2353.50527796696,91371.1683920642,19.5630535500269
1.81165382114988,31.2739262813956,0.202457561622887,4.39032211505145,22.6301160111259,6.66542307915669,4.80349099553094,1235.36793733821,189.71737636683,1163.5016214006,254.248936537234,86.7770164663117,2355.74197541721,90331.9883364034,19.5675024299392
1.8418887553542,31.2794454181266,0.200338501546696,4.02591395535255,22.7864440451129,6.7461941365118,4.77967682658675,1238.58094804954,188.704507534924,1167.0824046206,253.518320933256,87.079531674123,2360.46324794117,89179.4802580836,19.5719704294692
1.8731369368878,31.2837717040198,0.197999855161823,3.66104334488345,22.9849344130506,6.82004488406097,4.75461757295873,1243.84778234705,187.722365223643,1172.62619223924,253.140446134801,87.5204506698686,2368.86639115474,88099.8539870339,19.5764588887742
1.90758940126224,31.289474292233,0.195515081698049,3.29674775827727,23.2256483822598,6.88063360223572,4.72923656956012,1250.6068704733,186.762572988663,1179.62089234141,253.018659393132,88.0592988613183,2379.96449428303,87163.2695025915,19.5809685179261
1.94825306287935,31.2962821304656,0.192947241403278,2.94354555161971,23.4953965207257,6.92234625678354,4.70509176239328,1257.79593498275,185.739003018073,1187.0571384155,252.943979840822,88.619578417112,2391.78562887642,86417.1300208415,19.5855002711632
1.99786260560256,31.2997242344593,0.190317257756042,2.61171150766023,23.7766483133902,6.94177712841236,4.68365838651397,1264.44969414411,184.542657890525,1194.00980277278,252.718117055126,89.1321266224221,2402.50305152077,85781.9222377841,19.5900529781713
2.05804851576692,31.2940970290484,0.187618733012788,2.30704768928264,24.0557258429118,6.9374213209288,4.66591332328201,1270.06478076957,183.098891775133,1199.99243186104,252.23314438029,89.5610482040165,2411.14467061224,85212.8009822419,19.5946255256466
2.1287140006866,31.2762466863278,0.184850102680695,2.03236035451731,24.3260884219969,6.90794383366425,4.65240351721497,1274.62199709418,181.397310604197,1204.97917412525,251.482519503929,89.904729597445,2417.65953132485,84758.4419847962,19.5992188323274
2.20826587079376,31.2450908575211,0.182028195843386,1.789385460799,24.5844802542963,6.85142885454145,4.64357714776928,1278.25518186473,179.463371571302,1209.08956970081,250.497657443375,90.1722407635318,2422.30269243494,84500.2574416154,19.6038352354072
2.29529090060938,31.1982769202261,0.179161683563872,1.57740411196228,24.825822193773,6.76707082169823,4.63983453694826,1280.95294000521,177.309060510607,1212.30586391488,249.286804378568,90.3627670135936,2425.0627376828,84345.2968997805,19.6084726369149
2.38915528187584,31.1323736221882,0.176247677152329,1.39263219799497,25.0451769731133,6.65595947798477,4.64129752298949,1282.69393655278,174.936109925911,1214.60304095083,247.856955098036,90.475413636969,2425.90569352418,84232.9411218112,19.6131289439561
2.49005064431404,31.0457953784839,0.17327026724165,1.22979100707307,25.2415776496489,6.52085823689625,4.64761904068462,1283.6508985989,172.36412974865,1216.1429530531,246.249591011753,90.5233721588217,2425.15953770781,84049.2280950691,19.6178003126163
2.59893947049962,30.9415377527843,0.170208476071345,1.0835345981956,25.4207734160828,6.36582907827809,4.6578832232092,1284.2686811672,169.643594227288,1217.34701174328,244.554499508211,90.5390463570057,2423.66136515378,83655.2921889562,19.6224814090638
2.71509993699263,30.8283725572398,0.167061892782848,0.951174591905442,25.5958848513841,6.19377540757165,4.67092098482232,1285.22253462784,166.855414451398,1218.85323147214,242.903836752976,90.5704184851281,2422.67993031378,83188.6163783508,19.627174474998
2.83544814917492,30.7164182209083,0.163852420142652,0.833123676482359,25.7790178926543,6.00631891743653,4.68580905049278,1286.97013373993,164.068295186936,1221.09024059265,241.387483873128,90.6495601909664,2423.08186797639,82738.7233271251,19.6318817094963
2.95620711256495,30.6118748190115,0.160616979140234,0.730347103923615,25.9742360763707,5.80551378287954,4.70202610280326,1289.46786678751,161.303587253361,1224.01082482958,239.999427548661,90.7733941117215,2424.80121171161,82323.5247230841,19.6366034724191
3.07445713303945,30.5159796018781,0.157388904033485,0.642406965207624,26.1789021622084,5.5942524817538,4.71931446451738,1292.36289646467,158.546379440225,1227.27761573489,238.674940225816,90.9176624671372,2427.19522046422,81935.3231014016,19.641339102562
3.18888876046621,30.4267118969813,0.154187599392675,0.567338042713979,26.388188174918,5.3754665760357,4.7375337087416,1295.29291982234,155.77285444239,1230.54952379983,237.347557814277,91.0579797346618,2429.60286234538,81577.0191087579,19.6460882929942
3.29942099469337,30.3410941922257,0.151019893172466,0.502762922601264,26.5978844166919,5.15142705965508,4.75660026378473,1298.02696044588,152.966992626565,1233.61276002579,235.975388522243,91.1793042674506,2431.60616929984,81249.89578635,19.650850774984
3.40619483826507,30.2568730925608,0.147887495436454,0.446771693179828,26.8051300201784,4.9237994197024,4.7764391483961,1300.4660645738,150.124409031173,1236.37730328953,234.541050000107,91.2756173004305,2433.03009108083,80951.8686388548,19.6556261400414
3.50879826591917,30.173651385831,0.144793943964906,0.398185441313977,27.0082778688503,4.69407121000006,4.7969316115839,1302.59940333514,147.251688820479,1238.83364482897,233.043755846463,91.3467996131024,2433.86224385864,80679.5074534384,19.6604138740654
3.60586907465774,30.0937198780904,0.14174858845658,0.356474602472079,27.2065667132371,4.46399581542463,4.81787083741813,1304.46077411534,144.365420206558,1241.0123920872,231.491830598279,91.3957618968661,2434.17581791345,80429.7049735888,19.6652134380909
3.69570272685164,30.0207809417861,0.138763492852291,0.321193253225858,27.3997601022325,4.23565863091849,4.83897220079283,1306.09737544064,141.486172002827,1242.95617093858,229.896711780246,91.4263859063507,2434.07068641069,80199.7064084509,19.6700242806094
3.77693343286789,29.9575571640123,0.135849521386573,0.291735478091062,27.5876693342881,4.01092589870498,4.85997791083567,1307.54579541238,138.63041690435,1244.69777051995,228.267880519629,91.4417802216715,2433.62489115118,80024.2529357934,19.6748487278246
3.84795243492388,29.9042425043177,0.133016650913938,0.267811912715258,27.7686670253796,3.7912677833624,4.88076627318577,1308.76987417713,135.803916085901,1246.2013926802,226.601653177463,91.4399097305503,2432.77909162643,79969.1990533365,19.6796925118449
3.90688630606133,29.8582116244121,0.130269947512897,0.249633002672236,27.9379985656744,3.57880277467621,4.90129772808715,1309.59919763115,132.997924447899,1247.3050032242,224.870003784818,91.4095420366533,2431.22490433001,79989.6221457894,19.6845529424708
3.95258670431533,29.8156872169952,0.127608846302576,0.23711748673944,28.0902023008114,3.37636376744235,4.92146405470172,1309.85915962429,130.199685906307,1247.8448395498,223.043276229169,91.3394509882831,2428.64524748545,80039.7639960169,19.6894254377217
3.98421157320992,29.7737421960841,0.125038326718281,0.230001482205404,28.2221352024113,3.18606340846616,4.94112247058384,1309.50388643112,127.405561397006,1247.78064265196,221.114983983877,91.2274089153306,2424.96053147535,80212.7813730023,19.6943159230257
3.99556475298637,29.7307662355319,0.122597442788344,0.230621613035924,28.3297524847386,3.0099069628088,4.96020205759187,1308.44912556126,124.621766808181,1247.03395456714,219.08072504376,91.0686958862886,2420.03411784157,80727.1372515805,19.699238134626
3.97041378055663,29.6864841914261,0.120349075073613,0.246466441020038,28.4019386965065,2.85534499578821,4.97827402599826,1306.21898258464,121.852994292949,1245.1516508795,216.889984655601,90.8329808100392,2413.04371426549,81463.8431470302,19.7041777188973
3.89097840604776,29.6426979764811,0.118360846857352,0.286258900473064,28.4257958223689,2.73642422989428,4.9940789018111,1302.22772408294,119.109588534102,1241.5766135252,214.491444265901,90.4843999804418,2402.98905151054,82283.1510533366,19.7091207509425
3.75196660186658,29.6030023677551,0.116696530295718,0.357100590737082,28.3958984089385,2.66596082905221,5.00612203020986,1296.46117640633,116.431889189372,1236.29570228575,211.931000916615,90.0265525263498,2389.90862996263,83105.491185937,19.7140625581791
3.5533715081635,29.5722748344859,0.115479555659943,0.472376755560749,28.3180482253233,2.65069932302789,5.01318391144111,1289.61920113502,113.895237154498,1229.97105932588,209.382020774425,89.5104763451175,2375.13478690712,83883.9671841603,19.7190025288265
3.28284910760626,29.557692902104,0.114892558314174,0.668023281870827,28.2089816209668,2.69582180862513,5.01375295603609,1282.62723052919,111.591855033791,1223.46765368114,207.110139543811,89.0015528548173,2360.43396445723,84644.1664800445,19.7239426614864
0.0252220254681128,29.5670961237488,0.172262406219147,1.22438683109106,28.1955717701016,2.47312565555352,5.04645337027185,1276.01236127845,109.590704436318,1217.26642026106,205.557588328183,88.4986450315109,2346.95409079034,85405.5379637757,19.7288840206315
1.03508588338118e-09,29.6153259060376,0.309848498450932,2.98036372082348,28.6903793600354,0.864680635370074,5.24352684689685,1271.61463414338,108.199124481335,1213.02464383817,206.601970546313,88.0003669759873,2338.93649533094,95695.5629789738,19.7337984066211
6.26931767836096e-10,29.7004795719599,0.872787748628821,4.56813928827788,28.7096414538751,0.131254580348124,5.35011287150176,1268.25069682485,107.134063476566,1209.56767130685,208.18157996381,87.6396289829928,2333.0968295347,97530.6549993017,19.7387645199667
2.02348567373042e-10,29.7882188553724,4.36127118244075,6.15207376462347,28.2137760664442,0.00473823731131738,5.40135169316217,1260.27824927126,106.588261843856,1201.47119947193,207.930061984311,86.9935573502799,2318.62428911084,99712.3494535592,19.743730324616
5.29046211457796e-11,29.8454151601734,10.3097689604056,7.81996378417965,27.5142815802348,0.00147698600095974,5.44316277736986,1252.21983380279,107.544647197949,1193.17568112328,205.925501844905,86.3313992833747,2303.96483749885,101938.719741404,19.7486906971226
1.89720007405431e-12,29.8577103532267,17.0768556717847,9.5910350246289,26.6933333458619,0.00116328756376844,5.49027325243782,1243.0402683662,110.11215420616,1183.66371382858,203.324392824848,85.5670016897383,2288.11672867957,103910.899819958,19.753644527525
2.14498943910729e-14,29.8350387650475,23.7820644362654,11.3887576312596,25.7975992892489,0.000902316812463954,5.54192094227502,1233.2335085741,114.011982194578,1173.40347213215,200.894801130876,84.7347931323217,2272.1587130579,105369.363851896,19.7585919982424
9.30594167599037e-17,29.8076161281377,30.0128424874981,13.0819186807739,24.8936903682818,0.000631805836273462,5.59438942733939,1224.97354347914,118.773103354529,1164.51597662412,199.080567395177,83.9934190473241,2259.70284404188,106570.949241052,19.763536498034
2.90185219934094e-19,29.803017235494,35.6591793913933,14.5729897311407,24.0242379332281,0.000377301555003324,5.64489533096177,1219.57635539639,123.997965377136,1158.29990954707,197.928077537184,83.4416959252351,2252.73384171994,107609.982039376,19.7684789405713
2.96197553061942e-22,29.8291323447204,40.7447168174923,15.8363524198563,23.205216134487,0.000188920935057821,5.69237465116652,1216.69576680824,129.460912789746,1154.44252771932,197.231872303359,83.0593926872819,2250.39765550311,108009.993906681,19.7734163099347
5.21065623731826e-26,29.873704856476,45.2767773672191,16.8773629245914,22.4569542287853,8.11700733827066e-05,5.73584155971918,1215.8015641076,134.923062198559,1152.4623567358,196.881917820823,82.8142378239672,2251.58559822486,107376.017481772,19.778345891508
6.59303361267242e-30,29.9126562393006,49.2692065523581,17.7090735718787,21.8103663509587,3.14849034627185e-05,5.77381111746358,1218.11651488314,140.139909130277,1153.57004114394,197.126214485848,82.7974285648585,2258.36131378074,106414.717577278,19.783271037037
-1.62325090776337e-29,29.9286283051274,52.8131029701421,18.3623220170849,21.2743347402787,1.1604097566031e-05,5.80588843141084,1223.47682552168,144.929176011776,1157.63480227563,197.940446933162,83.0009620125434,2270.32491909955,105369.806444695,19.7881925821207
-2.08230466096806e-29,29.9191563393361,56.0496645726796,18.8741408921117,20.8319921613753,3.86557799597714e-06,5.83293721712456,1230.35260697318,149.24453376472,1163.19531146891,199.004277904882,83.3178547946431,2284.67941295735,104354.100880605,19.7931106865175
-1.48384424656398e-29,29.8939035855004,59.1078414955867,19.2749523986281,20.457918932665,1.10614848549681e-06,5.85623765994174,1237.30067408224,153.127499015265,1168.86841017995,200.004807809725,83.6463045262631,2298.83873640298,103452.027106256,19.7980255367492
-1.00554105372338e-29,29.8701912022752,62.0761227503196,19.5877934437401,20.1291282842691,2.85060848265032e-07,5.87697814609095,1243.47615933009,156.629619649002,1173.85408096922,200.780873387966,83.927953416457,2311.33259517068,102589.29714607,19.8029360442922
-7.77979029129665e-30,29.8617290774061,65.0018856746243,19.8295400102279,19.8305066004585,7.04347573443016e-08,5.89596934004029,1248.72675974866,159.778585285535,1178.01856488538,201.339006086016,84.1535147821228,2321.94175565774,101753.348650675,19.8078414972293
-6.94688974187179e-30,29.8718642510497,67.9060366941937,20.0138276675685,19.5539721998934,1.7202477347089e-08,5.91366601762744,1253.32568439934,162.582795988481,1181.62705544839,201.772076207732,84.3424500646628,2331.19137903673,100927.497750997,19.812741113122
-6.57610106438897e-30,29.8953003455447,70.7998538114392,20.1537812320344,19.2953245148771,4.19681015684838e-09,5.93031786299835,1257.62023291757,165.035517889081,1185.00355140616,202.170538916223,84.5181254710037,2339.70623424623,100094.639556037,19.817634027781
-6.21490429905304e-30,29.9220692202294,73.693248334997,20.2629903056601,19.0520522875128,1.02795092562995e-09,5.94607842462811,1261.86015100287,167.120003928731,1188.36765970361,202.586294323477,84.6961398956223,2347.90552312064,99313.630822302,19.8225203297627
-5.77007349456958e-30,29.9439875964765,76.5940079410351,20.3540934137955,18.8209512270805,2.53558316933524e-10,5.96113430797826,1266.06859517436,168.829465351523,1191.72369050707,203.01977997784,84.876479102126,2355.80564483109,98610.1393230405,19.8273999421185
-5.28443501478314e-30,29.9582728419621,79.5031687235975,20.4362482414995,18.5974287969996,6.31126930667375e-11,5.97574465460338,1270.06914844643,170.179463778526,1194.89631792482,203.434945405229,85.0462076105954,2363.09353659002,98062.5336747595,19.8322737806559
-4.8118882469681e-30,29.9661670688497,82.4058352815999,20.5124594305219,18.3749619734781,1.58700157843889e-11,5.99027174913006,1273.53412294456,171.198510080018,1197.57728857401,203.772815385435,85.182807667027,2369.20937969149,97755.2711535468,19.8371432446139
-4.37983562018997e-30,29.970195630823,85.2639588263313,20.5769775261732,18.1454688991771,4.01740621559017e-12,6.0051611472204,1276.05622708982,171.90367793071,1199.39204287729,203.965154081481,85.2590332457379,2373.45509353931,97574.9426071627,19.8420064050682
0.535587356225407,29.9728415496308,66.2679717441807,20.628967740961,18.1210954594842,0.411200167827051,5.99050444365591,1274.82546348113,171.78107650349,1198.00377042862,219.823892288642,85.2006964696609,2380.63440372735,88239.0528826757,19.8468914509988
0.620827745564468,29.976168440166,41.4178123257203,20.4830373694232,18.1315658968284,1.0858860028082,5.94519967412306,1268.64498203953,171.528431447319,1192.17434201066,238.88274422537,84.8721066899168,2381.64775774076,88003.1825103223,19.8517353919247
0.634467959791725,29.9791244623825,22.732813575283,20.411030609238,18.2154428860263,1.38764270018903,5.93466875203004,1263.63950145152,171.337352867576,1187.53174946098,253.329309127291,84.5729425610914,2381.92470224702,87431.1632684865,19.8565632255566
0.707874193018389,29.981037872906,6.42864529964874,20.1771679603454,18.4452837932882,1.60805558396132,5.91976943951629,1262.51654705471,171.152855542242,1186.76188897818,266.438843411963,84.5512145482903,2388.07953487848,86773.8564258737,19.8613775895265
1.00532632200982,29.9820430259549,1.30016946894784,19.3270328899025,18.7377482974469,2.04982520469055,5.84427505997191,1265.07274280524,170.936160975955,1189.69789307142,270.962762239744,84.8365285324871,2395.45626000867,86154.8113942909,19.8661801081172
1.17580552856967,29.9825392696891,0.654462213818166,18.2014693286568,19.1603206580339,2.53252225988984,5.74408885447137,1269.74844068622,170.656912651486,1194.77980486464,272.588044227955,85.3042241170071,2404.74719419492,85654.8191750501,19.8709722335824
1.29593804104227,29.982876715219,0.362369577602682,17.085235698543,19.6883701069967,2.93016853057973,5.64802876310728,1274.88534927896,170.284733212517,1200.40113189056,274.435015857438,85.8161111598212,2414.97600793991,85350.4595909507,19.8757558748993
1.36691501046065,29.9833377148692,0.23334540221016,16.0505686885606,20.2376105529953,3.26735304344144,5.55897361477152,1279.27241905772,169.7881792791,1205.39166335421,276.21799311163,86.2812780975035,2423.89586551121,85142.3145651585,19.8805288647006
1.38866526934001,29.9841145202755,0.200348108279373,15.1367131885318,20.7405806118563,3.58269167396851,5.47631018066009,1282.37528673203,169.145680337318,1209.2316470264,277.701513679105,86.6588616350196,2430.4403105723,84969.1920226315,19.885289223388
1.39276335849338,29.9851614829496,0.191937211682996,14.3526892503752,21.1904713588421,3.88163856538057,5.3999160615964,1284.2740407487,168.365144550657,1211.97899551279,278.855283753825,86.9538851713622,2434.71446395779,84925.5674510982,19.8900387965193
1.39472595154172,29.9852833183215,0.187700183358015,13.6919969919711,21.6043934028121,4.15633513165879,5.32976485319717,1285.17179036703,167.494136156333,1213.79972878277,279.723612756405,87.1809460007887,2437.09686517918,85170.8673710689,19.8947811966292
1.39680712978354,29.9806535681249,0.185216436639826,13.1578791748141,21.9868994398087,4.40382243517723,5.26591781947196,1284.96052971063,166.613886823958,1214.55953053262,280.318606013431,87.3307340444062,2437.44442243762,85548.66973522,19.8995117090168
1.39988893177632,29.9662063233458,0.183670138213678,12.7604304751152,22.3369229292157,4.62305439536651,5.20856441439292,1283.47322159498,165.805397011802,1214.06922174668,280.636191746025,87.3884861899783,2435.50512873509,85953.9580358431,19.9042266939595
1.40349573283035,29.9386247803513,0.18270376079632,12.505311565896,22.6541109969649,4.81305902923369,5.15786124177832,1280.8600735011,165.13444387891,1212.4543123496,280.713121557106,87.3618023934658,2431.58368002893,86580.1180613023,19.9089291524952
1.40655883590948,29.8975953648091,0.182174584970859,12.3921686493409,22.9324690151636,4.97136159232495,5.11444479422953,1277.26883984346,164.661793328622,1209.86435491833,280.563514521423,87.2593605732399,2425.98834595111,87748.6633477333,19.9136229572981
1.41055834867018,29.8457088738548,0.181874673459612,12.4074026592498,23.1502761472761,5.09966398547296,5.07914663716227,1272.11225943343,164.400351634747,1205.79402523733,280.006272000636,87.0414763716635,2417.68526832039,89159.9125077142,19.9182998335065
1.41820150649258,29.7872040328867,0.181761935593976,12.5204299925592,23.2828361872912,5.20547790384337,5.05210268021764,1264.55796410473,164.294367572194,1199.52683994628,278.780692937989,86.6534252112817,2405.15241011356,90621.8208508185,19.9229557670749
1.43022125719871,29.7260521999427,0.181946011127869,12.6981526407136,23.3209008853324,5.2962036022965,5.03265613166357,1254.77218933088,164.320925039396,1191.26809405785,276.867197962255,86.1089756961117,2388.68414615789,92085.2452237068,19.9275902123441
1.44441178230216,29.6673487348943,0.182530765078929,12.9163912646597,23.273159610273,5.37482360969497,5.01985600746879,1244.10203369984,164.549953586514,1182.28894223607,274.553209296052,85.5014585016992,2370.75315805093,93535.6380196094,19.9322031877443
1.45797861670129,29.6213548223263,0.183540020312229,13.1569812880211,23.1575396654892,5.43990443788693,5.01291814181504,1233.82119605225,165.041261697132,1173.73395790608,272.159442831358,84.9170653244417,2353.66833119234,94966.7750339651,19.9367946692755
1.47018379920217,29.5992297377496,0.184927085797141,13.4056666859604,22.9912806784211,5.48906741479222,5.01124500761028,1224.15652187451,165.759887834394,1165.7411873842,269.804921654425,84.3691620985272,2337.78258630564,96357.7594348643,19.9413644213292
1.48201581331889,29.6057663440496,0.18654048224611,13.6501383130957,22.7883925748654,5.52353042324029,5.01388335244861,1214.92789709019,166.64319578414,1158.09743387794,267.507675212586,83.8444671181079,2322.71948024665,97475.7531258196,19.9459109863462
1.49322147721376,29.6378963918654,0.188337454079141,13.8750872664142,22.5678672061153,5.54941015085781,5.01884368199675,1206.70309136722,167.690131162931,1151.33345370052,265.405663792567,83.3833869695092,2309.50479823591,98098.9545384889,19.9504332578882
1.50106552913084,29.6876532902742,0.190197720853845,14.0681172741763,22.3579476298733,5.57106274635751,5.02377877323459,1200.62788303913,168.951705765896,1146.5315736273,263.714117577898,83.0665892248921,2300.21987878766,98489.686174142,19.9549325353268
1.50415625158423,29.7477597327533,0.191848858601645,14.2240715723073,22.1808813008145,5.58944521433448,5.02715604800262,1197.08631446171,170.432201092414,1144.04976148732,262.478748900751,82.9214239029734,2295.53280226942,98734.2919921408,19.959408920971
1.50385644917457,29.8143101939371,0.193223281206436,14.3365846403862,22.0431974494435,5.60865264827669,5.02799524612113,1195.43821844522,172.042451046961,1143.28327181164,261.553974570915,82.9045249919769,2294.22153776979,98733.3091388097,19.9638614831035
1.50209472320531,29.8833683307372,0.194219579606294,14.3859460287072,21.9454458519732,5.63638662930131,5.02521407229235,1195.07136349634,173.660873354388,1143.67343114779,260.811806307207,82.9755019889349,2295.11568752756,98409.8351924327,19.9682893303019
1.49911559853551,29.9471563709212,0.194822294996874,14.3391114676802,21.8905170032618,5.67928175666133,5.01774354696612,1195.95205101216,175.18964682757,1145.22944638487,260.241780324568,83.1348076978849,2298.11898150253,97947.3801923312,19.9726927971247
1.49489372385676,29.9987029165311,0.195071113198103,14.1736310172507,21.8796004206491,5.74019469509528,5.005124717666,1198.03609062689,176.562526700204,1147.94112391185,259.830310505039,83.3812331828244,2303.12999900386,97425.9741228408,19.9770717601827
1.49063916403842,30.0362783927544,0.194930199207684,13.8877851979274,21.9111605905499,5.82197603969911,4.98705272875571,1201.06815473492,177.73963564348,1151.57410796576,259.521363105617,83.6978689755547,2309.66585057367,96531.9160157951,19.9814239015486
1.48683539064047,30.0625843344237,0.194343334935069,13.4911309909197,21.9923193606545,5.93074312071124,4.96228011808332,1205.26511919015,178.721017618172,1156.33744708939,259.357362722222,84.1010387114485,2318.11900429489,95011.7686536325,19.9857465347361
1.48087075892531,30.082469716713,0.193384287648005,13.0035622513653,22.1421985259574,6.06953571912982,4.92931732682807,1211.46228313796,179.563833891467,1163.03641124214,259.516224587457,84.6501282053409,2330.04944728297,93404.7795598445,19.9900414416749
1.47130806277793,30.0999545348948,0.192130333018797,12.4513346025371,22.3706694213477,6.23597900293599,4.88795603012912,1219.83019082702,180.302255224951,1171.8373726176,260.043015180496,85.3569214232199,2345.79919511888,91898.4839592484,19.994309206855
1.45913763642828,30.1169713682716,0.190724198515363,11.8585330708177,22.6684656642541,6.42359682285532,4.83964755449969,1229.47723836935,180.905280279765,1181.88056252924,260.763166701968,86.1577159631772,2363.73425485503,90807.8875126986,19.9985524923667
1.44698358431448,30.1360898085188,0.1893562523034,11.2429733171595,23.0083350933397,6.62129538486483,4.78752447929512,1238.82100120729,181.319081492442,1191.63466793334,261.362589846109,86.9395394845033,2380.94828049945,90439.3182795934,20.0027752913807
1.43972455266208,30.1639502816605,0.188143666824364,10.6063205228834,23.348551556294,6.8197896917372,4.73530426219277,1245.95527842568,181.487310674605,1199.25317442524,261.461121970867,87.567409328252,2393.94499872396,90346.3312795213,20.006973604268
1.44076806342935,30.2077663402081,0.187141268312151,9.93753032485342,23.6553318313067,7.01453331934459,4.68559064219185,1249.8978697228,181.398367603501,1203.78276764351,260.865445461562,87.9725154414767,2400.9366476301,90325.0718378692,20.0111447260604
1.45052173891517,30.270036002345,0.186279800862351,9.22838489691775,23.9182225038851,7.20454073232151,4.63914794229137,1251.12035002069,181.104642466277,1205.67676398375,259.675928596399,88.1885800437759,2402.81810833692,90155.2894223253,20.0152857980705
1.46726784943905,30.345941882233,0.185380372241538,8.48130282888174,24.1486043333969,7.39260472507451,4.59493915146476,1251.09596862046,180.673712136094,1206.3621572695,258.188532562668,88.3197172854332,2402.31062310872,89631.9796362636,20.0193939410515
1.48752839856908,30.4237655897141,0.184274740418395,7.71156955228675,24.3706709640415,7.58133250941333,4.55118824720009,1251.6010157789,180.138293585148,1207.56636011032,256.749271914191,88.4908234800608,2402.65762614541,89035.5724959701,20.0234712440684
1.50919839847722,30.4922846300543,0.182861235001852,6.94075921493363,24.6020926081143,7.77015443859862,4.50693899538793,1253.54400751337,179.479124200084,1210.17714062979,255.527635518881,88.7646302747989,2405.48924740827,88491.5609177416,20.0275187300814
1.53325170340274,30.5466635604157,0.181138175348587,6.18664528014087,24.8450610595639,7.95645492724104,4.46244549372455,1256.6577369065,178.649690615366,1213.93783168277,254.466471208123,89.1202691486501,2410.28422234549,87949.7086301049,20.0315354104289
1.56227065670563,30.5875920077584,0.179158304305429,5.45931459299592,25.0942565492202,8.13688544242145,4.41852961702292,1260.32982104839,177.627889835383,1218.25080693704,253.448648868853,89.5123145475007,2415.91346052689,87325.8171669288,20.0355195324044
1.59857653790977,30.6179212137367,0.176985804891668,4.76442805634116,25.3463754543431,8.30634150912162,4.37615899480702,1264.23296488272,176.432287700825,1222.78946421687,252.416540891176,89.9150339641293,2421.79147003833,86710.1172376162,20.039471625835
1.64436490887608,30.6404832041397,0.174670343937248,4.10891740509054,25.5994687739823,8.45688182619025,4.33662901359442,1268.23778905592,175.096036522843,1227.41816442139,251.350287015063,90.3159356821107,2427.69991860398,86145.0316406019,20.0433919521789
1.70190011357583,30.6571305848984,0.172254291702692,3.50357588305869,25.8498519854456,8.57780148390441,4.3017274249379,1272.18567647237,173.639395881132,1231.97623169952,250.222673717664,90.6998565353549,2433.35935458418,85672.7829423285,20.0472809802808
1.77301986417753,30.6669672015513,0.16977270354155,2.96112040894963,26.0917171423876,8.6567842486219,4.27358437362501,1275.84127419253,172.061518761418,1236.23233876662,248.99192867579,91.0461455120912,2438.33920289944,85339.0284114261,20.051139472394
1.85881925334196,30.6640991664776,0.167239993627986,2.49055239512303,26.3181773239554,8.68354830342865,4.25408202623465,1278.92559728228,170.3383955714,1239.91536773631,247.609659796742,91.3320329297181,2442.11684681163,85077.4820932495,20.0549661018548
1.9589968989684,30.6407880790768,0.164657204996621,2.09347186148244,26.525024211032,8.65317746998993,4.24415590579546,1281.29340237585,168.445583004478,1242.88461276855,246.055062007136,91.5459489351637,2444.41456944368,84847.2545343107,20.0587596695545
2.07175501634273,30.5928819996736,0.162019971370018,1.76470351810294,26.7129751741186,8.56712610719733,4.24352696191925,1283.03357612239,166.382325156724,1245.22558966808,244.352733341155,91.6946493019293,2445.39690915834,84596.4756292471,20.0625186467659
2.19412882736936,30.5231309842304,0.159323388577859,1.49574784012578,26.8873641239922,8.43241464697226,4.2508452221548,1284.42251980107,164.172038745866,1247.20511477048,242.56195193775,91.7995885089869,2445.58561322133,84267.6659270149,20.0662411933917
2.32104012138882,30.4420869661968,0.15657067577272,1.27938832977198,27.0566999520191,8.25922540721041,4.26412268981478,1285.82651833482,161.851002341701,1249.17771227038,240.757278438205,91.8895383646935,2445.67477087562,83917.7477685545,20.0699278329508
2.44563235774687,30.3625471735142,0.153774517008077,1.10927528036587,27.228184570196,8.05903202929437,4.28126509204256,1287.48508561924,159.44984224785,1251.37491618557,238.987171942481,91.9846484822404,2446.1241807644,83583.5994020172,20.0735790112831
2.56154179146434,30.2927275677557,0.150960504464583,0.977905333342877,27.4041658812641,7.84232997095286,4.30060543874264,1289.37921090581,156.982358767037,1253.77633528561,237.250244253189,92.0864073372739,2446.9119474873,83367.8488967524,20.0771970562506
2.66506560241074,30.2343757690395,0.148163569267675,0.876760608031662,27.5796585401655,7.61601336667231,4.32142742504771,1291.18668595232,154.4412122441,1256.06462306731,235.490160277674,92.1738428288848,2447.45043992934,83414.0926324194,20.0807857589805
2.7588403603175,30.1847975673778,0.14540098055498,0.795476175647176,27.741204408482,7.38338466360896,4.3440392198415,1292.29774405842,151.792453715924,1257.63978929319,233.601304574992,92.2045686207523,2446.61125953877,83596.3602240586,20.0843416622264
2.8506797014975,30.1401798743899,0.142666924261713,0.724136153583151,27.8749848743946,7.14460824696342,4.36923050011081,1292.21732294391,149.000950380763,1258.01392988935,231.50128498654,92.1436804788052,2443.47347915253,83820.5838908865,20.0878614642379
2.94843197160551,30.0978372323569,0.139932894774614,0.656238705974973,27.9754830200553,6.89869993537293,4.39747081008339,1290.95379139154,146.066425362152,1257.19330776701,229.196719710865,91.9919569252758,2438.05353522934,83945.7480245646,20.0913413145929
3.05706513185728,30.0564828407477,0.137163234595677,0.588907004874798,28.0494485927127,6.64589517111581,4.42833361199915,1289.09536183178,143.039347734419,1255.75489385649,226.792636252457,91.7917439892012,2431.45477175075,83802.8871318223,20.0947770767364
3.17540545799296,30.0151331448023,0.134350530576865,0.522958938961621,28.115034263822,6.38696630556555,4.46064169778733,1287.64445265387,140.018382502601,1254.6847128566,224.462576185144,91.6150043982881,2425.56599540839,83547.0094898116,20.0981714666275
3.29752324699111,29.9725491779582,0.131514524303649,0.461110112007901,28.189612065111,6.12289469701793,4.49323379420122,1287.38501886186,137.094858865868,1254.75538720631,222.33917545924,91.5180793471364,2421.8745228817,83282.0901176984,20.101526564163
3.41730997543724,29.9278180047948,0.128689806768523,0.405754559626708,28.2796649184085,5.85522098402007,4.52551507966916,1288.25888435805,134.283613099476,1255.91320794263,220.409456077208,91.4973233250232,2420.28804685329,83069.9613113977,20.1048436641947
3.52981983226602,29.8817054809368,0.125910372124616,0.358342146328109,28.380775526723,5.58608432758629,4.55745004879535,1289.69328346565,131.550096929458,1257.59887022033,218.574699485211,91.512564961512,2419.74851186971,82964.6470041608,20.1081240012185
3.63153391975704,29.8381883565344,0.123200259175896,0.319426811164374,28.4824137224528,5.31852552212835,4.58922960683429,1291.0362613639,128.851857871038,1259.17770600855,216.724659324862,91.5183532823354,2419.05253652902,82915.4143760974,20.1113661292438
3.72058292883589,29.8029535052974,0.120571296013587,0.288541008644819,28.574924936474,5.0559920370631,4.62092679451893,1291.8672904482,126.163590598343,1260.24386767015,214.789434186945,91.4859706678185,2417.42992442579,82884.0408585722,20.1145685981201
3.7959028581121,29.7802448503403,0.118030935633797,0.264781998220571,28.6535004522861,4.80092804797581,4.65246733356489,1292.09747280893,123.483668173488,1260.71445415911,212.756760151662,91.4101214534933,2414.72547043356,82936.6484171771,20.1177325811687
3.85345202263519,29.7721161525959,0.115598538164852,0.248914667043655,28.7151546261453,4.55490669604988,4.68379957157892,1291.72577392055,120.819087005827,1260.58781778528,210.637550066901,91.2916412891032,2410.94945173452,83198.0621107764,20.120860623297
3.88341390164651,29.780463051644,0.113292351643599,0.24452448100297,28.7542489159498,4.32201209887401,4.71468730882528,1290.54357115351,118.167345216637,1259.65418162891,208.427326052209,91.1174680243764,2405.73887788664,83562.9996823768,20.1239494192547
3.87597349822805,29.8077346390141,0.1111248027465,0.254658308502479,28.7662253317287,4.1095697336197,4.74436876097493,1288.3438035965,115.5274637184,1257.70434737674,206.132272430862,90.8756877426502,2398.74102914077,83947.7533568838,20.1269962028693
3.82676763682102,29.8554935891107,0.109126534830242,0.281480564335159,28.7513029727647,3.92398222472521,4.77192368878552,1285.19231806949,112.915468133993,1254.79869597564,203.797613406538,90.5734996671354,2390.10567901564,84453.1371374586,20.130002215106
3.71712740918958,29.9224628669223,0.107414429692263,0.338909804985129,28.7106992285498,3.77331271584608,4.7961707114185,1281.27129056644,110.365695868126,1251.11623764057,201.507656716804,90.2269127598197,2380.22247789243,85277.4399569763,20.1329696839886
3.49180386008919,30.0026104185954,0.106151331594671,0.47041854764811,28.6438429648417,3.68157385816029,4.81387384828659,1276.45791572585,107.917528079997,1246.5444081304,199.383760823797,89.8352161073024,2368.9988205647,86252.9074833787,20.1358943697933
0.0471505603479624,30.0870633019723,0.14502325690863,0.904647349275988,28.6427464034324,3.4255087026866,4.85079064416462,1270.3660113721,105.600026642647,1240.72711203444,197.713319359398,89.3558083006063,2355.97799614611,87256.1477633344,20.1387738661598
5.86982862850104e-10,30.1766481985314,0.227961319015922,2.54311668946752,29.239337433174,1.72360082531307,5.05376581394755,1265.30362731154,103.73034200414,1235.94439282141,198.351841863509,88.8186156119954,2346.33708152828,97525.1520959312,20.1415908717651
4.02381746118933e-10,30.2604526733727,0.31272384404405,4.11384676500673,29.5307157973076,0.697588193605652,5.18316678494869,1262.13139511449,102.254770483715,1232.92144170577,199.4733063848,88.4610289096519,2340.45613716526,98675.1741669961,20.1443819543523
1.42386685076471e-10,30.3501085183414,0.960432901301786,5.72040234215083,29.4951202588147,0.106204223973128,5.27371463899088,1256.43822061349,101.441871684191,1227.22685281903,200.912139946113,87.9559578097261,2330.81701623142,99856.9993214273,20.1471272630746
2.36672333899189e-11,30.4613251095962,4.88369968978415,7.29179340122292,28.9417741868729,0.0044122381601881,5.32509727903197,1252.7011551417,102.226424555631,1223.11793848357,201.349026312865,87.5941811214474,2324.80855203114,101022.385706192,20.149826377901
8.16524569366602e-13,30.6012018701559,10.9958494376655,8.81467128324335,28.2325426565674,0.00213317850795344,5.36841920282574,1249.39071928986,104.66226930734,1219.20737402679,200.280648938283,87.2365316650667,2319.63736269258,101878.643814902,20.1524776511604
1.04061161300213e-14,30.7625385962821,17.520584799037,10.2874180751579,27.4979948665687,0.00164715137817576,5.41225934091471,1245.93509903876,108.398811186251,1214.97399034535,198.984854667626,86.8430364078016,2314.87018234548,102116.292116191,20.1550797798087
8.17472940206384e-17,30.9263547700634,23.7550808798419,11.6502845056691,26.7933400827,0.00123799743205966,5.45451672643307,1243.87927234796,112.932829828371,1212.02406179128,198.183732558394,86.5344426776609,2313.28728002978,102108.802325203,20.1576349181572
4.00694931051961e-19,31.0763083908138,29.519893195033,12.8546748579339,26.1506334098574,0.000857958812439112,5.49319880252479,1244.13172805842,117.854560077293,1211.33690667363,197.994680731601,86.3851751425589,2316.28841251454,102010.292736541,20.1601437541054
-3.1345914808869e-21,31.2065814821135,34.9043967890564,13.8959081246395,25.572556675102,0.000527204692461356,5.52785842902278,1246.0912196502,122.961696006877,1212.35240001135,198.144654600642,86.3567236668834,2322.56465859476,101761.46490568,20.1626057185836
1.58793703361179e-25,31.3161511725304,40.0152157691011,14.7922422675395,25.05188116352,0.000270742142002343,5.5588446050731,1248.86182733866,128.126201463679,1214.18191610378,198.372929828996,86.3869351208199,2330.33006893342,101286.55441924,20.1650200683274
-6.44271189949149e-23,31.4015716923288,44.8554568033907,15.5635208968689,24.5846700460246,0.000112089348873752,5.58657549685104,1252.16021517429,133.143493522511,1216.53378072087,198.637427957534,86.4585875366434,2338.91380830911,100712.313149385,20.1673871011826
-7.52108457110515e-22,31.4595672490032,49.3458131443509,16.2298279223559,24.1672480393762,4.00757033291336e-05,5.6116101438,1255.90599738695,137.82926846804,1219.32071515687,199.015888776427,86.5690432941144,2348.08280440412,100102.394901066,20.1697068600366
-1.55321173818349e-21,31.4908198069172,53.4275669573633,16.8108713165866,23.7926650521898,1.37263684685066e-05,5.63463018688183,1259.90515455629,142.132237819409,1222.34785087084,199.550942310549,86.7053188233669,2357.49036876072,99529.2203242925,20.1719794915814
-1.92128623664085e-21,31.4982053768275,57.1468124621749,17.3219530091817,23.450797853325,4.59515003609289e-06,5.65623849119862,1263.85695766303,146.092367215455,1225.32140773459,200.164701982345,86.8446733786828,2366.60723372805,99061.2478998787,20.1742052095227
-1.89714903286679e-21,31.4833063474966,60.6265180144807,17.7719888250063,23.1300110590778,1.3741804582484e-06,5.67692195467025,1267.43780529366,149.746297643812,1227.93209233261,200.705283526048,86.9621301274274,2374.82392362753,98639.0097195479,20.176383437443
-1.69860890883354e-21,31.4468379594582,63.9799129935569,18.1654718793784,22.8215681497666,3.65702978257551e-07,5.69698424902452,1270.52282155521,153.100931288459,1230.06830740652,201.075846842003,87.0474856407029,2381.8833259307,98240.6572638224,20.1785137661655
-1.48215733452941e-21,31.3908514382091,67.2696990192462,18.5073544366786,22.5210185229675,9.18169963076791e-08,5.71656679044629,1273.20990142058,156.159288186556,1231.83431705652,201.28293946179,87.1072072271976,2387.96534396413,97886.1678071174,20.1805960813458
-1.3076079236788e-21,31.3210154490369,70.5157355312509,18.8076960960479,22.2256903011552,2.26006901225569e-08,5.73578851900718,1275.61297072424,158.929928506338,1233.34978642089,201.382994076474,87.1496429497133,2393.31170284042,97601.3610385346,20.1826303423312
-1.17722406636662e-21,31.2480557634908,73.7121551150173,19.0827604327856,21.9327244393112,5.53039256746823e-09,5.75481835954371,1277.73436618217,161.414633346,1234.63141551491,201.422390623193,87.1759682865302,2397.96951629105,97367.5407672216,20.1846161979881
-1.07518455456066e-21,31.1824374336019,76.8451599544471,19.3476163609986,21.6397112559411,1.35057190016559e-09,5.77380756350258,1279.54002331858,163.611355371947,1235.66015547462,201.425564801199,87.1848469996728,2401.90788591449,97175.127165348,20.1865533360857
-9.87596715572505e-22,31.1289681880079,79.9060433423195,19.6096273225817,21.3455165483113,3.29464023430525e-10,5.79282973659624,1281.03986164953,165.525469056493,1236.45008918918,201.404201736584,87.177392369423,2405.15906859041,97003.4783952803,20.1884413663094
-9.07356868338557e-22,31.0878144620361,82.8941890044515,19.8676711752696,21.0505370708918,8.02883590483118e-11,5.81186536008961,1282.30669613173,167.163290663159,1237.06376105457,201.367126211673,87.1583036446097,2407.84866168777,96828.1117775221,20.1902798685211
-8.32345194617825e-22,31.0584205639848,85.8139438698675,20.1144094905581,20.7564101649039,1.95613001991242e-11,5.83082080957516,1283.45812848369,168.520344355457,1237.5954619351,201.325145133534,87.1346683492674,2410.15989365391,96673.7505405852,20.1920687803535
0.487281853117321,31.0414578859408,66.285540089548,20.3618769728766,20.7031500944002,0.398133899031614,5.82139416011436,1282.14837925168,169.067501042908,1236.01415104937,217.721948720578,87.0596746985986,2417.9168716303,87328.049174638,20.1938193041586
0.553023209953688,31.0320650586891,40.4474385298688,20.4592839448369,20.7206217969359,1.03681189557133,5.78349848266731,1276.97304595507,169.621328514484,1230.87728690788,237.919230175894,86.7788456986516,2421.64868376762,87242.3499179409,20.1955083170795
0.565823553853036,31.0279963585737,21.3667732884005,20.63315915455,20.79808611104,1.31216435234393,5.77875743156469,1272.80320232272,170.21056785086,1226.75931678446,253.01035852161,86.5128095169735,2424.03441574527,87197.6738201243,20.1971471805863
0.646031650549173,31.0249139163559,5.47607798843011,20.5904152699092,20.9909332867311,1.53174807792605,5.76600477948081,1271.16536669506,170.673229001735,1225.25846528324,265.789290770008,86.4345774936938,2429.37788924076,87177.8636794985,20.1987355728253
0.91116137680732,31.0178931874974,1.26568977147144,19.8372022798922,21.210704320164,2.00821078202914,5.68827884011008,1271.45815808409,170.948634482819,1225.81938097512,269.136753295241,86.5503652637451,2432.41284309648,87171.881544091,20.2002732076442
1.0684345196252,31.0043576663493,0.644667874313912,18.7741768748943,21.5526505820644,2.49937601862262,5.59130684354262,1272.6062201906,171.049650916373,1227.32720312973,270.015603306225,86.7623369371268,2435.42179712616,87281.3562213178,20.2017604344157
1.18792228453716,30.9854476541266,0.355745256910279,17.6598050127388,21.9789035005685,2.89687251914447,5.50056151751828,1273.54666221298,170.987648929268,1228.72059701788,270.939545884581,86.9731212786883,2438.07467968182,87644.7294366734,20.2031976985864
1.26399275922352,30.9661883225626,0.227394435627996,16.5816403934816,22.3996659375748,3.2246965595555,5.41945903985464,1273.38829024139,170.739058720998,1229.11191998877,271.689743307119,87.1115383295045,2438.68550579995,88106.0445579062,20.2045838180145
1.29345581588845,30.9528579969843,0.196389406744527,15.5906888799476,22.742150758909,3.52333301003369,5.34755008261254,1271.71971695176,170.260171460971,1228.0902796276,272.061647280602,87.144073528925,2436.38774318672,88574.9984193041,20.205918073159
1.30737169640148,30.9492218287612,0.189209050456599,14.7008913081221,23.0016921347686,3.79973389057394,5.28443120335224,1268.80590464209,169.544836534545,1225.89663571778,272.075763148989,87.0890840443894,2431.62298843761,89034.537226127,20.2072002174656
1.31972646205446,30.9526114972523,0.185822334710703,13.9079098814363,23.2040295926061,4.04900684945846,5.22921828913225,1265.33530046882,168.658722190193,1223.17666868956,271.89612012102,86.9960205910049,2425.68522443396,89486.8369057779,20.2084301195873
1.33080108257849,30.9509600260826,0.18397698266299,13.221975746797,23.3700788871038,4.26847224578888,5.18110082314456,1261.93177260459,167.721931958412,1220.51481362456,271.717797929998,86.9070500448858,2419.81716180731,89927.5015767192,20.2096076302319
1.34011080349089,30.929741199849,0.182858801763769,12.6619864367347,23.5149994902016,4.45515676728845,5.13970148826501,1258.8164051514,166.835593065038,1218.10992861537,271.643435935355,86.8348628150451,2414.51356401006,90353.1069058343,20.2107326086426
1.34751541324174,30.8815646371122,0.182045190431352,12.2355338427787,23.6456767174566,4.608502337852,5.10472416728212,1255.88898850338,166.044203142753,1215.8575400939,271.659387516451,86.7704171087944,2409.62149130241,90894.6489767932,20.2118052563803
1.35346008670285,30.8101254489756,0.181258978358372,11.9260156296911,23.7574279117708,4.73077104499076,5.07602793366084,1252.83633384401,165.360011388532,1213.44405053436,271.656000588198,86.6901325461975,2404.54389049856,91706.8540515253,20.2128256969943
1.35996595636825,30.7301930906809,0.180363159726437,11.6826204576661,23.8338351625818,4.82915286605748,5.05333842853566,1249.09905439806,164.777844301455,1210.30011760549,271.417550580569,86.5524954226989,2398.17442010657,92591.7094316614,20.2137932161058
1.36903238529263,30.6588838279879,0.179477747014737,11.443866933274,23.860604071892,4.91318345600939,5.03591866787373,1244.32605480853,164.288523507232,1206.05582973734,270.768166987841,86.330727465863,2389.77795577657,93450.5116119754,20.214707481614
1.38082395589186,30.6057346875058,0.178742640612786,11.1736045057188,23.8362910375319,4.98886185195932,5.02287540813192,1238.83073767659,163.917835984008,1201.00386064269,269.728700169004,86.0459382131309,2379.90573831389,94319.2371755277,20.2155684671046
1.39400699564545,30.5723785755111,0.17818959742424,10.8699396874762,23.7674606481701,5.05769844025915,5.01355217468334,1233.28181662527,163.741293690495,1195.79670922938,268.447530233157,85.7451943449604,2369.83880872519,95251.7124876285,20.2163761441253
1.40764092291854,30.5583785309696,0.177911302653551,10.5515632019978,23.6595945264078,5.12079188392417,5.00741130990582,1227.97552707467,163.843563936543,1190.72630659233,267.010126001831,85.4496816897235,2360.19782100768,96158.8276229654,20.2171303012129
1.42161710295173,30.5633909040277,0.178060003974537,10.2373264960587,23.5175155071853,5.18006454777177,5.00384072122657,1222.79487221996,164.263667893357,1185.68245576424,265.419723482438,85.1516953757177,2350.81943224763,97002.0770919002,20.2178308278817
1.43620686265761,30.5861841646095,0.178615579085626,9.93301920280712,23.3505901004824,5.23876048682634,5.00180986309565,1217.85124910557,164.999951612367,1180.78352822094,263.739389676814,84.8603148042768,2341.93927282812,97484.4565371917,20.2184774321925
1.45020894268675,30.6251657204212,0.179530328772256,9.63474840578609,23.1819763388007,5.30153365733065,4.9993319689763,1214.07277807662,166.028040110081,1176.95956777138,262.216314538639,84.6439570190689,2335.28807087158,97349.0289127368,20.2190699388593
1.45985079477436,30.6799561898883,0.18072227170176,9.34644233903983,23.0487475027642,5.36704057709052,4.99448029467,1212.76763891108,167.293991565337,1175.5232179182,261.182215913559,84.5988139884563,2333.28192877475,97018.2904956394,20.2196086534563
1.46358681921325,30.7505682724409,0.181803733426815,9.07794358697081,22.97771454404,5.42824555611431,4.98667275146335,1214.0940140495,168.693829880265,1176.65441927732,260.703906555142,84.7384352725556,2336.17687937943,96638.348669548,20.2200936201583
1.46370766034302,30.8353826757958,0.182554125813028,8.82883529486475,22.9730334749408,5.48535464262733,4.97560493273412,1217.17731744688,170.110673892004,1179.5089234111,260.600648905528,85.0022427808924,2342.30111711141,95883.8418956573,20.2205245746942
1.46248179882087,30.928086058887,0.182796434001334,8.58129142390801,23.0353926220388,5.54941080121255,4.95966410283209,1221.65534218901,171.480245539715,1183.7527994123,260.769738497837,85.3668359207206,2350.9493731223,94475.4940034079,20.2209013135706
1.45869782040092,31.0168863210981,0.18259895359303,8.31255707433191,23.1762360270804,5.63101246499916,4.93668461753793,1228.11098587634,172.812365543233,1189.99615916754,261.293739779482,85.8762668466276,2363.20824072538,92938.1143686523,20.2212241081536
1.45151524545851,31.0922063712763,0.182083106825623,8.01129716763156,23.4015227763574,5.73356297713744,4.90582910926586,1236.72257565657,174.115295112594,1198.44194928854,262.184665013532,86.5444409685778,2379.42120352187,91462.0699411647,20.2214930490712
1.44225610891529,31.1515462944736,0.181370422268069,7.67891622409718,23.7021348369532,5.85483048565254,4.86792848255474,1246.72107756582,175.342660859586,1208.33883261572,263.277561977446,87.316359085957,2398.14721691146,90202.7761912535,20.2217082052317
1.43335639988446,31.1972326544436,0.180566503219228,7.32223889721065,24.0573435948564,5.98900302270769,4.82499599090476,1256.88861746178,176.417781412094,1218.47884880436,264.326299351736,88.1042750364836,2417.09393973453,89294.8648025832,20.2218696045377
1.42802519406581,31.2325070801531,0.179703855417184,6.94277101048037,24.4399401071844,6.13120433666042,4.77928567110776,1266.01369526162,177.250913025524,1227.6595681172,265.084391069547,88.8214078740117,2433.96977660075,88547.4314494897,20.2219770830594
1.42854101392955,31.2595530551991,0.178781721625371,6.53724412570114,24.8276073931649,6.27873454872048,4.73246791178198,1273.47932331701,177.782722247141,1235.26808420919,265.422742427568,89.4238143421248,2447.59513824319,87875.0446226708,20.22203055035
1.43524331496728,31.279526848132,0.177804134607014,6.10696284397522,25.2090700496534,6.42797346590796,4.68572577660981,1279.39582990957,178.019034524795,1241.40768534724,265.364374892974,89.9186524750462,2458.17109421997,87371.4739838239,20.2220299622553
1.44754525051188,31.2932181485929,0.176785783864952,5.66227330266079,25.5772937995436,6.57226741861876,4.64044767213621,1284.03477554536,177.99612803523,1246.33957228421,264.974133010398,90.323313527461,2466.21982200022,87170.0677965137,20.2219751843469
1.46572462696874,31.3013738391216,0.175706558270909,5.21682269280897,25.9208050011423,6.70454103222416,4.59834569315863,1287.3550569175,177.714533336355,1250.02218022971,264.256278665226,90.6325536779559,2471.67103338924,87115.473821261,20.2218660710702
1.49037078406178,31.3045648976094,0.174538059923975,4.78104993680451,26.2279444848057,6.81935187544395,4.5609055031608,1289.27871122182,177.150444742354,1252.38218996187,263.203281185624,90.8389506278259,2474.37073573647,87121.8257928301,20.2217025612183
1.5219023347465,31.3031713719506,0.173224778218892,4.36049430837111,26.4941984439528,6.91384675654517,4.52882525650432,1290.03452317671,176.306167836757,1253.64599754826,261.864288837577,90.9575000119438,2474.74041268949,86994.319374095,20.2214847652622
1.56034491163214,31.2978522575593,0.171695842906333,3.95457802861606,26.7274395132462,6.98915479206083,4.50150828385739,1290.34767239059,175.235527355106,1254.52138750974,260.379554788552,91.0391248080449,2474.13575856915,86512.6204661372,20.2212130206611
1.60432193924967,31.2901614164069,0.169953373854539,3.56109202882406,26.9484303815943,7.04647561853557,4.47758182713116,1291.36509005242,174.047160628697,1256.1206667486,258.965185935748,91.1644106861796,2474.70868383247,85934.2091967227,20.2208873015186
1.65280458732106,31.2820085943533,0.168039427653785,3.18300767421643,27.1756695075598,7.08401038325869,4.45623131920327,1293.77196352346,172.836862191039,1259.09831260075,257.750111343579,91.380209847777,2477.75755992069,85394.9092477547,20.2205074989397
1.70628951763885,31.2746889808534,0.166023251358981,2.82819658726257,27.4141579340443,7.09817843349819,4.43769566392426,1297.30363464404,171.626355419036,1263.18094885775,256.688524666732,91.6656361643933,2482.80615946483,84960.7957039146,20.2200734603506
1.76580193988369,31.2688768039674,0.163974910903738,2.50481550915114,27.6572848679837,7.08507207502287,4.4229428544283,1301.2063049473,170.386003322507,1267.62201949102,255.647949467961,91.9655911451154,2488.46129610499,84684.0164681539,20.2195849439205
1.832564513271,31.2653314652878,0.161931246435778,2.21604899418045,27.8929130922936,7.04242664052224,4.41302117686374,1304.69846485106,169.063389662829,1271.65372869467,254.491973560114,92.2241520185186,2493.2696004422,84493.308222456,20.2190419924378
1.90776882286043,31.2648838297215,0.159897009268487,1.95947059036237,28.1109732961935,6.97022373529004,4.40852306671248,1307.32718948726,167.615279894452,1274.83358856131,253.143551593316,92.4097428418158,2496.38337994875,84340.9234019787,20.2184447079618
1.99218327264153,31.2680250726252,0.157857220361506,1.73061912804545,28.3076956171177,6.86980728549298,4.40946686921595,1309.0723719551,166.029210864871,1277.14325302184,251.603683683256,92.521847186833,2497.7617623848,84205.8011098931,20.2177931702601
2.08574507209042,31.2754865174876,0.155788770537744,1.52644762298854,28.4845953632641,6.74325990052681,4.41545159710077,1310.17726541723,164.313015996688,1278.82142273623,249.920162312998,92.5785291035149,2497.85431774158,84075.8550608123,20.2170874564881
2.1867950586438,31.2895354353905,0.153663789944735,1.34678700177985,28.6455561504359,6.59341456240286,4.42582847797294,1310.93760501038,162.46887224378,1280.15837729227,248.148638830346,92.6014637427565,2497.20040409255,83951.629508104,20.2163276082169
2.29205385478953,31.3131636816908,0.151459821103187,1.19222211229677,28.7943857709131,6.42409723534159,4.43980992210745,1311.57109772101,160.490317530689,1281.36784642461,246.329130670138,92.6069066688513,2496.19073730234,83833.5903041247,20.2155136684342
2.39740877478301,31.347813361263,0.149178671810898,1.06213299042494,28.9332925655599,6.23918158748869,4.45669536492058,1312.16818223711,158.375803684171,1282.53678907811,244.478784812932,92.6021631461454,2494.98762482738,83804.4233048621,20.2146452112859
2.49806906307338,31.3895317374711,0.14685180410516,0.955895094866558,29.0598245805576,6.04163941018087,4.47618776350465,1312.59675833276,156.128085835148,1283.52702444105,242.576307236332,92.5785218214667,2493.3482383478,83991.3471718892,20.2137213995982
2.58957561588749,31.4239628949364,0.144512610920629,0.873047417143462,29.164315466867,5.83568372550068,4.49823719548829,1312.43131811887,153.736082664167,1283.89992475151,240.548024541097,92.5064055456427,2490.47691610068,84282.715074735,20.2127427968968
2.66921450046122,31.431436372009,0.142178484667486,0.811194453091933,29.2365622858225,5.62728628870031,4.52257089581912,1311.29666575509,151.183963309719,1283.26148320714,238.328432265953,92.3601535927585,2485.6610610167,84597.9413662033,20.2117100025269
2.73828462547125,31.3984468212696,0.139828891641563,0.764723300102672,29.2739569609799,5.42268940123207,4.54843165393786,1309.25057626314,148.479473409568,1281.65252396125,235.927634594553,92.1451813888349,2478.99780807007,84745.8715605476,20.2106242752954
2.80343101386074,31.3257735082733,0.137415472625056,0.724736826778733,29.2876905842332,5.22653211581413,4.57449377957897,1306.97257590814,145.678836478165,1279.74389454489,233.464862450555,91.9110494462092,2471.76297527271,84489.1278566355,20.2094873812381
2.87153792133017,31.2301290614936,0.134915558417081,0.682905582254723,29.3038157177401,5.03758100953195,4.59941742368939,1305.76264763052,142.90730216552,1278.83532552531,231.171777511549,91.7504214214148,2466.42548371311,84067.2289347701,20.2082984699136
2.94592038559709,31.1329576199999,0.13234373928649,0.636248836521808,29.3460121888307,4.85036190353416,4.62262353521247,1306.41625822718,140.261567230027,1279.73511507284,229.192358576544,91.7192664109056,2464.52350006663,83630.4617584448,20.2070567813903
3.02654635666407,31.0480577887296,0.129741222097321,0.586801769291939,29.4217480861241,4.66082311821244,4.64428716636081,1308.63905345387,137.742799980867,1282.16956564775,227.47818954983,91.7962402009479,2465.5408173792,83218.4308818304,20.205762101843
3.1111999763788,30.9788966204173,0.127146846971103,0.537992013385798,29.5253561048434,4.4682736403121,4.66486728598362,1311.68514065019,135.302611207453,1285.40772134348,225.900966727591,91.9283736754892,2468.09474886001,82835.820986917,20.204414462826
3.19768245854318,30.9221811573698,0.124579289065648,0.49197203496721,29.6467965098733,4.27401290578489,4.68478300422878,1314.88898673625,132.885419674236,1288.79086370499,224.345743376915,92.0687710579634,2470.93645125127,82475.9310902856,20.2030140220536
3.28466375490269,30.8726663635796,0.122040452208802,0.449522431485551,29.777594169021,4.07950870840656,4.70432815320663,1317.87016410717,130.452477743603,1291.9393626916,222.746838086121,92.1908273693658,2473.34424396077,82133.8219894757,20.2015609554741
3.37073194216094,30.8263698040876,0.119529546162615,0.410994861891649,29.9125388080799,3.88564507328807,4.72368306856513,1320.50601187301,127.988756130564,1294.7277513072,221.08376944731,92.2860999638257,2475.08131334448,81839.2331924248,20.200054947788
3.4533029909431,30.7818434083453,0.117052255733512,0.377060378744457,30.0478878169675,3.693086931599,4.74297066644644,1322.77168997297,125.494445967562,1297.12782110434,219.35514594333,92.3531249716895,2476.10148072289,81642.6016685581,20.1984951075509
3.52916779331384,30.7404564310293,0.114615687858252,0.348580399911995,30.1788583829936,3.50344723753024,4.76223868735488,1324.59240409772,122.971604959144,1299.06375209743,217.554506591038,92.3873637158412,2476.27355935215,81500.4586488495,20.1968818666432
3.59598916653882,30.705117090694,0.112225094171762,0.325740654521445,30.300987992644,3.31919107284538,4.78139201550592,1325.90670116062,120.424119243363,1300.47471441093,215.679178772097,92.3855889780065,2475.49477606258,81377.5977872349,20.1952158848341
3.65143861295523,30.6781253706532,0.109892739340239,0.308491715627463,30.4116025819428,3.14205186447329,4.80032991104451,1326.74036990806,117.862824174377,1301.38662561842,213.740757004723,92.350548549037,2473.8255244127,81423.3295284228,20.1934944185163
3.68840901703867,30.659321530605,0.107659765661208,0.299102451597653,30.5034546248522,2.97360308116391,4.81923611876406,1326.91992390879,115.297249293252,1301.6286851151,211.72188008098,92.2709712355282,2470.96752705094,81929.9886628751,20.1917118014933
3.69508433264887,30.6452023073129,0.105585044385135,0.302927775987036,30.5558374771456,2.82046471538295,4.83835891251744,1325.67582056596,112.722222588582,1300.44429243785,209.518351630344,92.0951952213946,2465.54523878071,82707.9138258062,20.1898725615827
3.66222897152669,30.6308451504813,0.103726715643327,0.324425401897154,30.5451747635588,2.6939019505407,4.85744638176756,1322.17107299393,110.137862864819,1297.01389554362,207.02324387686,91.7684524537622,2456.07504240698,83569.2131160589,20.1879813904826
3.58828710933697,30.6126415567453,0.102143738033467,0.366362783680276,30.4606859127332,2.60271278882266,4.87585681995545,1316.27900049154,107.576610698442,1291.21777936499,204.244808459394,91.2852557717913,2442.37781598864,84521.6141675678,20.1860388388252
3.46224532111421,30.5885004219824,0.100981080433226,0.442067560201191,30.3051568861102,2.55316975577752,4.89258070930899,1308.65128704487,105.118653803664,1283.69259104409,201.342692936238,90.6931111507007,2425.71776241561,85679.9376149378,20.1840440905592
3.24327829775379,30.5559138509622,0.10047709775225,0.594211163213469,30.0887764794788,2.56045594242621,4.90506780862628,1300.18243049004,102.891344036564,1275.29164172421,198.607650060077,90.0570592204378,2407.86716929524,86950.517344868,20.1819985934533
0.0225378414249777,30.5120762911171,0.154754135929416,1.11228933260196,29.935995084943,2.30810293174691,4.95036628600212,1291.23167315165,100.998989921653,1266.34802306947,196.527551864832,89.3685989015459,2389.76041724425,88262.5488893897,20.1799031077472
5.11698873572876e-10,30.455341170508,0.288028796738909,2.81595107822206,30.2238055936624,0.73342908644751,5.15515345572787,1284.07920951901,99.8010238410925,1259.04744727325,197.075873397664,88.6616337139912,2376.57262352377,98851.9722857756,20.1777695914822
2.32862955312642e-10,30.4018756590432,1.01782268350916,4.35942454685786,29.9995901315076,0.0801047832205211,5.2655230957259,1279.54466891101,99.1547058117539,1254.08328201387,198.446681866948,88.200772358654,2368.59410059046,100306.823952228,20.1755730359024
6.79437876208199e-11,30.3526227958261,4.89188810986292,5.83318387016414,29.3176036988586,0.00244593924662356,5.32049821021379,1272.90484540236,99.3619496691012,1246.89038835572,198.015093462722,87.6264402583006,2356.47393508958,101780.172764305,20.1733268095991
1.12002270691791e-11,30.3128595085143,10.7927737701767,7.29896212241412,28.5326449446354,0.000961262255272425,5.3669896218719,1268.46148258606,101.337850696235,1241.82248741439,196.37048811864,87.1981466174413,2348.65466526182,103213.521784729,20.1710312032315
2.84262693446555e-13,30.2874616774592,17.2950319713795,8.78119047696226,27.6934961595355,0.000748794288852644,5.41551138232173,1264.08681765519,105.072812238926,1236.77086416345,194.51199438914,86.7600055579924,2342.08230406492,104303.236231788,20.1686874048081
2.64553909678672e-15,30.2735651415094,23.6841592146043,10.2430866402285,26.8399418569226,0.000561885852674812,5.46527267261315,1259.38497266343,110.134409851202,1231.33890345728,192.986259904397,86.2854239630801,2336.080925597,104752.056791474,20.16629639557
2.37827445800567e-17,30.2583652735296,29.6606377612653,11.6064400829569,26.028650166097,0.000380538775034169,5.51301172623002,1256.16943643903,115.891230984889,1227.32802961712,192.093198818925,85.9061912468395,2333.4682265642,104911.925453554,20.1638568574153
2.50988070272213e-20,30.2292244477761,35.1559520522816,12.8164100771724,25.2917580064986,0.000224845706674909,5.55655256997478,1255.51403334195,121.851861833734,1225.81185862142,191.811096254459,85.7020939857866,2335.71277530845,104921.391302243,20.1613684271338
1.89771632394824e-23,30.1823845552762,40.2022621615586,13.8666785528959,24.6327057456072,0.000116024755197908,5.59557305670055,1256.87805225344,127.804048827646,1226.26456993892,191.912244786312,85.6377648319225,2341.60509741338,104588.002880227,20.158832153113
4.14848100787454e-27,30.1224320056512,44.8255541498167,14.7713504116603,24.0505473525803,5.24945175129032e-05,5.63025271206279,1259.57901287813,133.623962182,1228.02407779948,192.253016963608,85.6678057545485,2349.81364906851,103738.076819202,20.1562493180192
-6.28968340227855e-23,30.0575767217076,49.0424618415857,15.5457979266177,23.5509635007952,2.08522115566117e-05,5.660449448964,1263.76827421808,139.122610294743,1231.25980157816,192.873134540331,85.8062325089755,2360.50027906543,102725.701041997,20.1536190974067
-2.8665923603233e-22,29.9936569168084,52.9139151215604,16.2106418240041,23.132077240472,7.59109834299111e-06,5.68633494603142,1269.34988478319,144.155831285459,1235.8935102877,193.748461318666,86.0486739374324,2373.39570986935,101697.551722881,20.1509412223589
-4.63637061485145e-22,29.9323772864578,56.547513860819,16.7884515787006,22.7802150494292,2.45414851432621e-06,5.70861079863601,1275.63907145964,148.702855639304,1241.25600713131,194.714975700098,86.3473667284842,2387.2230999417,100711.600653938,20.1482157079403
-5.15600352089964e-22,29.8738349394841,60.0461504056288,17.2945810243374,22.4776231390892,6.82918268367732e-07,5.72816136892966,1281.89277581565,152.804782358214,1246.61590302098,195.59664659566,86.6495580960334,2400.64021236945,99805.9538315928,20.1454425653995
-4.84992236500892e-22,29.8190840957821,63.4691847357366,17.7332765040676,22.2083726404168,1.73273141989247e-07,5.74580308191839,1287.63658131585,156.487613142575,1251.50831185189,196.303669286384,86.9218596877067,2412.8056139929,98963.5183429187,20.1426221250086
-4.27674985473112e-22,29.7694868543335,66.8399344439823,18.1060340563265,21.9609867922977,4.2533200108102e-08,5.76215284854702,1292.73018236625,159.75732685421,1255.79833402973,196.84383918638,87.1546882804485,2423.49240920754,98181.0085962367,20.1397546545358
-3.74405098224942e-22,29.7251612185413,70.1681926021579,18.4203443058696,21.7273264896699,1.03928855108387e-08,5.77767120695897,1297.21755372118,162.63123164409,1259.52974678552,197.267637097759,87.3510247561303,2432.81918836997,97614.4346004161,20.1368387673199
-3.3338231156448e-22,29.684082887917,73.4551024675703,18.6903393665961,21.4964647072137,2.55769312888067e-09,5.79298539163797,1300.91649725215,165.150298087421,1262.52173434295,197.577189965386,87.4975587529445,2440.50546794924,97448.0876856899,20.1338721376394
-3.02289965076037e-22,29.6421582924961,76.6798664414975,18.928698102662,21.2519607008628,6.32476266484911e-10,5.80903095701614,1303.26977989174,167.343625490527,1264.22862893931,197.697346694753,87.5549315599548,2445.58020464842,97458.3852482672,20.1308568076819
-2.76811518912859e-22,29.5958066130994,79.8037936342925,19.1383302036331,20.9823770602844,1.56086566920005e-10,5.82645569800489,1304.03428318439,169.210623502615,1264.41722622249,197.59014409182,87.5061226813188,2447.61119540603,97528.9342398104,20.1277943757756
-2.54043913625397e-22,29.5440005129215,82.797324706983,19.3158412520122,20.6877542954601,3.81941259863493e-11,5.84525751895834,1303.64611326675,170.754296420257,1263.51845295901,197.318809128554,87.3813895530874,2447.38332908019,97506.7091682855,20.1246868892501
-2.32863816679419e-22,29.489035073759,85.6660122350122,19.4590318539777,20.3785202804778,9.20678184940942e-12,5.86485222074917,1303.03016882214,172.004497840333,1262.4345913735,197.021842862556,87.2443906671629,2446.57049414943,97233.4291157058,20.1215366382668
-2.13164930956374e-22,29.4363106195504,88.4573667714852,19.5718197160515,20.0708650858903,2.20162563844465e-12,5.88433634645611,1303.29895411357,173.037404426704,1262.24028757447,196.866505387802,87.1705942165644,2447.20603565851,96900.8626480089,20.1183420982771
0.485761046986054,29.3902719247646,68.5524348339683,19.7082471106626,20.0143541834248,0.391780472695164,5.87662463357338,1302.14489372089,173.369805300407,1260.890715953,213.616399253466,87.1168145925136,2455.36186270392,87380.9650016556,20.1150812695483
0.550555939008676,29.3411812321218,42.1874936953931,19.6953059054707,20.0436831706791,1.01809737126915,5.84077339611633,1297.57716914766,173.787642839487,1256.42476451585,234.402710405536,86.8923788113785,2460.46449170637,87156.278771363,20.1117953589338
0.561756359066324,29.2979348386702,22.667603655957,19.76125072084,20.1413040254073,1.28413343627889,5.83704746297576,1294.29701328605,174.357811635961,1253.27104614857,250.076638765843,86.7003352146375,2464.79722083125,87026.746479542,20.1084639030105
0.63348427806364,29.2697429701144,6.10454527086568,19.6466692598745,20.3580568417834,1.4896829901559,5.82642942079728,1293.62221660886,174.900142870267,1252.79411763139,263.6958212456,86.6947702588511,2472.42214947668,86949.0580246425,20.105087654212
0.903933982297504,29.2623583858919,1.31633410079456,18.8548076503885,20.5967681364485,1.95508611142601,5.7506657124953,1294.70820135123,175.292802368126,1254.18602055883,267.809969475494,86.8656280589692,2477.40311295317,86895.5295450752,20.1016672914079
1.06574920225346,29.277056525284,0.671904224135627,17.761852951585,20.9500730540237,2.45221144433889,5.65259086953746,1296.40308284478,175.501202669697,1256.2504316869,268.96014282919,87.1133675113329,2481.60202473727,86860.886073365,20.0982032228521
1.19008719898866,29.3099959678484,0.372768697115229,16.6457715146981,21.3946852640424,2.85625467706801,5.56019746616383,1297.93539433109,175.527342140456,1258.21364415195,270.159745425222,87.3609309505824,2485.47978349089,86847.0077746522,20.0946957546221
1.27187383940215,29.3518324687537,0.234639758109891,15.5910561472822,21.8539204754285,3.19001958657584,5.4763648081928,1299.00998693916,175.371605121251,1259.77425620052,271.315840974627,87.5798812928802,2488.46111382479,86839.5030279929,20.0911454200229
1.30422503611626,29.3921220684134,0.197456240182841,14.6480230444705,22.2658859477582,3.4934492579739,5.4001354953328,1299.63853580424,175.02824724497,1260.93721730843,272.315574948276,87.7665977358592,2490.48413526625,86830.1127057688,20.0875526955014
1.31506011049827,29.4245417112484,0.189162592839457,13.8315849889915,22.6234417165977,3.77726246242422,5.33078660712931,1299.96779205385,174.50590781321,1261.83316107313,273.154722239311,87.9307173711604,2491.7900109548,86844.3081492794,20.0839175809874
1.32231465813183,29.4466867835584,0.185168520222972,13.1355379134387,22.9479817071042,4.03664284998897,5.26764104864255,1300.12171119048,173.854771646026,1262.56155028616,273.874569482738,88.082504578641,2492.6335597453,86918.9125777088,20.0802398787838
1.3282055855664,29.456256337172,0.182689947936801,12.5647398886228,23.2514115405377,4.2713940614328,5.20996477004742,1300.10654197484,173.184934067748,1263.10952005,274.518522203199,88.2222419378807,2493.11666327698,87016.5238978402,20.0765204545034
1.33298185113412,29.4505430558609,0.180970813350728,12.1326131259223,23.5399125957692,4.48187659362547,5.15733895515878,1299.88943632758,172.617589186015,1263.43256791803,275.110569078633,88.3461763797754,2493.27619877727,87116.5621446088,20.0727600059359
1.33653665105273,29.4286215254601,0.17965484397538,11.8433500287477,23.8164360032565,4.66982436890413,5.10933244942136,1299.48854291615,172.224834643655,1263.54482814162,275.648407173509,88.4542590486679,2493.19115176316,87235.6888992074,20.0689586902794
1.33886359098744,29.3938684810562,0.178523538126331,11.6811525283387,24.0806908270826,4.83907522876253,5.06535517585751,1298.95046923999,172.03139756316,1263.49823795035,276.10387507262,88.5490383702861,2492.94739713332,87400.7332020852,20.0651165047858
1.34035723363447,29.3559052424039,0.177529121192286,11.6067440757147,24.3291502950809,4.99556415816093,5.02465041139385,1298.31491925763,172.0542919401,1263.34895692709,276.424541030008,88.6329798936042,2492.60899769391,87583.8639483841,20.0612342198246
1.34161378629314,29.3260438557634,0.176771089179658,11.5743853875324,24.558211518686,5.14541186683486,4.98642833175234,1297.56655370921,172.303371001487,1263.10173108574,276.551561138753,88.7050053381978,2492.13975750072,87768.5742429847,20.0573124812287
1.34293520316134,29.3104948448604,0.176362175973124,11.5547761716059,24.7667246430125,5.29164098077729,4.95022962010679,1296.65278786548,172.77476860405,1262.71470089783,276.455122936826,88.7614797199896,2491.43822281765,88072.1358701364,20.0533501479721
1.34438274709301,29.3058950350917,0.176354853141281,11.5388471348991,24.9520127802958,5.43285730736129,4.91633077835394,1295.42006660823,173.454701666885,1262.02822818045,276.119805299513,88.7912670549925,2490.21505218519,88651.7177106516,20.0493457343443
1.34725897044905,29.2971688776362,0.176695424165218,11.5199242736319,25.1044805020192,5.56755333821264,4.88540322371127,1293.31549624237,174.271301689872,1260.47236165164,275.455661772968,88.7552817560585,2487.39641755971,89331.4005128305,20.0453021828918
1.35275835355755,29.265867209282,0.177319169168393,11.4840465701566,25.2150384843327,5.69619408396905,4.85780071382049,1290.04834867282,175.142621833924,1257.73155302204,274.421588311156,88.6329533337277,2482.37398731051,90011.9191342979,20.0412212817922
1.36037233015776,29.201577657823,0.178287764548884,11.4212690672073,25.2819949745614,5.81648837029018,4.83387046698027,1285.779936149,176.035748063876,1253.94757580555,273.077574984506,88.4351016235317,2475.41830149347,90954.6785304542,20.0371009102847
1.36927142457168,29.1070906697749,0.179856607643179,11.3345871623367,25.3002646825949,5.91925071181957,4.81513881118764,1280.44402691763,176.97267335955,1249.05683461346,271.453705733178,88.1555194343785,2466.45099459782,92507.123447097,20.0329391456818
1.38097807464209,28.9997541059601,0.181971201418736,11.2222339539345,25.2519447860746,5.99336526336021,4.80405856066237,1273.42959788472,177.965445734509,1242.48570210376,269.446122445158,87.7493551958047,2454.40036480442,94258.5025968063,20.0287411246141
1.39778345904829,28.9020606944042,0.184384557808846,11.0662901382701,25.1230700083313,6.03259356621118,4.80214405565545,1264.13528256254,178.944011346241,1233.68518326514,266.916281675739,87.1736658666911,2438.14362156927,96001.0223233599,20.0245088706901
1.42071181531891,28.8274715644588,0.186821861400373,10.8449284322518,24.9178167369932,6.04252496801982,4.80834029106289,1253.04016673274,179.85119427407,1223.15364752528,263.945428556622,86.4631896557685,2418.52856403701,97265.2194157273,20.0202448787293
1.44674245580045,28.7728644671529,0.18888542074735,10.5502268952287,24.6697382982885,6.03933230683876,4.81855617986131,1242.61243919279,180.760393587111,1213.32045432878,261.034029495869,85.794457925937,2400.12096159425,97640.0268281185,20.0159507572715
1.46802393455743,28.71944296594,0.190429069404876,10.2083373563037,24.434317283916,6.03576611832001,4.82798326098704,1235.96669816644,181.806908230204,1207.23388261226,258.835946006773,85.3905775516523,2388.7124164789,97728.3683956365,20.0116233964024
1.48062473586792,28.6483092938287,0.191474175707449,9.85866049227785,24.2477173432553,6.03650532899073,4.83401757178073,1233.68535564124,182.975536280492,1205.45195416641,257.499282682255,85.2958428316772,2385.36270100824,97731.6728235334,20.0072620660017
1.4877427220301,28.5536413783319,0.192015863295964,9.51694108888848,24.11513661282,6.04711558846321,4.83563705344764,1234.16146323147,184.109585095749,1206.39035584316,256.709513017348,85.3992712554252,2387.02572047953,97274.5411425698,20.0028692044968
1.49305414583991,28.4455716168208,0.192021616126461,9.16512843693309,24.0407655462056,6.07812470616744,4.8311410861676,1236.47414401839,185.11215994765,1209.15086611459,256.2650891857,85.6373265153747,2391.94648710251,96037.9886046126,19.998447591849
1.49575081451469,28.3451188697878,0.191581093003832,8.77235932928377,24.0448882449879,6.13632743978495,4.81842613177545,1241.14155201847,186.027818884819,1214.25455827836,256.251022837319,86.0464579634834,2401.10258493958,94600.4353658143,19.9939953646778
1.49509859917473,28.2685072318321,0.19078303838575,8.32255507701941,24.1406579645718,6.22131173468482,4.79679767860367,1248.39077710848,186.907648618349,1221.93165583615,256.702323172176,86.6417457566881,2414.94556098374,93167.7871705362,19.9895120517291
1.49261086680989,28.2193165013949,0.1897382064747,7.81982452263392,24.3212468067785,6.32855110828556,4.76726906086646,1257.4084679072,187.709081722951,1231.38278082799,257.450315439312,87.3650438152328,2431.95593142734,91943.1816919456,19.9849965156852
1.4910965882428,28.1916580274551,0.188551161308514,7.27938269816749,24.5641961534939,6.45060034651603,4.73215674948885,1266.83313760927,188.328574703502,1241.26238018124,258.219736727859,88.1195160118217,2449.56408170563,91103.4519323834,19.9804468726123
1.49445763168706,28.1753920343049,0.187248206696333,6.71427550998071,24.8385803678703,6.58107408030963,4.69411884291896,1275.25553265159,188.637073187442,1250.17201484237,258.725095824271,88.8051301817905,2465.08862484162,90411.1838174935,19.9758651057182
1.50552573186191,28.1619545434518,0.185820996634671,6.13220551726198,25.1200009151981,6.71571038325037,4.65515522688914,1281.97094178938,188.554797950644,1257.40709353106,258.821017856481,89.3715413468426,2477.17069989536,89773.6507645271,19.9712525466792
1.52552167390301,28.1474423498728,0.184220267634853,5.53956088206148,25.3985715010325,6.85155594892901,4.61626920331091,1287.19181347785,188.094969193851,1263.1711176277,258.546696254906,89.8327020023294,2486.19998346727,89014.6874942914,19.9666119603221
1.554694575266,28.1318219444645,0.182379239437669,4.94202882733201,25.6787689465684,6.98734158022304,4.57741378659342,1291.7728405254,187.337613771951,1268.30599451486,258.066594426009,90.2474769950507,2493.79157818209,87958.7398562129,19.9619472625265
1.59224862018153,28.1166632864068,0.180291724010447,4.34679726919615,25.9752629761402,7.11980379090721,4.53823666968986,1296.83806978503,186.394741013529,1273.92168145398,257.593029822464,90.6927628936603,2502.07419945844,86870.8426637532,19.9572566825422
1.63854080514367,28.1030572543715,0.17798691173965,3.7664019251038,26.2978756376901,7.24119696818567,4.49930490425957,1302.96335859778,185.346689283752,1280.58573519412,257.232901249775,91.2056358797461,2512.15138083483,85872.3527760466,19.9525389657429
1.69593742630361,28.0910136184353,0.17552127944456,3.21778267121578,26.6437613855372,7.34067893688886,4.46236817662751,1309.88931926931,184.207680913425,1288.03911928575,256.939230918091,91.7637760301699,2523.55636522092,84985.1416835086,19.9477938689783
1.76749094595273,28.0799820822279,0.172950601908512,2.71756088731478,27.0024169004187,7.40669466804938,4.42972157471957,1316.97264935326,182.947395571766,1295.64478951115,256.599127512882,92.3182588339552,2535.09530766152,84208.1272207146,19.9430214087986
1.85545779720482,28.06945207044,0.170304923908149,2.27719040686885,27.36273212302,7.42966931483087,4.40339893061476,1323.63806783532,181.518260173844,1302.83812400677,256.117260368915,92.8263398379547,2545.6941555709,83523.4391175175,19.9382219991734
1.96028050137284,28.0591212992234,0.167598309779114,1.90148825553114,27.7169636605835,7.40387647591277,4.38466943032928,1329.5715841147,179.885662653583,1309.31393622554,255.448605475308,93.2650931948471,2554.76750422747,82917.2662339752,19.9333960660845
2.08003828986495,28.0488142450117,0.164847233428481,1.58961400982603,28.0614111278366,7.32824699309154,4.37388613644732,1334.70930347411,178.04684322025,1315.00897092132,254.593654995045,93.6301815158383,2562.20451656252,82375.7746385177,19.9285441422319
2.21053603474538,28.0385699149721,0.162073225586941,1.33657685043309,28.3952731094654,7.20639401919576,4.3705539022852,1339.13922439533,176.024530880949,1320.00357095267,253.578260056386,93.9287502595907,2568.18296069706,81884.6473073632,19.9236669434411
2.34597615828733,28.0288899450947,0.159296664793684,1.13496165499479,28.7191900211739,7.04577289120175,4.37353666244582,1343.00731854225,173.848730178272,1324.43128103831,252.434682847796,94.172755140511,2572.9858856626,81442.3647727042,19.9187647295937
2.48041111060664,28.0204976654003,0.156531465712162,0.976008125190495,29.0339931126345,6.85598766297913,4.38137703087558,1346.44507359596,171.546352472115,1328.41143888878,251.18910314878,94.3736531869579,2576.86618745381,81046.5936005228,19.9138377017703
2.60940357138794,28.0138406038249,0.153787165793905,0.850610477316433,29.3400024382329,6.64652699484946,4.39266736284747,1349.53311551606,169.140261308009,1332.01657709863,249.857429930793,94.5394287859843,2579.98389761636,80709.53657137,19.9088850754531
2.73079650550761,28.0087803738712,0.151071966288057,0.750453128101734,29.6364138243603,6.42493256811179,4.40635098814194,1352.28253921235,166.649108895803,1335.25497336909,248.443551029524,94.6728919296524,2582.37367710694,80454.5894303628,19.9039047812145
2.84504574896461,28.0044975411262,0.148390143613988,0.668353184590879,29.9207590422505,6.19632417267393,4.42182241009189,1354.62944962464,164.084799865763,1338.06490425445,246.938410329047,94.7711693130243,2583.93261158302,80256.2410640091,19.8988977752653
2.95439907988097,27.9999000743276,0.145741212915338,0.59867204570859,30.1902410445662,5.9635856528176,4.43882189762627,1356.51239999073,161.455330704721,1340.38936644105,245.33347186353,94.8311378808639,2584.56105284594,80091.8175412685,19.8938657426684
3.06090068032519,27.9941881962604,0.143122842806744,0.53778524540421,30.4433536107244,5.72792189551562,4.45725928102702,1357.94424487891,158.770723183774,1342.24450012559,243.633347709103,94.8545068695939,2584.29506655259,79973.0457807697,19.8888079847431
3.16499160141466,27.9870598396343,0.140537274956172,0.48395680064002,30.679272396473,5.48971163179806,4.47712543663357,1358.96810288292,156.043622300006,1343.67409967347,241.848165124902,94.8447913143521,2583.22535829596,79936.4124025459,19.8837213041269
3.26611189520044,27.978611306939,0.137990556649997,0.436407247694282,30.8959997625624,5.24953162563663,4.49845352172856,1359.56881388436,153.284786996765,1344.66162455736,239.977987432094,94.8012087954481,2581.33297041021,79954.8272000637,19.8786076575896
3.36372901075657,27.9691656422279,0.13548843801404,0.394462384376313,31.0910761635993,5.00834582442602,4.52124978345289,1359.70729464303,150.501976723626,1345.16570960788,238.018803612948,94.7212530707607,2578.55227867591,80000.8342690074,19.873470126556
3.45798819114416,27.9590924639795,0.133028429964389,0.357249914913354,31.2636290020121,4.76726302511162,4.54540886081967,1359.41726860955,147.703598542237,1345.21767030402,235.978940291441,94.6076075568625,2574.95063467164,80021.6101134177,19.8683139759768
3.54969791621317,27.9485709519384,0.130597308079369,0.32385739853494,31.4163538031446,4.52743001884308,4.57061450157274,1358.88405527447,144.903221944046,1345.00011988567,233.891759834534,94.4737277881352,2570.87467312943,79939.8595028443,19.8631468098448
3.63822438089817,27.9372967157866,0.128181687274415,0.29397793851386,31.5566987977984,4.28984390225455,4.59629552723603,1358.45573010138,142.12215350687,1344.85720533118,231.817265314581,94.3446167454966,2566.97154426567,79802.6359205781,19.8579665299459
3.72124618417674,27.9245620860239,0.125775421327649,0.267793870777972,31.6930686503709,4.05565470318484,4.62180207594012,1358.46109535329,139.382894491816,1345.11352122807,229.811198485625,94.2439784087365,2563.85341394361,79656.6019091331,19.8527695513975
3.7964132476156,27.9096624317794,0.123385861682874,0.245475766276017,31.8300006388271,3.82620113916931,4.64668176602207,1358.93918195561,136.690884683195,1345.80649785779,227.880367224648,94.1751794518481,2561.59465591136,79551.4244739527,19.8475512307135
3.8622795869455,27.8920050527229,0.12103104192813,0.226925074650227,31.9662404263898,3.60262794183832,4.67084728786714,1359.65475925047,134.035966046782,1346.70243966104,225.987672787753,94.1222606015745,2559.76302575839,79550.0703113554,19.8423047682726
3.91959681372328,27.8708012812042,0.11872585412547,0.211554188924174,32.0951475922331,3.38559370510934,4.69459727101045,1360.220622152,131.398396310202,1347.41857291407,224.074547338279,94.0585383888229,2557.64759559154,79616.7029414903,19.8370329883886
3.97090486442605,27.8451681932937,0.116475652391467,0.198460863054953,32.2088601712355,3.17506132150719,4.71840338634363,1360.30284543522,128.758003764942,1347.62653425339,222.093973130963,93.9609832948455,2554.63655610341,79710.7124673368,19.8317410768056
4.01672226255609,27.8144184295066,0.114288105152478,0.187353200075293,32.3017540110538,2.97027633369041,4.74270462862201,1359.75102801708,126.104224272117,1347.18022764682,220.02970754485,93.8193052066371,2550.45790024456,79993.2826097842,19.8264159978266
4.04857655741396,27.7769668045952,0.112201667930217,0.180955566726019,32.3638795145421,2.77170541831231,4.76799639858903,1358.29310888479,123.427347429006,1345.81339426301,217.848895790687,93.6152444030789,2544.62307499899,80839.1561749134,19.8210328300455
4.04744959858524,27.7280588179327,0.110264418042738,0.186594455682686,32.3690722820808,2.58763481128283,4.79455943647253,1354.95549331646,120.680699385987,1342.570906079,215.413543312267,93.2841877455041,2535.36114567493,82073.3447038782,19.8156231949209
3.99281422296068,27.6610520393638,0.108503163392728,0.212474135259576,32.2858905377719,2.43514591849342,4.82168564096251,1348.59390504153,117.793935585776,1336.33759743622,212.56744460705,92.7527336978309,2520.59167221481,83455.2933754458,19.8102120583678
3.87702657226494,27.5718456692881,0.106916761457033,0.265000228340473,32.0990935454394,2.33134717332282,4.8477516310015,1339.09817782626,114.747727918299,1327.02079260601,209.325422311662,92.019329435423,2500.14108664158,84761.7724030938,19.804805607595
3.69734035814426,27.4646354970272,0.105559348807587,0.356001670615166,31.8213200730813,2.28762080068741,4.87044939379864,1327.85068499695,111.635190128167,1315.9924575309,205.959063828804,91.1834853070348,2476.61061033928,85785.9451898809,19.7994031558282
3.43271483020401,27.3566402701553,0.10458798331936,0.517996830211729,31.4912673092711,2.31470242987373,4.88622021615372,1316.99200470543,108.654066088547,1305.35851604765,202.923283299821,90.3962761118062,2454.06945950603,86670.4495687153,19.7939961289755
0.0394420284046308,27.26992802086,0.150676469353185,0.977080067219116,31.2387861373846,2.1555710182602,4.9235258019571,1307.87866744158,105.98220089656,1296.45579561204,200.766484930148,89.7259928005396,2435.26924734164,87514.4837669475,19.7885805516079
5.99221061339111e-10,27.2202791696012,0.303196873229114,2.57433150751622,31.4891287932846,0.665867952822952,5.11720417286725,1302.99695829545,103.956441003411,1291.74054042458,201.560113991804,89.218149046434,2425.8355374066,97746.2731074971,19.7831852345306
2.88742935628989e-10,27.2268130512121,1.03880750612679,4.0207135689274,31.2522200331591,0.071423985799653,5.2187403385446,1301.31042039632,102.437348322874,1289.99892566016,203.163698556825,88.9917519670923,2422.61027467205,99165.2787188202,19.7777394638408
8.52173509777509e-11,27.2775645351749,4.502851089989,5.40220339902161,30.6073162181664,0.00254455306057835,5.26934030875737,1295.8326666026,101.532571393382,1284.36645540622,202.90917390089,88.5371878483517,2412.15974661293,100712.962344105,19.7722850116266
1.68512990313802e-11,27.3664980727474,9.70741540917569,6.77183608370546,29.8556608703025,0.00102922124641689,5.31347217074172,1290.81278706815,102.153623833576,1279.13952034662,201.444876684542,88.1095597348833,2402.86112674091,102213.322162224,19.7668246524061
5.22423800124442e-13,27.49068003238,15.5045413114624,8.13771353705116,29.0321672495038,0.000782693566028979,5.3607001451903,1285.02198192995,104.363966902711,1273.05691223779,199.652583081143,87.6143462447148,2393.1427944978,103424.556248935,19.7613604106219
5.91847912258687e-15,27.6345471752303,21.2789899538945,9.45645610915616,28.1763036007366,0.000575623580383125,5.41004640711941,1278.64027681421,107.835366997487,1266.27927131666,198.048154419273,87.06270659558,2383.35901011875,104130.286542175,19.7558934561521
6.80184680894833e-17,27.7596576536856,26.717980244644,10.6464827827032,27.3434537269345,0.000382825913891487,5.45837999967595,1273.60563377469,112.046989261803,1260.73947671729,196.952499879747,86.5908917639838,2376.63800786537,104586.640303903,19.7504209462802
9.99401802105573e-20,27.8304609426329,31.7019847694223,11.6473975675159,26.5662008222374,0.000221413938519688,5.50359515619306,1271.06141666203,116.564656931314,1257.58667513712,196.396650157418,86.2808071549184,2374.64453461212,104904.414671288,19.7449420308612
1.38825890601562e-22,27.8378929101274,36.2253159255522,12.452115870324,25.852078452533,0.000111971267508117,5.54518323972971,1270.63202817986,121.181755907467,1256.45837460289,196.215344894845,86.1089549509524,2376.49353387198,104747.224453619,19.7394600651735
3.01196159748926e-26,27.7991979745411,40.3066504852119,13.0862817393178,25.2109839932766,4.98610053469604e-05,5.5827191646429,1271.94528850284,125.768117839527,1257.00798155002,196.335941739441,86.0539213410246,2381.43175565385,103813.044483679,19.7339787908553
2.63468179565784e-30,27.7467467944205,43.9890038070623,13.5911775409155,24.6638552972505,1.97442577106921e-05,5.61518746888148,1275.67875396325,130.160298200858,1259.95059885563,196.889250551573,86.1690574693449,2390.61893084905,102661.121456578,19.7284947785117
-7.31689102709452e-30,27.7056317667034,47.3684344818434,14.0112762988451,24.2159716665892,7.2067390745635e-06,5.64233152793412,1281.68422782448,134.231610618867,1265.16971936583,197.841455580901,86.4485017244821,2403.71802646405,101504.170949725,19.7230068174392
-1.07321103468285e-29,27.6830853987248,50.5665174676844,14.3784247567625,23.8504234203036,2.33931460510734e-06,5.6650155862954,1288.79027055571,137.95677490345,1271.50691954097,198.949665520058,86.8114614808824,2418.5643095471,100521.000259305,19.7175132685278
-7.73826065381532e-30,27.6736581593399,53.6753211110128,14.7118529136962,23.539003754427,6.61169758576523e-07,5.6847038993729,1295.61201159427,141.367775851769,1277.58005773939,199.936507761368,87.1602195686817,2432.63736589472,99865.6976436568,19.7120118097754
-5.17306762831712e-30,27.6667551389364,56.7266732741684,15.0251418859733,23.2518265329902,1.71647673058626e-07,5.7029928305029,1301.05034340101,144.47897922905,1282.29632327834,200.612182764392,87.4172657873858,2443.9505586952,99333.9601034187,19.7065050415459
-3.9224834632277e-30,27.6538436991965,59.7103255322594,15.3248569579572,22.9698490572768,4.29980872580655e-08,5.72092028721277,1304.86328526862,147.278044289058,1285.42167896019,200.965934655424,87.5655219109092,2452.07939515263,98841.2820326766,19.7009947272498
-3.48134732937861e-30,27.6321898376999,62.6141515160583,15.6113875110327,22.6879827461646,1.06073690362865e-08,5.73877422138197,1307.59883622352,149.759669400817,1287.50593641739,201.126143986865,87.6429677853608,2458.03985183184,98275.0826473675,19.6954834042033
-3.32141565428061e-30,27.6059457502915,65.4483709431315,15.8809582909461,22.4111412239487,2.59385348329668e-09,5.75629629993352,1310.1104699789,151.924712967424,1289.39733030737,201.258248463111,87.7086326710182,2463.39299710901,97524.9148543978,19.6899742429998
-3.17743902806455e-30,27.5858314335292,68.2474319677511,16.1273600241472,22.1491138815768,6.33693545397329e-10,5.77295705519644,1313.18087851704,153.774626856802,1291.86805393734,201.497872157411,87.8162620504392,2469.55577072547,96755.7789111165,19.6844655868364
-2.98324880580568e-30,27.5818181484819,71.0489652314809,16.3487907090255,21.9070587439958,1.5588203165996e-10,5.78848091636317,1317.01282178778,155.317179331729,1295.11222621924,201.87598436412,87.979358317238,2476.89254076214,96046.1106364374,19.6789563611657
-2.75664497156378e-30,27.597005309896,73.8722974080088,16.5494784065284,21.6826266345132,3.87289160666076e-11,5.80300601832538,1321.22586700267,156.562508420351,1298.74821262725,202.327139801589,88.1714840317883,2484.71702810594,95395.5463986096,19.6734468805581
-2.52856733655439e-30,27.6272781668769,76.7132499938443,16.7348008428658,21.4707197053813,9.71621515809199e-12,5.81682028048895,1325.33638512976,157.5222283953,1302.29795750163,202.770764279674,88.3595715304258,2492.16433338382,94784.6944158329,19.6679380630488
-2.31784435787951e-30,27.6633884023406,79.5509057090125,16.9075062365113,21.2676304997364,2.45942031222724e-12,5.83013241182759,1329.07735396392,158.213982764424,1305.50402630632,203.163300090352,88.5258626268981,2498.77225462387,94228.0724417822,19.662429952808
0.500671998168413,27.6939186180508,59.3533492587778,17.1206818559475,21.2995481116296,0.385498206824095,5.81873286237909,1330.20212447435,158.216921152829,1306.36845164721,220.493473803216,88.6306790352816,2510.88731742255,84508.5077521124,19.6568772945351
0.57363080014475,27.7193978648384,32.4542764510755,17.1750485932141,21.4135909181557,1.01798891705309,5.77801600354906,1328.11025771967,158.274554805237,1304.28464744773,242.016850889628,88.5831893609668,2520.339014017,84089.1742776746,19.651368415556
0.602123691435083,27.7385230643556,13.2166094813922,17.2734572773682,21.583071340649,1.31660851873276,5.76472384875227,1326.97337893858,158.421479137553,1303.2247546177,257.655002394715,88.5508438609348,2527.98311368623,83770.0482430248,19.6458591847952
0.823367937230447,27.7521493038911,2.08066394977773,16.9892026254036,21.809228958286,1.67966779090251,5.72013519992729,1327.96304695421,158.48767029566,1304.40353575941,266.728505731136,88.686040954661,2535.39952210721,83516.408307256,19.6403507882711
1.06144764436448,27.7621509958138,0.849123930393173,16.1162622700877,22.1138574457732,2.23972689861747,5.6197135779724,1330.35081086776,158.365013015011,1307.07299397005,267.725248059284,88.9713681346628,2540.36078018528,83303.514656161,19.63484449332
1.23285441235971,27.7703643696658,0.411181942387423,15.1218659542122,22.5884397227106,2.72175924479777,5.51606038826439,1333.08645034155,158.034492763819,1310.16417265443,268.383986072826,89.3039043968812,2545.64807517396,83293.8215221499,19.6293341504102
1.35641407108377,27.7796930400335,0.210287839438799,14.1226178332977,23.1398857880363,3.12088075579141,5.41775479167823,1335.21092802137,157.536501460816,1312.71335127267,268.956211284965,89.6042097457516,2549.77946271123,83763.3985988631,19.6238092984941
1.40503995944458,27.7969229718325,0.164998071337269,13.1922572254688,23.6378055932048,3.48756542077986,5.32692471300353,1335.59453729153,156.91109609467,1313.59558096684,269.185731040376,89.7841670947783,2550.68638362963,84484.7534275862,19.6182814713071
1.4213420546284,27.8311265539745,0.160020477359856,12.3668615372431,24.0202094835965,3.83821755049615,5.24577562397337,1333.37447516433,156.155457721207,1311.95329572726,268.914434275583,89.7805176842511,2546.79167373114,85276.1450175434,19.6127600559178
1.43964544827362,27.8887105186388,0.157890266918996,11.6398641071768,24.3031758740315,4.15831582005633,5.1754190418128,1328.68391162688,155.260667771642,1307.90608459401,268.170423474362,89.6055432052917,2538.3249404291,85938.7223586399,19.6072512324089
1.46075750798536,27.9705815092536,0.156495178519373,10.9992484822516,24.5103333075179,4.44917043936552,5.11427978081085,1322.86168143676,154.281751085196,1302.77361801289,267.20135672708,89.3531604177654,2527.75938792469,86263.4268883112,19.6017591873434
1.48057279913807,28.0731569917863,0.155417998682518,10.4533240657257,24.6764258469666,4.71162049487215,5.06027044097747,1317.83756904593,153.36235032783,1298.45779966587,266.384764867187,89.1547080730962,2518.71635507677,86448.5470590469,19.5962786046519
1.49545472951943,28.1920107792754,0.154510450948419,10.0252404586038,24.8322082046635,4.94450004383024,5.01183991769765,1314.69292907409,152.635278321448,1296.01655535562,265.936898279724,89.0819023464323,2513.25825755342,86613.4256712304,19.5908066952577
1.50489653530711,28.324123409577,0.153700336551442,9.7294354040878,24.9911603802634,5.14936556945093,4.96800182605418,1313.11654563022,152.130809511584,1295.13243454417,265.784311608842,89.1116496213395,2510.82209278379,86762.1509248378,19.5853437144381
1.51035548078579,28.4670682539568,0.152908191748353,9.55509110949473,25.1526441559127,5.33190215941046,4.9279249142592,1312.37061486867,151.828659104812,1295.06675020939,265.747272850627,89.1926122987288,2510.01657817755,86863.8685494994,19.5798908429075
1.51347864352476,28.6171844127049,0.15216914707503,9.46207483635939,25.3109245071541,5.5005043669564,4.89061906794288,1312.0164734849,151.725320825839,1295.36942923387,265.677198962574,89.294228967296,2509.98606300134,86937.0737422142,19.5744482296314
1.51565194213771,28.7703136179721,0.151591714448118,9.40152578056878,25.4614158705072,5.66319962423191,4.85506180924501,1311.86346833074,151.827573085723,1295.83334824968,265.475315442478,89.4030635361719,2510.33385563835,86989.0250480244,19.5690162288668
1.51744642647055,28.9234892286504,0.151296207276434,9.34282877473508,25.6021814330914,5.82335643706562,4.82076934263549,1311.7655601377,152.132127125211,1296.30338654544,265.08969678686,89.5089110807344,2510.7672542323,87241.6096412491,19.5635908393274
1.51897366050359,29.0728559747818,0.15139299398653,9.28595281529608,25.7264926216881,5.97706786240807,4.78859260103271,1311.28733232364,152.62384488174,1296.34447029793,264.459164064076,89.5813665565115,2510.49048209218,87998.3943959371,19.5581671977331
1.52238841168932,29.2067898476472,0.15186261404286,9.24888600794515,25.8150260207911,6.11927569425429,4.7602592589946,1309.33242973694,153.23096823779,1294.8684206878,263.417712491338,89.5449268381718,2507.47499584357,88935.4318472411,19.5527534547817
1.53003094923204,29.3076227728893,0.152654618640539,9.24226600751463,25.8498798561508,6.24854188774108,4.73689611590197,1305.02679267214,153.840768811316,1291.01053420807,261.836493648421,89.3405606594841,2500.06771476244,89860.2925707377,19.5473540796802
1.54228450860076,29.3624937105607,0.153731697617162,9.25688644097378,25.8314911910475,6.36770540859316,4.71798646922179,1298.85871239047,154.40229117615,1285.26212116273,259.832981731021,89.0039858525329,2489.14406992446,90428.4150866673,19.5419738723978
1.55675829808459,29.3716998482759,0.154784218181123,9.26155427515165,25.7882372530327,6.48255963990213,4.70098050042376,1292.90634767262,154.970578992439,1279.69860455932,257.801951901411,88.6811406121633,2478.55067847489,90298.2850476921,19.5366168445318
1.5680214488073,29.349916384021,0.155572809873424,9.2184916794464,25.7686285631029,6.59642673728588,4.68254168257802,1289.73592301091,155.658788153934,1276.87926895712,256.214727230658,88.551071066518,2473.05737251282,89925.2647140243,19.5312775389522
1.57344538212434,29.3155276028201,0.15612326681442,9.10903903921912,25.8056814869731,6.71137213125495,4.66049659267974,1290.01312748736,156.498462422982,1277.46604864145,255.199387854401,88.660080844517,2473.90466768541,89522.3390587006,19.525953544277
1.5740607721013,29.2797147371765,0.156591412348509,8.94007336979096,25.9012999437409,6.82695267897149,4.63487203095308,1292.63164445084,157.452261527612,1280.35267851833,254.571423467824,88.9306482810626,2479.05304743706,89437.0180287014,19.5206401623619
1.57242745181177,29.2448066382519,0.157205960539644,8.73629543806688,26.0294094819317,6.93576816736785,4.60827782287959,1295.66069325111,158.471912701849,1283.61268566784,254.005189748033,89.2273528728937,2484.95733133192,90049.4836657608,19.5153322672626
1.57377823220283,29.2076435478441,0.158067926929582,8.51820533565963,26.1431292520358,7.02989205529297,4.58454987741753,1296.74263657699,159.469350670663,1284.90743327433,253.090916927984,89.3866318354384,2487.27360825646,90906.2134529874,19.5100376869607
1.5824167243473,29.1636386287551,0.159167903910637,8.28557500366916,26.2032702776214,7.10687995728997,4.5662785685805,1294.44310743372,160.334861955583,1282.83062343777,251.569798802329,89.3111003614128,2483.328246899,91769.7030972008,19.5047607385114
1.59942092440008,29.1099678082423,0.160318800865432,8.02267582486196,26.2007596275311,7.17141186980723,4.55332045064531,1289.32807961712,161.030462440677,1277.96539950195,249.533794339028,89.0427355502071,2474.13808702506,92208.3289478044,19.4995064278059
1.62250047070369,29.0466630674698,0.161216800703936,7.7101127972562,26.1627637615208,7.23611061077047,4.54234484929948,1283.66287153421,161.586741588464,1272.57783185372,247.373128528315,88.7409285205833,2463.85354733776,91818.9390646307,19.4942789975214
1.64484633874014,28.9754630275217,0.161690056316519,7.34345881208174,26.1411994355218,7.31198636016172,4.52883925293812,1280.5863027545,162.101507955632,1269.79212470448,245.637643107168,88.6236458634194,2458.25553664605,91171.3515660158,19.4890733349767
1.66140571285599,28.8982754026907,0.1617054931825,6.93731962433785,26.1737360096712,7.4018379525919,4.51026867805719,1281.59278371231,162.631512186013,1271.08632344422,244.587286861099,88.7926723383096,2460.0924858598,90507.4617396879,19.4838873316069
1.6733356352082,28.8167134150499,0.161353031864826,6.51118692027787,26.2650349454313,7.50354730852958,4.48669749546004,1285.55160136617,163.101868654443,1275.32421879599,244.014481098625,89.1670890445906,2467.23445871682,89915.7281325772,19.4787203287098
1.68442961664498,28.7319185309804,0.160756356374757,6.07803794871784,26.3983637906081,7.61275195214002,4.4597413402903,1290.65893864186,163.417854869555,1280.69950303857,243.597164104132,89.6197228345669,2476.31514728192,89453.2497583675,19.47357185349
1.69855042704902,28.6444411690886,0.159986312642941,5.64010861343622,26.5515246214544,7.7248803978917,4.43135087927145,1295.53677092539,163.500346291728,1285.82689911784,243.089413087901,90.0534665476437,2484.75313651984,89046.1396901351,19.4684432134188
1.71840320609204,28.5547179934508,0.159061675457375,5.19469969367192,26.7081823190149,7.83587781086757,4.40305662009476,1299.56516792202,163.304268105938,1290.07812721083,242.378496755662,90.424176502961,2491.37379715567,88659.7493710496,19.4633354112978
1.74523147414771,28.4634116380747,0.157979468681395,4.74270552109126,26.8610182265465,7.94146810036345,4.37589839416753,1302.75505858101,162.831867505927,1293.46152678009,241.464602751356,90.7315816194851,2496.19446820525,88306.7719180517,19.4582487560215
1.77941569105802,28.3707935618612,0.156741704686774,4.29113669484339,27.0078427909733,8.03665257805501,4.35072366574613,1305.35319582442,162.117989005667,1296.23263576373,240.391689647962,90.9917729247542,2499.69844566599,88009.8005754513,19.4531833171979
1.82126063504306,28.2758849693247,0.155365230000892,3.8502313325295,27.1470883197121,8.11621140606957,4.32837480804915,1307.54562344748,161.206304337329,1298.6017336599,239.193792290736,91.2168536243544,2502.27955949193,87742.9314795428,19.448139941668
1.87108958496792,28.1773202305537,0.153873248695246,3.43001058380533,27.2772262236586,8.17518757695189,4.30965452193606,1309.43410279926,160.134444491965,1300.69700033146,237.891124371782,91.4131145573742,2504.17606684576,87494.4756106877,19.4431193252025
1.92893630082111,28.0744963956122,0.152286965689052,3.03886949057784,27.3973815114442,8.2087695344193,4.29530681688201,1311.0872839264,158.928705695981,1302.59915642027,236.500199390038,91.5841914449896,2505.54536769679,87302.287513802,19.438121265958
1.99461482799349,27.9667599617276,0.150615968177739,2.68224271130115,27.5058308679712,8.21233644001321,4.28609289949515,1312.4859073839,157.591249733545,1304.28559395718,235.023934919591,91.7274100783767,2506.35353499744,87217.1477528889,19.4331452189001
2.06868896967304,27.8517657474168,0.148840166212713,2.3599184929229,27.5984293263127,8.18257005169492,4.28271901747862,1313.47711705447,156.083601856851,1305.59413703492,233.441585943113,91.8313025106872,2506.28759862678,87188.473174518,19.4281925141771
2.15253291639693,27.7266624933568,0.14692812708736,2.06789479239818,27.6712322601883,8.11796619779131,4.28561329621454,1313.93257424835,154.358299558107,1306.38780863105,231.73529705331,91.8867427898678,2505.07289234581,87188.7529652366,19.4232642112267
2.24770698940852,27.5902569340095,0.144861455533244,1.80257985582687,27.7233675651564,8.01895765756413,4.29475035103787,1313.87936672651,152.402023138193,1306.6868710697,229.9135208153,91.8957394628052,2502.74499951463,87145.5939449312,19.4183621711807
2.35516061698165,27.4436455263852,0.142648490711099,1.56221527674394,27.7590467914804,7.8880043845171,4.30953067795005,1313.57395055433,150.254551640347,1306.74215066813,228.025326576778,91.8764876786574,2499.79890001384,86972.8673332791,19.4134885726859
2.47358656934768,27.2892506784635,0.140332945483306,1.34756217412501,27.7877774188419,7.72789024025997,4.32901354373727,1313.46330457893,148.004177560674,1306.99525033422,226.155738107988,91.8604736852936,2497.11499611962,86765.9685729838,19.4086423029943
2.59956418272185,27.1290008745652,0.137972755634166,1.16057520163693,27.8178227612525,7.54119455543476,4.35236407253106,1313.82030322054,145.733804045211,1307.71412523942,224.361077086931,91.8670224296014,2495.25375943263,86575.2010302724,19.4038228150547
2.72979306414056,26.9640929794508,0.135606532692176,1.00106766089284,27.8520947680817,7.33195773265602,4.3788454869862,1314.58561742052,143.478431776363,1308.83574500823,222.637695695245,91.8926145866,2494.13453711182,86293.3541156979,19.3990326907606
2.86261429074512,26.7982692967845,0.133234984824649,0.865547261859543,27.893691913916,7.10640118590437,4.40739161237591,1315.7322283253,141.242792789586,1310.32877194858,220.980006935927,91.9363479823766,2493.708087193,85771.6818707879,19.3942759943122
2.99563374389054,26.6408446363117,0.130844791356287,0.750342998744615,27.9517050183398,6.87049329903431,4.43661352379505,1317.5564685226,139.033986452873,1312.48110747967,219.428462463131,92.0195941566508,2494.5060062212,85171.7607988244,19.3895508010885
3.12528382354118,26.5014385831957,0.128425867342487,0.653099669895223,28.0342625980963,6.62882331368602,4.46536933374446,1320.2860414624,136.8531964943,1315.51084787597,218.00940648639,92.1586044219809,2496.92774225671,84584.1530606186,19.3848557160023
3.24841339226595,26.3840471642789,0.125986195725059,0.571952421749401,28.1418843974632,6.38493191559367,4.49311184517473,1323.7490983947,134.682235896646,1319.24066638732,216.687458400293,92.3418717705637,2500.6387235462,84055.3553506356,19.3801898679855
3.36209030975937,26.2866402670623,0.123546233949297,0.505639947779586,28.2684611683223,6.14173954174886,4.51977264559575,1327.50135970324,132.492483037556,1323.22607877535,215.389923017933,92.5393119245448,2504.81138270435,83623.1976726387,19.3755521832816
3.46271242731049,26.2035832451383,0.12112334467311,0.453743543995872,28.4048796825214,5.90287473284974,4.54535857428381,1331.05759359072,130.256001679021,1326.98545731921,214.043755663642,92.7187013696625,2508.55221830993,83245.9815092634,19.3709438397459
3.54707065943967,26.1291036805877,0.118726515348386,0.415206510216665,28.5436386655977,5.67283181680761,4.56965507512056,1334.11632046526,127.958300041354,1330.22203175864,212.60763667981,92.86108267955,2511.31387656932,82896.4917575695,19.3663660529996
3.61421712521905,26.059688317524,0.116358321690305,0.387826064393886,28.681015496817,5.45515742061519,4.59235777916907,1336.63079241973,125.604211124313,1332.89239945901,211.079101456587,92.9648978716663,2513.02277386327,82604.6339381089,19.3618180914684
3.66464408891342,25.9952415940626,0.114024648124667,0.36958800023409,28.8147308836806,5.25151473441891,4.61334302759594,1338.65095560585,123.210962195669,1335.04766496197,209.467605768573,93.0345260774588,2513.78513849153,82427.7461258855,19.3572977258738
3.69893407596323,25.9401536801163,0.111740605761206,0.359528899334357,28.940683772542,5.06307153373454,4.63266027148065,1340.14489204478,120.799741721706,1336.65547966096,207.766299739828,93.0681050022358,2513.55783886229,82315.9539810519,19.3528067187657
3.7178775618895,25.9011801888637,0.109524290207086,0.356896597680064,29.0545710015667,4.89126582021711,4.6503318072931,1341.07178294087,118.393734283751,1337.67407283274,205.96597194465,93.0630515115321,2512.28196610481,82231.1392089212,19.3483470569876
3.72405535193029,25.8832337375572,0.107382051496634,0.360240761756094,29.1549506503017,4.73715791794397,4.66627454872495,1341.51642975954,116.016046926596,1338.18748690992,204.078229648653,93.0255436196992,2510.12699564287,82098.267090598,19.3439223518338
3.72297799107089,25.8864110601669,0.105301673800279,0.366780896528322,29.2455240225458,4.60043021926481,4.68031812074249,1341.75611403832,113.686788120618,1338.47250128431,202.146381268148,92.9749817690623,2507.60984852746,81817.2414203338,19.3395377905974
3.72134149861266,25.9048769128446,0.103258045595684,0.372832603449133,29.3358742298875,4.4779367811393,4.69237135287011,1342.24922096543,111.42147318501,1338.98675234594,200.244013151807,92.9428123133685,2505.57249786194,81474.1361890569,19.3351913624496
3.72398280815893,25.9298076653393,0.101227601636193,0.375963876094268,29.4353363894889,4.36475261156876,4.70261964540853,1343.33702110829,109.223205224335,1340.07067997923,198.42707569852,92.9519066535575,2504.63543220251,81135.0956035597,19.3308806504978
3.7310784012994,25.9539919668474,0.0992086507501587,0.37641900759384,29.5469164464605,4.25676867014888,4.71149325187543,1344.99926284681,107.080122272489,1341.70357422998,196.695692565149,93.0001784196981,2504.75403028621,80912.3117537707,19.326599865183
3.73579529613695,25.9738117423995,0.0972282565175159,0.378315219543513,29.6646378601011,4.15272010468801,4.71952698837356,1346.81362146733,104.969474998023,1343.46232192841,194.993851139077,93.0583716134618,2505.15170099197,80969.3055519931,19.3223390671679
3.72505360198374,25.9886318288192,0.0953198800017222,0.389507635174076,29.7732590554237,4.05703195974671,4.72697816756836,1348.01114860132,102.859749265268,1344.57565382629,193.226841230696,93.0746617420768,2504.42675313738,81194.2861464183,19.3181038853762
3.68662234058885,25.9996855426935,0.0935080502797367,0.416865618109189,29.8570159593072,3.97866625359728,4.73348278063437,1347.91806681177,100.726878796723,1344.36658243169,191.323596487758,93.0050808237705,2501.36102596113,81479.2573927794,19.3139020155081
3.61489244987165,26.0089744716763,0.0918181200455184,0.464809649751877,29.9079542721233,3.92492063745184,4.73845723491612,1346.35814588654,98.5729259341107,1342.65634824946,189.285280686162,92.8398700232344,2495.65405706268,81923.0070569995,19.3097310568172
3.50006268450662,26.0182681447574,0.090333996964899,0.545896139483475,29.9220105602785,3.89993896756611,4.74156922755146,1343.37550004208,96.4322154707132,1339.49059621847,187.161922930753,92.584318911454,2487.44074666132,82776.4425994683,19.3055844064609
3.31643167157787,26.0289083488367,0.089197922492723,0.69644000333947,29.8908681504677,3.91278710799115,4.74212448020248,1338.63877287879,94.3765503435109,1334.54988201742,185.016240691871,92.2205110717395,2476.25887564716,83871.8078793516,19.3014735170077
0.0373174200417041,26.0422100742451,0.124735077350403,1.17001433147879,29.9012197370435,3.68184638844097,4.77439194860312,1331.77773340468,92.5128894686903,1327.51665674755,183.108937395272,91.6960201225446,2461.73286419074,85045.7357022385,19.2974057103677
2.54276112422696e-09,26.0644594057824,0.182810100287316,2.79178469834769,30.4136548719304,2.02464235070856,4.97535443260455,1324.39226307275,91.1603101344416,1320.12974442088,182.922223662687,90.9953494591866,2447.75060112736,95400.5870639596,19.2934118388045
2.0828827304122e-09,26.0955695241531,0.221146476868111,4.20317160912235,30.6412134760892,1.03188209597514,5.10231930332434,1317.38956470768,90.1905582164678,1313.05924713596,182.86790343937,90.3887385293421,2434.79302519975,96386.9165490235,19.2894317868912
9.95632510474092e-10,26.122621632879,0.377631259483895,5.58084037089207,30.6879664637332,0.34226296604264,5.19900172994207,1309.02969126652,89.8366811615095,1304.58018879037,183.210904431935,89.7255764679115,2420.1923187229,97304.5143527285,19.2854948787302
2.4856082596252e-10,26.1366862091551,1.77155587622559,6.95188383385823,30.3607525517377,0.0253847220931907,5.26718663314233,1304.98648305036,90.8097125304315,1300.25121575719,184.455264317966,89.3767211682006,2414.40273655136,98197.0010376245,19.2815998373716
1.75606334401745e-11,26.1358666304735,6.04882037704784,8.25691904095458,29.7068281865669,0.00247177350276411,5.31085312886641,1302.94346705799,93.0799963812537,1297.77582232099,184.339503904315,89.1551477267502,2412.06100943741,99042.1667245533,19.2777467662563
4.18211005788437e-13,26.1220652901426,11.2294316403148,9.51749889199629,29.0091364453936,0.00169866023142295,5.3524123235553,1300.46144160095,96.3550135529521,1294.78212922337,183.50322298317,88.8795297770816,2409.19255067616,99797.1432221848,19.2739360539056
4.53348878805736e-15,26.0975075748187,16.3669366159379,10.7016089366809,28.3111591793537,0.00133736143274483,5.3937536370414,1297.26955930471,100.270914008858,1291.04567831565,182.650661531192,88.5389079524063,2405.53131112142,100471.004789669,19.2701675576316
4.98334855601389e-17,26.0635299499388,21.1518498276932,11.7584690630956,27.6297056019592,0.00101237529193009,5.43415620874659,1293.94185185913,104.518721387143,1287.18981698672,182.015497124321,88.1825254970747,2402.02494705224,101059.289190906,19.2664413677704
2.22023963579459e-19,26.0210725437232,25.5949739855171,12.6626798133521,26.9724681238623,0.000701919401397748,5.47295335427094,1291.13787698773,108.956366687271,1283.89312430485,181.578105983988,87.8611946612841,2399.70967318622,101575.441576978,19.2627575022093
2.77467258065354e-22,25.9721048836395,29.7980583872843,13.4207979304388,26.3405058946457,0.000426106591656045,5.50991577373875,1288.8225755714,113.484674407311,1281.10656104377,181.194915989089,87.5742986071287,2398.35386689532,102040.664526231,19.2591159931174
2.03423167513045e-25,25.9208456014826,33.8033606804218,14.0567469964178,25.7315134924319,0.000213326065884063,5.54522193206613,1286.93258295549,117.927489397464,1278.73068337701,180.801640405295,87.3189388295215,2397.6469803074,102420.681475114,19.2555173420914
-2.17897782883653e-25,25.8715360750671,37.554802041751,14.5945539562297,25.1436128081819,8.67801770895487e-05,5.57922256865164,1285.51480383705,122.103987138017,1276.78055919168,180.445118118524,87.1000113051526,2397.53497674687,102709.655634004,19.2519618419269
-1.84978948888296e-23,25.8261228227883,40.9517713200671,15.0503833601305,24.5774019818478,3.06990034710649e-05,5.61220741559155,1284.48404232681,125.931325236728,1275.16180297633,180.200373908459,86.9125079292244,2397.84703552449,102782.264967658,19.2484506078907
-5.14770126485163e-23,25.7852372416268,43.9619295088222,15.4326067051256,24.0391643229243,1.03331674850559e-05,5.64400935054373,1284.12457834682,129.418453761446,1274.16787701354,180.146457125756,86.7757239209893,2399.13334171998,102519.392948942,19.2449847483719
-7.08555244336266e-23,25.7500123717421,46.6835409628641,15.7488138097174,23.5395474490494,3.29496373598629e-06,5.67397181626506,1284.99826736598,132.596395467878,1274.3753623862,180.308170829032,86.7272187222308,2402.40880303448,102142.9167028,19.2415631347225
-7.3019518485419e-23,25.721378030627,49.2665554367224,16.0110763094204,23.0822106751185,9.34960694064769e-07,5.70171330762861,1287.04417093866,135.47885843745,1275.73515558179,180.589309995054,86.7615634769567,2407.53084974367,101748.910855165,19.2381853963912
-6.61485603099719e-23,25.6990834733598,51.8125685517837,16.2319009248109,22.6612628038963,2.4334305711725e-07,5.72742583365739,1289.69024760127,138.067422753912,1277.68290598371,180.864238255204,86.8387119201908,2413.44953463244,101358.276249321,19.2348516917574
-5.74671145898926e-23,25.6815557546731,54.3481733210861,16.4183194859165,22.2676458668276,6.1113095385242e-08,5.7515588436901,1292.38690248517,140.358476702818,1279.67903473721,181.068918655638,86.9210518098115,2419.18945338403,100977.568078359,19.231562289635
-5.01643002213828e-23,25.6660690293182,56.8474504065256,16.5703238631543,21.8938698504011,1.51813514402583e-08,5.77452618786821,1294.8451939138,142.350096023515,1281.45299666122,181.203714480531,86.9896662359701,2424.27084475874,100611.792718483,19.2283174645344
-4.46760210254143e-23,25.6502422716883,59.2767487014906,16.6866954393274,21.5349858458388,3.76151598675056e-09,5.79661682023396,1297.00158316091,144.044192629137,1282.95768766133,181.295233446031,87.0411616038874,2428.61776674584,100264.448827162,19.2251174941228
-4.0439177406807e-23,25.6337559537382,61.6221928504518,16.7702706068063,21.1875555891113,9.32781950757733e-10,5.8180333312105,1298.8859273494,145.447777296326,1284.22813485218,181.364913135546,87.0780506991626,2432.30468997741,99992.701949897,19.2219622026584
-3.68689857602141e-23,25.622474454538,63.8878062558605,16.8292588427179,20.8472590803466,2.31983932732231e-10,5.83902079448143,1300.43818577119,146.58113794911,1285.20760038052,181.407155691831,87.0965476302084,2435.24370355782,99858.4809917885,19.2188513239168
-3.36391625654866e-23,25.6324120161217,66.0842847547114,16.8758981233794,20.5081845739773,5.77913719564754e-11,5.85990865569494,1301.45674498568,147.480760264053,1285.7110865984,181.391193020455,87.0838130198322,2437.11355256267,99782.0930592277,19.2157857807062
0.566742783672481,25.6735002370047,45.9549770650653,16.9750435079943,20.3691738880271,0.402224261382929,5.85497534230426,1298.63470785775,147.679693736307,1282.57496481523,197.803509436781,86.9267851277875,2442.01060193513,90504.9246369259,19.2127502280737
0.686218274997882,25.7526474852628,20.8142110490823,16.8869430458182,20.2299494155411,1.0781747599456,5.81875679925221,1290.06145428305,147.776129722557,1273.9567169556,216.834307078753,86.4469628762036,2438.8365966478,90295.0880985338,19.2097784362246
0.807121850593109,25.8652853355257,4.97606623535553,16.7540044848706,20.1348291334976,1.46148674247984,5.80104865210675,1283.11502524885,147.963656633127,1267.10055904852,228.602927045798,86.0384752744225,2434.25195789507,89742.4376116084,19.2068560494796
1.16544291682294,25.9887433162066,1.16419042711382,16.0608876164367,20.1219456080955,1.97034957950059,5.73366244332793,1280.94206822745,148.17441954519,1265.10778965288,230.989643923737,85.9929864657553,2432.36225342214,89104.8373075841,19.2039816818852
1.39978596549406,26.0981441064944,0.519389657001869,15.1089844391389,20.3267071185799,2.45487204382169,5.64771698455538,1283.03886235827,148.329192139653,1267.43869713359,231.685777547177,86.2723509174022,2436.82246452576,88498.3026503974,19.2011546661129
1.56849665122485,26.1812903115599,0.239427452656399,14.0989350417758,20.6938912803166,2.85944729967685,5.5611635969366,1287.46201712234,148.37264137333,1272.15530957185,232.818272397323,86.728016944694,2445.52258176361,88018.0400980968,19.1983743275415
1.63980686849801,26.2389132186157,0.16375395311046,13.1146864843465,21.0837381656107,3.24030861702278,5.47622818474103,1292.32133676975,148.270329837835,1277.3645208258,234.092388811251,87.2203639890007,2455.00389486323,87755.0309227043,19.1956398714952
1.64910415271212,26.2780194675284,0.156525719508616,12.2079907702372,21.4086267188376,3.62898288196248,5.39489257843861,1296.28754233639,147.987147550586,1281.72534892136,235.258848905248,87.6518609575722,2462.79268199026,87588.0515541392,19.1929525184403
1.65472064101324,26.3056161465877,0.153619597299333,11.3864391305699,21.6854660590537,3.99693995344421,5.32019839025818,1298.82547733122,147.499439196149,1284.67889852564,236.205933384117,87.9866357359403,2467.86510204764,87452.089686514,19.1903131747078
1.66267053130433,26.3258822060423,0.15154726638045,10.6407814367903,21.9298943138953,4.33586504507443,5.25224807272244,1300.11584810032,146.820983353367,1286.39313167767,236.935280996101,88.2381238695686,2470.53216906731,87330.2525090856,19.1877222797722
1.67249489564355,26.3407530518102,0.149871003289927,9.96482698420489,22.1531040119842,4.64604031619341,5.19022161631206,1300.65199388076,146.01563429226,1287.35424223514,237.504477751251,88.4389629702117,2471.71554415718,87217.9765961843,19.1851801292866
1.68301819610053,26.3517699294785,0.14847873222641,9.36567342461315,22.364535249005,4.9283787224022,5.13339926368449,1300.90296551894,145.201746250936,1288.01439299166,237.982252876538,88.6179274705666,2472.33187102017,87118.2258638747,19.1826869370987
1.69307631252114,26.3604324150348,0.147313221239901,8.8562232243512,22.5708249146178,5.18368752041425,5.08130147643114,1301.15924921838,144.500042029846,1288.64297056312,238.418429885658,88.7911390285508,2472.97754148073,87032.7887122366,19.1802429200866
1.70129705161802,26.3676536977106,0.146389505061793,8.443480246373,22.7735366852306,5.41206822906568,5.03382589947458,1301.46887370189,143.980696603092,1289.27672774052,238.818623285249,88.9593715608649,2473.77844265729,87219.509362351,19.1778459718468
1.7071110937269,26.3742420538812,0.145775687750869,8.12544055463269,22.9617952060756,5.61102429456394,4.99187800468115,1301.29281727718,143.671405349148,1289.38406819035,239.072103536502,89.0843792113435,2473.76925680655,88033.1015779749,19.1754936822841
1.71383833989471,26.3818910781924,0.145542426602093,7.88255973314765,23.1059782924472,5.78089005973105,4.95693610758469,1299.25733230156,143.580359776877,1287.62464211338,238.889895951009,89.0720595574745,2470.45513133391,89111.7126366613,19.1731903561996
1.72547912221034,26.3923435482633,0.145787097940121,7.68048091713533,23.1767205500431,5.92632324717881,4.92982388712537,1294.35839997271,143.72006124614,1283.03593831255,238.034031295616,88.8548749922053,2462.01811473379,90238.1369943384,19.170938280156
1.74283811116357,26.4065526064982,0.146559886273001,7.48964005129388,23.1646383805418,6.05114369016547,4.91040832028054,1286.89415207858,144.120256563245,1275.93584124819,236.526454350024,88.454587938333,2449.02449884283,91424.2625693424,19.1687375583065
1.76430369776473,26.4286113200759,0.147795932526752,7.29527165630518,23.076561714027,6.15589106393391,4.89816948988281,1277.86692893347,144.781319496125,1267.30444836192,234.558626372058,87.9396300766427,2433.28951989387,92735.9525011416,19.1665880269087
1.78767049367074,26.4718770043593,0.14933816034712,7.08905753444975,22.9230074397712,6.23969762428874,4.89259354684909,1268.53069039616,145.642529057377,1258.3211599436,232.384869918245,87.3934621732499,2417.00286786053,94084.1412910619,19.1644902211157
1.81151482331011,26.5520227620602,0.151146813069993,6.8636553814561,22.7148062716933,6.30148125200766,4.89316342731925,1259.59224994491,146.578537018206,1249.6119821582,230.16385026386,86.8614357396199,2401.30307595158,95417.255027717,19.1624443706438
1.83702808812542,26.6754816055752,0.15303434494246,6.61442122075132,22.4663144685057,6.3398315777597,4.89917927048265,1250.85347757468,147.457141692223,1240.94793421741,227.886816797178,86.328410434257,2385.71642740886,96512.97635946,19.1604510761416
1.86507690991503,26.8365892761355,0.15479014155197,6.34291632048041,22.1999425858683,6.35603462877402,4.90912308679803,1242.63226247075,148.283475437339,1232.67653492323,225.627613376104,85.8184003370202,2370.86545009168,97157.1427346079,19.15851072155
1.89186753022016,27.0226732740733,0.156431396055867,6.06373575281638,21.9425463139539,6.35479924997754,4.92084639130297,1236.33106951271,149.237446963711,1226.27156532115,223.662150668578,85.4332354879564,2359.52721832607,97612.0903495009,19.1566225718247
1.91391244660656,27.2229279762455,0.158020467540926,5.79458320500892,21.711174036163,6.34118495203746,4.93276461850018,1232.54526761269,150.448320510037,1222.39546794398,222.127077502226,85.2182169345012,2352.9671057376,97960.9335518612,19.1547864932519
1.93283972547806,27.4311082956356,0.15954475611144,5.5398140980511,21.5103487878934,6.32253871247075,4.9436724078588,1230.52229792108,151.863134577808,1220.32559322709,220.904907951134,85.1232504905716,2349.81164989868,97878.1026920134,19.1530032749752
1.95123232705042,27.6383307076769,0.16089503690637,5.28854773216822,21.3493001809538,6.30935810532353,4.95163423604022,1230.03714581571,153.37764790782,1219.82922845428,219.953350293393,85.1343349701417,2349.56550657385,97094.8972769756,19.1512736084411
1.96745803529547,27.828492802105,0.161972590748153,5.02940690438007,21.2494325332909,6.30791775388607,4.95461265538296,1231.89738287991,154.944474182537,1221.68432684202,219.413742691473,85.3087090186914,2353.63901915343,96099.28535489,19.1495966826281
1.98022032711924,27.9893086605273,0.162735987613845,4.75987333333653,21.2235338533564,6.31819778665533,4.95192251539309,1236.34335628392,156.527989448088,1226.10618122857,219.331313642472,85.6629117327025,2362.42259261369,95069.1421725857,19.147972263015
1.9914797783323,28.1190045881685,0.163184265813776,4.481633991245,21.2673963797728,6.3391681867187,4.94395491617512,1242.64350570474,158.05994777846,1232.35802854817,219.573698494501,86.1453578993427,2374.52405125025,93897.0576118378,19.1464007856654
2.00430324154154,28.2216687281506,0.163294514747483,4.19367172304257,21.3719945738696,6.37186763349628,4.93105938886467,1250.0518978092,159.455831018825,1239.7080489989,219.992336927181,86.7040941616576,2388.52262144009,92477.3257341829,19.1448828154208
2.0201634411467,28.3018290957015,0.163062097594195,3.89257630294274,21.5326939281256,6.41692072297665,4.91337676478202,1258.35784244411,160.643809112932,1247.97058939468,220.521026152076,87.3248806592267,2403.98588492954,91050.2851128523,19.1434179942828
2.04026626708589,28.3632724621059,0.162499775944372,3.57919821862259,21.7443436612301,6.47176537943353,4.89153609015396,1267.39460770081,161.578674113602,1256.99807898764,221.108279635388,87.9957406177118,2420.57968207083,89712.7074650975,19.1420061613169
2.06599153475346,28.4093987330622,0.161666711612118,3.26149384744612,21.997203011645,6.5303631538817,4.86694669009713,1276.70851290058,162.240993173746,1266.34101635411,221.671513268084,88.6834379070853,2437.46308325229,88584.0883210199,19.1406469031628
2.09830432999855,28.4443773905681,0.160651065510767,2.95263869056033,22.2764493705464,6.58423164548069,4.84166858850058,1285.6297623352,162.627066993662,1275.3186976215,222.103116327164,89.3386672930535,2453.40628600339,87778.0266430831,19.1393395986212
2.13825703641234,28.4742649352017,0.159526798108044,2.66525808742871,22.5628665417696,6.62639276512459,4.81779229713336,1293.40872753944,162.726462355389,1283.15916388967,222.280090287453,89.9064773653921,2467.01774211595,87137.2728215309,19.1380847699284
2.18590048365801,28.5046830607317,0.158337442649803,2.40684999278068,22.8406039114949,6.6530783971401,4.79675063945192,1299.65150093985,162.536240212173,1289.4464984783,222.136496736677,90.3576683328416,2477.55781025684,86582.2637981283,19.1368828158241
2.23901346951807,28.5382421762063,0.157114695770085,2.18104931508222,23.1020484327424,6.66148133265133,4.77936660171228,1304.47358585492,162.086023811212,1294.28349925413,221.696440900219,90.6995287013545,2485.24938536138,86240.6536931131,19.1357331605285
2.29364956225224,28.5733535858407,0.155909951551671,1.99079806975949,23.3414034549215,6.647765603011,4.76650824363243,1308.00067759313,161.421327094864,1297.79233371402,220.995993012904,90.9405293295731,2490.36066136014,86304.0718982842,19.1346349113222
2.34759251048487,28.6028195211486,0.154760781784509,1.8355434183175,23.5467197020754,6.60964005285746,4.75918296007178,1309.91496568807,160.55900589072,1299.65989720881,220.007208099877,91.0591957396442,2492.34662447798,86562.9118005693,19.1335892920905
2.40091724337786,28.6168108422457,0.153677543880988,1.70898655004702,23.7063957375514,6.54794165429239,4.75793222053094,1309.89066500012,159.492338033824,1299.57070529259,218.700902317896,91.034700822003,2490.63629984559,86890.1557988917,19.1325971626653
2.45549388933774,28.6087763319793,0.152612552686418,1.60110916057641,23.8182615342119,6.46693591546877,4.76226339441663,1308.20929337995,158.239604496238,1297.81560061389,217.137145027821,90.8891045979834,2485.77353415195,87021.5960245201,19.1316596320036
2.51450864357877,28.5793719943361,0.151470780408747,1.49964575220085,23.8956935727881,6.37418051852858,4.77032586742173,1305.94576679336,156.866594714938,1295.47654307489,215.491197672589,90.6997050126009,2479.7672393698,86659.0419443333,19.130777678488
2.57830538885276,28.5370618097226,0.150191344250253,1.39603713042999,23.9672513209946,6.27472654234826,4.77976240771198,1304.81714206677,155.501376123764,1294.27473870653,214.033797423064,90.5870871062956,2475.82903548379,86139.7804605596,19.1299501278503
2.64480906122715,28.492579087394,0.148773354457591,1.29010974797396,24.0571510462711,6.16895639970331,4.78913720834422,1305.91204756853,154.252052379408,1295.29785382837,212.932916021022,90.6262670423738,2476.00849423954,85642.549228164,19.12917632484
2.71272201269514,28.4528442694484,0.147268919395566,1.18682394241747,24.1718471217982,6.05615016064846,4.79819796417185,1308.81705726389,153.11224974616,1298.12951590022,212.118128231806,90.7872489591615,2479.54484771243,85179.8208247419,19.1284562181753
2.78118803422536,28.4195143867095,0.14573145202391,1.09143011839406,24.3054797541088,5.93678718861425,4.80722792728868,1312.56205452372,152.019478854127,1301.7960039648,211.433528651382,91.0020204518299,2484.62814492299,84719.2197103068,19.1277899476451
2.84838958217276,28.3906157980977,0.144186165121406,1.0076577900999,24.450186772413,5.81264590742258,4.81642951400476,1316.41251243854,150.908973450265,1305.55996675952,210.761671942263,91.2200241621151,2489.87604748388,84275.7945550183,19.12717748479
2.9118713231778,28.3632095604749,0.14263366542562,0.937015771949655,24.6006574806188,5.68622171111041,4.82574484614394,1320.02091936978,149.737026556971,1309.07222669574,210.045978620247,91.418210349297,2494.62466676622,83856.6651979867,19.126618811562
2.96987612071738,28.3353726382311,0.141069798713809,0.878709725767917,24.7541455781121,5.55977677063628,4.83499681128272,1323.28975505774,148.48542700201,1312.23463039841,209.269478737431,91.5907965123555,2498.68306967773,83480.009504574,19.1261138690752
3.02206580278646,28.3072127830104,0.13949598750606,0.830406972854812,24.908973646914,5.43448635423102,4.84410338850625,1326.21056084547,147.153854987931,1315.03944678053,208.430826163103,91.737638326091,2502.03674071888,83171.8682805118,19.1256625755636
3.07013997399119,28.2813284984825,0.137912602553946,0.788716318770641,25.0631617664478,5.31034881456265,4.85317447601403,1328.76206499794,145.747675520193,1317.4684818885,207.529224355524,91.8570833479327,2504.6552914372,82899.9105365724,19.1252650533004
3.11702324047797,28.2613150770604,0.136316902578465,0.75028729433183,25.2150814902673,5.18647344070369,4.8624314081519,1330.946226655,144.273477601945,1319.52806610246,206.568346308903,91.948777418499,2506.55269364626,82642.5120655868,19.1249213872836
3.16522023590454,28.2495542367765,0.134702473222792,0.712927122527899,25.3644227732077,5.06178874687115,4.87204503235008,1332.83763679807,142.740016873376,1321.295931792,205.561483396669,92.0175243317627,2507.87402962345,82379.4648299117,19.1246316296579
3.21609703225936,28.2460210779001,0.133059631599734,0.675705689366771,25.5123364980937,4.93567734369573,4.88203507132584,1334.56893068552,141.155599805873,1322.90536581252,204.5287679818,92.072569933135,2508.86596059494,82089.0486216471,19.1243958017962
3.26965896394231,28.2481048699498,0.131377414039167,0.638689575319861,25.6611032723689,4.80789602421888,4.89230126191174,1336.29182141008,139.523745783827,1324.50635953849,203.492549693444,92.1249527749281,2509.80395348782,81793.7841297165,19.1242138017208
3.3248969404084,28.2521415282023,0.129649304390006,0.602608305937713,25.8126500387081,4.67846832771175,4.90272499792464,1338.09785489614,137.843947785677,1326.18746764893,202.466271150022,92.1817108126037,2510.85083032896,81511.2791767746,19.1240855464938
3.38033733708834,28.2553941116542,0.127879599248142,0.568434832611995,25.9673405738879,4.54769514661432,4.91323785756257,1339.97434713854,136.115871436993,1327.93316309067,201.448041713119,92.2424760752123,2511.98135080415,81255.1651939281,19.124010984083
3.43413785693532,28.2568965669582,0.126082146906503,0.537310976118707,26.1239267336556,4.41620844574646,4.9238161641762,1341.83122513821,134.342027085792,1329.65154778937,200.424701709212,92.3012301344053,2513.03341733667,81038.7512947123,19.1239900942652
3.4839080623412,28.2572773513948,0.124274075054406,0.510599690441415,26.2800928158482,4.28534839643166,4.93439428266608,1343.54961950689,132.527292511109,1331.22326818152,199.378770630149,92.3498243080798,2513.79574339715,80853.5319638065,19.1240228887511
3.52732233171743,28.257876693611,0.122470033923736,0.489193594863356,26.4335386514657,4.15712287961084,4.94480761831395,1345.04094735003,130.678318513621,1332.56017954818,198.297157775028,92.382273975379,2514.1138852464,80691.7501921085,19.1241093660123
3.56317311071192,28.2597989807095,0.120679655786683,0.473087488835172,26.5827778907323,4.03343282041196,4.95485939956242,1346.27865209229,128.803649789687,1333.63617501669,197.176148190972,92.3969629040919,2513.94701240782,80552.4997970238,19.1242495171801
3.5912200570589,28.263352573195,0.118910484033293,0.461907555894439,26.7271010925712,3.91557545810612,4.96439629287238,1347.2805137786,126.914052329484,1334.46850770209,196.019300102366,92.3953323390849,2513.33555776775,80438.5529147977,19.1244433426968
3.61110447073802,28.2678463362039,0.117171280895972,0.455631334829192,26.8661733685561,3.80459439224829,4.97328251352994,1348.07495198859,125.023164748438,1335.08331119344,194.833023601102,92.3795568974817,2512.34050169435,80345.8964242632,19.124690830018
3.62229667982217,28.2720390189592,0.115471420967926,0.454324758853046,26.9998431910199,3.70167771518433,4.98135247651921,1348.68805088946,123.14534616568,1335.5034842684,193.624119990008,92.3517175205011,2511.01884293205,80270.5033334221,19.1249919502122
3.62358191293313,28.2749563347702,0.113831710232139,0.458352822796982,27.1276483602725,3.60754652231102,4.9885239202622,1349.1225962521,121.293302917748,1335.72949585279,192.397084335413,92.31228755353,2509.38574891346,80329.3648147602,19.1253473119778
3.60971704300222,28.2770376505351,0.112310531525211,0.470948939833198,27.2450254804822,3.52245364527369,4.99501912808919,1349.16267234094,119.479552504459,1335.5472943036,191.134997757173,92.2468844892744,2507.07196835726,80753.181957241,19.1257585288945
3.57159489903403,28.2817400824105,0.11098388185331,0.499433854888227,27.3383692734122,3.4494115543102,5.00120233461433,1348.11181125746,117.714932474949,1334.27361876968,189.776517924645,92.1094051668588,2502.86698145661,81411.5995855437,19.1262251075292
3.50270830039511,28.2949207315645,0.109916971535214,0.550554965828066,27.3917117353047,3.39433856541604,5.00716936076615,1345.20726287752,116.008074634584,1331.16949217651,188.266031080126,91.8507155822453,2495.45921554289,82155.6382579669,19.1267458662291
3.40241442337535,28.3218524791344,0.109182928460839,0.629832539876368,27.396341435423,3.36081708967904,5.01292850712657,1340.21633900223,114.375496150203,1326.02326963353,186.616614480422,91.4577469409666,2484.49118555194,83111.7535010347,19.1273210292706
3.25939544988235,28.3639646145495,0.109010550567066,0.760885476672961,27.3480070460029,3.34978599817079,5.01864239134854,1333.34032975904,112.877597368864,1319.03391419435,184.923343161884,90.9457765268919,2470.40988150696,84610.5611078466,19.1279514551645
3.03943997858548,28.4158127127712,0.109807022274663,1.01757712182384,27.2397846584005,3.36911569714577,5.02377398342364,1324.52522589549,111.641034499794,1310.10233589893,183.344879883258,90.3127995097365,2453.27352056978,86419.9600661139,19.1286354278025
0.017643577183092,28.4663742868005,0.173305807993298,1.81206700637678,27.1924701843931,3.00452298219167,5.07935280841646,1313.32333706801,110.793385794011,1298.74623738698,182.250843999161,89.4746233768358,2432.55178796663,88328.4140591221,19.1293719197129
1.34931723820551e-09,28.5072061875113,0.282071856584673,3.96370130118753,27.5584823801289,1.24432073937545,5.30575210740919,1301.44827294819,110.788891970642,1286.64185042648,183.150580970122,88.4235340314038,2412.28535383365,99733.038332356,19.1301570198324
7.47954561186328e-10,28.5284739005822,0.65660567688375,5.98104629261617,27.5291970901215,0.289358611377628,5.44537515273879,1290.81825680917,111.336752036023,1275.5147379486,184.637874406065,87.5382842617418,2394.75287083623,102502.436541291,19.1309998186924
2.01800988757131e-10,28.5441281498025,4.38922533401405,8.01316495832456,26.8944170533919,0.00990459385753963,5.52496418446301,1277.61148468547,113.005420969026,1261.65081823052,184.623658835845,86.5188691470651,2372.63146937393,105491.824327518,19.1318947803196
3.35307569889521e-11,28.5701587244281,12.2201912580785,10.0634236906096,25.8942334786821,0.00176468914587054,5.58201291690259,1266.14476421324,116.868730685098,1249.52539214361,182.017945141953,85.6094839563094,2353.57582390395,108473.408014739,19.1328415758403
6.65939689161428e-13,28.6131062269113,21.0013174832472,12.1453701526921,24.7798271210837,0.00135477373658317,5.64282533491968,1253.81900720032,122.797305919088,1236.64186670533,178.724640073994,84.6175985690206,2334.2504645616,111011.768525516,19.1338398378841
4.51649069627518e-15,28.6700195184582,29.3419740338278,14.1563640762766,23.6284938401324,0.00109591926771645,5.70639407394548,1241.5401446381,130.222154776378,1223.84444856668,175.975509177252,83.6087702616255,2316.47037706963,112734.492600932,19.1348893455643
2.71762066710716e-17,28.7348170312841,36.7207837676431,15.9212385866483,22.5227394311936,0.000797055554387727,5.76820034206655,1232.10424734084,138.36012237519,1213.78248623844,174.25383438849,82.7811939757464,2304.61066554198,114054.453514675,19.1359904968387
2.45830800273146e-20,28.8032409856136,43.1091654758997,17.3256367884622,21.5048808412719,0.00049276195045862,5.82531553959449,1226.89907803296,146.695666300221,1207.73476196944,173.437141426579,82.2342566627905,2300.4986026659,115076.7983942,19.1371432840824
8.14759448589284e-24,28.8732035724261,48.6442686119414,18.368819033691,20.5809667854211,0.000253937510412282,5.87714194550445,1224.66271859115,155.019030574366,1204.44591845561,173.087100680364,81.8843166333944,2301.55687715359,115623.576453462,19.1383474049104
-4.06977455444837e-24,28.9441008333873,53.4112299287012,19.1123230733287,19.7502438657635,0.000109164894104552,5.92389022205412,1224.01522072384,163.1883049196,1202.62212234204,172.94891962697,81.6412030021957,2305.23978406654,115595.322518012,19.1396025828048
-3.35163786672484e-22,29.0168585457756,57.4495897754166,19.6336162756751,19.0144679564338,4.17455696703701e-05,5.96576787378747,1225.21484299556,171.017035509118,1202.6235147031,173.112270725941,81.5284472317371,2312.00177576172,115287.136098196,19.1409088634206
-8.37015459158492e-22,29.092400735059,60.8482736491118,19.993351195868,18.367468373807,1.55039178006937e-05,6.00323056123856,1228.00364389687,178.341091818656,1204.2577590629,173.547528341638,81.5320263371196,2321.32191547412,114817.812948067,19.1422661495804
-1.04043823743538e-21,29.1705194783092,63.7718257786593,20.2236253861477,17.7954414935934,5.17164930343017e-06,6.03690240004796,1231.67515297468,185.130467166134,1206.83064617398,174.0725182804,81.6033248084476,2331.86691829725,114157.744581651,19.1436741899217
-9.83838624111438e-22,29.2507980434952,66.4091129703473,20.3354148721784,17.2855839489693,1.41186679874165e-06,6.06728407173062,1235.85727739155,191.437091979908,1209.97211831785,174.550534756815,81.7156959472911,2342.9559319707,113302.189584447,19.1451327322017
-8.38682437377011e-22,29.3337827348519,68.9281285184073,20.3308232852396,16.8282905797172,3.33443408158795e-07,6.09477750024634,1240.51715300012,197.328045011557,1213.67601055406,174.965419849822,81.8670412004656,2354.59737345369,112426.928398114,19.1466417438898
-7.04246674586958e-22,29.4202129468238,71.4370953454043,20.2214922424159,16.4125882450905,7.45341809002332e-08,6.11994202184899,1245.45349755962,202.832414110422,1217.7649584773,175.339337773853,82.0441432251186,2366.5030354315,111598.057129778,19.1482011069319
-6.04317370067688e-22,29.5094421084824,73.9803926625281,20.0326570450936,16.0267758050564,1.64502304280406e-08,6.14341643830717,1250.30936334558,207.925715161134,1221.88070518372,175.683466908509,82.2227138877964,2378.04770658898,110731.757931968,19.1498104871954
-5.30920212348644e-22,29.5954624591886,76.5616617732586,19.8014152177378,15.6636047110098,3.62768038060202e-09,6.16560781596672,1255.00227979998,212.535772385592,1225.91679440905,176.024851490103,82.3969436753337,2389.03021538586,109763.348229106,19.1514695215889
-4.72398576922326e-22,29.6654199625274,79.1628839487783,19.5746372223924,15.3206360879354,8.0424097432304e-10,6.18665974363808,1259.73986364344,216.56370515869,1230.04504262482,176.404569298319,82.58067711554,2399.72473961257,108851.850004354,19.1531782272847
-4.219137858728e-22,29.7103212355605,81.7662744650662,19.386176554863,14.9944506073509,1.79987184999332e-10,6.2067620131587,1264.49702131755,219.955033045434,1234.21956206346,176.814318167117,82.7719709678116,2410.02344289105,108039.629694239,19.1549364903324
-3.76822840600905e-22,29.7306096162739,84.3635123568253,19.2443008138842,14.6791905297239,4.07532168842479e-11,6.22623094778986,1268.95158002482,222.727881815835,1238.11996115551,177.199101509521,82.9487497344886,2419.35565615368,107445.785679907,19.1567444024524
-3.36317278804668e-22,29.7315154021472,86.950026615195,19.136777127547,14.3667984547373,9.3416935829738e-12,6.24549560471556,1272.61256392974,224.91806806619,1241.26369345949,177.481024718599,83.0772000790213,2426.86638265093,107163.868472819,19.1586020723939
-3.00026677946673e-22,29.7176885479619,89.5240170554671,19.0390893632523,14.0487570162961,2.15693059868022e-12,6.26500473288078,1274.99410046766,226.516103252768,1243.16485690813,177.585421552935,83.1235091018943,2431.66939197572,107006.249768393,19.1605089070361
0.600768140206687,29.6982090597927,70.4384870620175,18.9803615119519,13.9022485972996,0.401126322344019,6.25935341151669,1270.68477134291,226.52619053321,1238.63218481655,193.260883970412,82.8386961474636,2433.4888178435,97684.2109986381,19.1624717627033
0.724532654646007,29.676133039025,46.5484515649215,18.6981127389941,13.740878627349,1.04862848888926,6.22633409772935,1257.12055173602,225.619705047572,1225.19552351038,210.85119177007,81.9965409985068,2420.27351865814,97441.3409323318,19.1644755954054
0.74372260209351,29.6416022237429,28.3533576231685,18.480786405502,13.6787854560619,1.3261068324087,6.22675890009829,1246.59924596224,224.844797948971,1214.83245220802,224.477400243444,81.3077398993178,2409.9780476412,96887.1214675236,19.166526689467
0.790904852711353,29.588035236191,11.2252299730635,18.1824691045383,13.7928297626269,1.49384195263387,6.22820450172821,1243.35389123436,224.471691560314,1211.76818445516,238.709359929452,81.1135838063886,2412.84965751466,96298.156345462,19.1686253828997
1.05571100231243,29.5139591112764,2.0963921118954,17.4762853663253,14.0036334786389,1.76573555102792,6.19083439332653,1245.77542095891,224.405971826783,1214.45610473125,247.896829858831,81.338966300971,2422.75416961316,95762.3804751446,19.170771666305
1.27008388588224,29.4220280104343,1.07725388585522,16.4020652467035,14.2662467351163,2.14536365684753,6.11732708435279,1250.67653856959,224.424304679596,1219.69705602559,251.629892926752,81.7712129391485,2433.80343307166,95257.754814963,19.1729652281445
1.38862050340761,29.3214080885454,0.71140011506204,15.3501601331028,14.5997115402887,2.44654477749724,6.04907132799768,1255.75331341737,224.348337386034,1225.19101852288,255.549360470014,82.2275715948699,2445.27593346388,94754.6800446282,19.1752056982918
1.46421042393686,29.2304653802843,0.52874461116021,14.3798894167573,14.955862722518,2.67722216520487,5.98944604950352,1260.11079892713,224.105688862182,1230.03164362595,259.488013446955,82.6403291001625,2455.46534387779,94280.0638687329,19.1774928833728
1.50999830029429,29.166145326536,0.430937465816664,13.5046103171323,15.3106961116572,2.85790128238152,5.93753321565296,1263.69790768887,223.6971897195,1234.14341591858,263.250489276618,83.0029717975791,2464.14267092197,93840.7533288332,19.1798265385235
1.53621066507589,29.1342477569775,0.376635667804995,12.7194455690043,15.6568029981318,3.00352662406153,5.89179571079439,1266.70431712632,223.156226416513,1237.70004271247,266.789774145667,83.327040956908,2471.6145044013,93552.1146296561,19.1822068734422
1.54993207680085,29.1319315083406,0.346571155325638,12.0255892338854,15.9913608336391,3.12177975510633,5.85125509491158,1269.11615009054,222.541768966609,1240.68126780616,270.102219094745,83.6107790186488,2477.8925671675,93529.5454917856,19.1846341905
1.55606422658039,29.1546582633409,0.331196449033888,11.4501758650804,16.3101117398471,3.21621963630073,5.8156017442436,1270.60871007411,221.94939218518,1242.75651776494,273.165705656576,83.8312281670452,2482.47213264048,93597.2512412904,19.1871075326479
1.55813697890742,29.1992151834025,0.323827842472604,11.0246454586391,16.6106148696869,3.28919744733401,5.78464313730135,1271.02384413846,221.484069245713,1243.75757317621,275.981528731449,83.9766926426001,2485.15144337648,93685.777022943,19.1896262792395
1.55787000911926,29.2635064320094,0.319882443361119,10.7566290605654,16.8934171726599,3.342732778705,5.75804306297943,1270.56068296592,221.217981508946,1243.87428133538,278.585229044526,84.0597934813594,2486.33833830136,93901.0870671065,19.1921905720769
1.55652228610258,29.3464851268913,0.315927006515751,10.6272894660429,17.156571601703,3.3792564977201,5.73544453662884,1269.4287124555,221.18835397755,1243.31407863832,280.970390071168,84.0931596151742,2486.41287724703,94361.1939002627,19.1948006074589
1.55663676340827,29.4482822469494,0.309341821046528,10.599318629704,17.3915211922008,3.40446384054393,5.71626529524558,1267.59187805221,221.413990289855,1242.04758723311,283.020738448163,84.0713408447504,2485.26069658318,94902.6566449477,19.1974553359068
1.5595535518097,29.568996198407,0.300593298729333,10.6351255655516,17.5898380958866,3.42582230945762,5.69967602406287,1264.94630729889,221.892585058574,1239.97879225021,284.605137278516,83.9844471816906,2482.62757444091,95458.1149383972,19.2001541060603
1.56480442723654,29.7071791483114,0.291547586661564,10.7105780384222,17.7502541263021,3.44899093218887,5.68484504802056,1261.64774570387,222.624402645025,1237.26321833743,285.720325432215,83.8421099671619,2478.77781495803,95923.8063262516,19.202896176692
1.57067914196832,29.8564094258091,0.283408792560056,10.8069542295916,17.8802648100553,3.47712447563328,5.67093189945565,1258.39194492147,223.656598983831,1234.58182370993,286.549167765336,83.6927202983099,2475.0377104775,96206.0310521188,19.205680872669
1.57471328970002,30.0026217657603,0.276853268191998,10.8990194917288,17.9930849347955,3.51027257074082,5.65726670218288,1256.02293133344,225.049327803735,1232.75466029268,287.345112726393,83.5961696085498,2473.03307823607,96431.5065708848,19.2085083461624
1.57598028132291,30.1324587875095,0.272139665817273,10.9648249934509,18.0993558818822,3.54674717730004,5.64354589656672,1254.67721217346,226.785279946536,1231.90592937753,288.214351511725,83.5643457725017,2473.04021968554,96639.4510756732,19.2113784199377
1.57567672802205,30.2412228834941,0.268788953836475,10.9952613859813,18.2042866164006,3.58614086710762,5.62953920909809,1253.99430384035,228.788902778584,1231.67821235788,289.132206683238,83.5743957696889,2474.37362663401,96689.5128514907,19.2142902177076
1.5749656588895,30.3338245195494,0.265971312347254,10.9925228231945,18.3131139505762,3.63064334296837,5.61462052257911,1253.87786695318,230.973804535089,1231.97725018679,290.100477916395,83.6204836505148,2476.80684955128,96452.3424000889,19.2172428427434
1.57292702743034,30.4226914359213,0.263450246259304,10.9692627577202,18.434256809205,3.68255948378902,5.59796428616929,1254.72498991592,233.265633898104,1233.18686364168,291.207055438508,83.7293890301739,2481.00581616749,96121.2402006821,19.2202366022811
1.56822268704906,30.5190442950198,0.261472720101489,10.9393053304185,18.5738966829769,3.74236916970414,5.57912192318646,1256.80672078768,235.606493137364,1235.56501252328,292.507458070229,83.919016299142,2487.41304068452,95765.1116260176,19.2232714011434
1.56115192219208,30.6261538591912,0.260213124060427,10.9078261083139,18.7332249708512,3.80898480139092,5.55814069310864,1259.78442633184,237.922393769253,1238.77823049369,293.925467174307,84.1664386702474,2495.35116172431,95396.1999294218,19.2263469168599
1.55277883865327,30.7392473264855,0.259660631172828,10.873791541946,18.9112464359279,3.87993498470515,5.5353823449459,1263.18442648823,240.15460221368,1242.36818009965,295.355577383723,84.4402487921037,2503.91488339107,95022.0687381451,19.2294628019616
1.54406849883268,30.8482736938884,0.259469676076731,10.8371781861594,19.1072807039166,3.95202669936778,5.51129672880794,1266.68742053538,242.258620707863,1246.02950794406,296.727453034053,84.7201435804287,2512.49483449172,94647.4026751375,19.2326186956568
1.53555499535239,30.9443904664796,0.259349526776806,10.7992381359717,19.3201765872892,4.02335546419427,5.48620691628774,1270.14712555635,244.205813967768,1249.62380678674,298.012613434564,84.9975069239216,2520.80989572186,94279.9835658895,19.2358142524616
1.52755255894539,31.0240252308625,0.259110744286859,10.7584719401102,19.5476691899674,4.09450401859872,5.46018008268133,1273.53414507598,245.983771308936,1253.12640850507,299.209432817845,85.2711248488378,2528.80436398179,93862.4095913594,19.2390487749697
1.52025809049257,31.0858247797357,0.258526776996137,10.7035394979493,19.7880409878066,4.16828218966846,5.43294125159716,1276.95689083959,247.573281542218,1256.65990584808,300.337183157712,85.5490910617642,2536.67479703447,93339.4164787042,19.2423214893213
1.51340705765047,31.1260154098939,0.257579266575358,10.6105110324077,20.0408584148702,4.24795760454433,5.40405244747823,1280.63547521597,248.92962290612,1260.47763254336,301.424306660305,85.8473672457202,2544.81312038099,92814.8394819933,19.2456325042018
1.50691879489114,31.140930142387,0.256391020161901,10.4595671407568,20.304807386974,4.33518277765286,5.37333973939342,1284.63386065975,250.006359192483,1264.67513904491,302.465629679077,86.17091382982,2553.32013224121,92330.4329461471,19.2489816985986
1.50149303934228,31.1310386053919,0.254970640978784,10.2460514132578,20.5775420138538,4.43082636366009,5.34081518304378,1288.80810526472,250.78113997065,1269.11986052106,303.424635299478,86.5101077794962,2561.92065548506,91730.0448851488,19.2523676071549
1.49761484045931,31.1030400575776,0.253273122021969,9.97269033508013,20.8608080712841,4.53682782531023,5.30614255659993,1293.20908549027,251.281611714027,1273.86169927773,304.319870735935,86.8691448011543,2570.73363102595,90851.2524477896,19.255788280378
1.4940920729398,31.0702948328537,0.251403915172101,9.64321243065087,21.163519718218,4.65374175347099,5.26880014452801,1298.27425357374,251.605684114289,1279.33788041396,305.264340183044,87.2791283509654,2580.65171394005,89934.9552490018,19.2592445929399
1.48998630122316,31.0457439789718,0.249465183539299,9.26487712355493,21.492860664917,4.77965930042186,5.22869895108773,1304.21214674525,251.841368082642,1285.75730263782,306.321854206614,87.7548818973004,2592.13783022584,89079.7788001793,19.2627369079032
1.48582468544336,31.0353233027579,0.247496401185761,8.84792847831492,21.8482329638458,4.91223113967875,5.18622296996965,1310.70782548313,251.996499023728,1292.80266581624,307.432999505078,88.2745026290839,2604.61943211566,88269.4160193037,19.2662646970703
1.48280743507468,31.037321745664,0.245490306393194,8.40117440619103,22.2246016010515,5.04985473114576,5.1418831978194,1317.29689305214,252.019633397028,1300.00432911634,308.496407763785,88.8054529004192,2617.19494986907,87468.2498461451,19.2698270705589
1.48181000800051,31.0446581100793,0.243417364893999,7.92970283954591,22.6173663602361,5.19123438775294,5.09611673338497,1323.70378695572,251.84391450679,1307.07949474763,309.447469654391,89.3281076446914,2629.29548924945,86710.3792603789,19.2734238927508
1.48339450916917,31.0499503714422,0.241243833022869,7.43725596944894,23.0230853077287,5.33475815363935,5.04933982176451,1329.81983149911,251.421935485468,1313.91232822551,310.257571388933,89.8342090589047,2640.67468500987,86011.3103050882,19.2770549907536
1.4876227945716,31.0493304815175,0.23901084107827,6.93103221255219,23.4377829576262,5.47655158007437,5.00231985615907,1335.54543017663,250.74282395778,1320.396533558,310.903554045022,90.3156135729715,2651.13237275773,85593.2024553744,19.28072398511
1.494572530915,31.0416838332222,0.236830357083749,6.42821766579868,23.850177950632,5.60844571972205,4.95683650210815,1340.42327398013,249.802469899671,1326.06351853888,311.288211355555,90.7385893264338,2659.81019219376,85762.4143789533,19.2844371651416
1.50621569071534,31.0253530160434,0.234733774789574,5.95365269019104,24.2345060984666,5.72324212260283,4.915333227177,1343.37345331107,248.525681846891,1329.81523656188,311.171137713371,91.0266364233407,2664.63611999013,86200.4956427715,19.2881889978745
1.52435828312526,30.9975189948346,0.232701413707809,5.52582143469433,24.5639342401108,5.81811623685264,4.87969376529715,1343.5337815932,246.803746932305,1330.77282340959,310.351106480109,91.1194345343844,2663.91256483951,86703.2432718608,19.2919748106664
1.54897958086391,30.9562376621972,0.230630823604048,5.14810714844885,24.8274686650168,5.89378742412186,4.85042937806154,1341.16781571254,244.623236430532,1329.19211967936,308.875889216993,91.0350606549754,2658.10344440591,87035.2541357821,19.2957903778957
1.57843757780822,30.901914342538,0.228373446717409,4.80824913510936,25.0360013233844,5.95388496517932,4.82643700305401,1337.62182681559,242.098698518903,1326.42685745866,307.039425319223,90.8667215522951,2649.78843604114,86954.1892059199,19.2996318584939
1.60929441003175,30.8369184534928,0.225866714743267,4.48672660540379,25.2181050779754,6.00044153329122,4.8058613488704,1334.85463607795,239.450855726153,1324.45848290903,305.281936225862,90.7496455241575,2642.77919055212,86730.1827729461,19.3035025149968
1.6387928909372,30.76381194915,0.223117929978904,4.17102602907769,25.4000697049516,6.03190126522227,4.78747855361408,1334.18330253839,236.869556522957,1324.6266644099,303.908336526989,90.7740652942185,2639.68097717897,86511.1774303384,19.3074042321085
1.66745377570028,30.6843775116555,0.220188323392959,3.8602707127426,25.5916267783135,6.04634642689602,4.7710396438731,1335.25824615303,234.347675603799,1326.59252876593,302.853419053487,90.9151243501088,2639.85837286946,86327.2331810359,19.3113371772581
1.69736960234078,30.6009877012687,0.217152301808328,3.56091919029241,25.7890639251317,6.04342570427469,4.75682280813573,1337.07386400161,231.798321985343,1329.34532166061,301.903224446839,91.1027224456364,2641.38683620049,86176.902181395,19.3153009485015
1.72989029511696,30.5189017502323,0.214069215835691,3.28190264010419,25.9846463265404,6.02397908964288,4.74515258977411,1338.84570850457,229.158013783326,1332.08502710011,300.88851147297,91.2821255088454,2642.75645066251,86050.2445144444,19.3192949544876
1.76505093320698,30.444391334759,0.210973948351377,3.03024470222916,26.1726497060746,5.98931096582535,4.73616459986023,1340.20845825568,226.404544412973,1334.42968764066,299.72957949348,91.4277598139411,2643.26049418749,85938.3025167015,19.3233185857678
1.80223473316095,30.381220935167,0.207875015350546,2.80786355120687,26.3511521975266,5.94111772404162,4.72971996751743,1341.12708123433,223.543548731645,1336.33294218961,298.41832840515,91.5371497106443,2642.82794886147,85788.8758899932,19.3273704049277
1.84104701807715,30.3299321888178,0.204759339039366,2.61014287959287,26.5228083106611,5.88153026315062,4.72536377267637,1341.80488669126,220.596396402964,1337.99115980799,297.000061391508,91.624345954979,2641.84466654083,85536.3488697173,19.3314485234642
1.88164656587292,30.2892000986914,0.201603431237237,2.42756808664816,26.6947290101587,5.81169060720964,4.72254068509147,1342.60374244607,217.594882184847,1339.75818376645,295.558530290028,91.7137963777091,2640.99798805848,85240.1704813072,19.3355533023668
1.92501962625894,30.2571819893377,0.198386561915132,2.25147629857068,26.8737819725309,5.73142525292663,4.72090142944772,1343.7926413529,214.562739138227,1341.89419651314,294.158753437406,91.8231459048978,2640.79751452414,84936.85047907,19.3396849438559
1.97256678651126,30.2322315844434,0.195106699823089,2.07806660490898,27.0627114729599,5.64033098882003,4.72035865097932,1345.3916979545,211.503424701303,1344.41389529288,292.809528103238,91.9531725860875,2641.28017293273,84638.1834993654,19.3438432175719
2.02531334039295,30.2127603240697,0.1917818909368,1.90842742977451,27.2605812927826,5.53826190452354,4.72099267403992,1347.25384477843,208.41148143169,1347.17051801881,291.482111672804,92.0936819944379,2642.17247849681,84349.8523680731,19.3480277727444
2.08328087937988,30.1965783962105,0.188441597365707,1.74672591909818,27.4649601283635,5.42528560034033,4.72294024263285,1349.20071989449,205.289632270181,1349.99190478964,290.143331755197,92.2327454754505,2643.15643150364,84071.8202463334,19.3522381339109
2.1454033578345,30.1813517714695,0.185117452400321,1.59743298365943,27.6734786962734,5.30174269744878,4.72629752574394,1351.10367726794,202.149894552366,1352.75707270014,288.772735925205,92.3620329441178,2644.0154190903,83805.4586499436,19.3564738553699
2.21004083697406,30.1655936583165,0.181834045640029,1.46329493225157,27.8842685315853,5.1683467198846,4.73107600924279,1352.89927882873,199.004554788127,1355.40635933193,287.362860866774,92.4776740158949,2644.64918057357,83553.4139597715,19.3607345403609
2.27538730710113,30.1488979606503,0.178605953147499,1.34540966811736,28.0958735842373,5.02617031755618,4.73720855154833,1354.56746319443,195.859722541001,1357.91724739031,285.914133303153,92.5786937096865,2645.02628583615,83318.1928234499,19.3650198095832
2.33933998439371,30.1315317191614,0.175436709417874,1.24437747418371,28.3071366603878,4.87671557548626,4.74454857609595,1356.1057770582,192.713754207375,1360.27877807363,284.431486794283,92.6653287022636,2645.13695481662,83101.1656893493,19.3693292658771
2.39961030339731,30.1139297594176,0.172325661812172,1.16019338948855,28.5170126745846,4.72211680745748,4.75285089358245,1357.51470671518,189.562513188456,1362.48108301518,282.920946305183,92.738141029487,2644.97368008821,82903.0204453567,19.3736624977535
2.4528311643357,30.0963515616953,0.169302016999909,1.09356598143829,28.7234534895249,4.5636825908465,4.76203905983818,1358.75147011947,186.405245580167,1364.47327124218,281.380430593695,92.794646422021,2644.45434452211,82937.8244651944,19.3780265097075
2.49127644146446,30.0786618394852,0.166459747297842,1.05203313374903,28.9158567213462,4.40121368738632,4.77273711464289,1359.38516316912,183.225655321954,1365.81722115598,279.738445625991,92.8056694253251,2642.77839048165,83566.3955307494,19.3824328218859
2.50367938714307,30.060707151884,0.163893243254273,1.05113566700815,29.0665601389283,4.23960827879905,4.78582916098437,1358.21959936224,179.954887749627,1365.31053734386,277.788395783489,92.6910221183857,2637.71409128626,84516.786818909,19.3868688739193
2.48215239784372,30.0432326315687,0.161663878911478,1.10328125088637,29.1459625080956,4.08983299299363,4.80144980929465,1354.11874287369,176.522643530521,1361.81961690931,275.34709172995,92.3764662412348,2627.15532248198,85557.4935354234,19.3913246290962
2.42749196131474,30.0275649417265,0.159845817165595,1.21468267025412,29.1410897866566,3.95941040476658,4.81927036091912,1346.99016908808,172.94341452984,1355.26335554557,272.436628600193,91.858684665217,2610.98057307045,86809.4802217952,19.3958012063881
2.33800258347731,30.0127574788712,0.158741488771717,1.41315998854677,29.051411156461,3.84707277726262,4.83956751562806,1337.48947092653,169.343353714202,1346.2990852283,269.262236318644,91.1833375536622,2590.53447966647,88558.3620379861,19.4003012591199
2.20150535072497,29.9920418782347,0.158908120197806,1.78760265706057,28.8782905286448,3.74843484129122,4.86315122744201,1326.19958385173,165.949360003201,1335.48141640919,266.132119226498,90.390116231653,2567.14627985223,90542.2859489631,19.4048182722312
0.00808675359558465,29.955841040275,0.272054365981867,2.97348158338272,28.8791890706989,2.9007543237547,4.98195579350923,1313.16472733715,162.965908564186,1322.7663042709,263.756778597526,89.3847714389623,2541.30450931791,92586.0284254077,19.4093499761294
2.16274504301782e-11,29.8983030199788,0.454108200780713,5.35420747789714,29.2409820516899,0.883091546337553,5.24445530841353,1301.97318396484,161.103942440959,1311.57970923666,264.09591529623,88.370243183832,2520.6891176902,104072.530600341,19.4138789058367
3.65598006803758e-12,29.8434481995977,2.01981304479524,7.44824736997033,28.9313517449405,0.0598450162325329,5.38347157730276,1295.173321798,160.220495734873,1304.48091807365,265.560962472894,87.7653158548043,2508.84093937713,106770.111009076,19.4184464885083
1.45483913498398e-13,29.826063488955,8.87789548644012,9.44192879811876,27.9386275789247,0.00207028328773204,5.45128141270573,1285.44844704374,160.286912138288,1294.01819145558,263.511188096329,86.9902283107781,2490.20938665443,109562.18589721,19.4230285172943
1.67203717119992e-15,29.8854895696119,17.9267320994258,11.4635683242503,26.7898243377212,0.00104853993896276,5.51564416824437,1276.16472545605,162.279300997943,1283.73537076793,259.761610331225,86.2124414467434,2472.49228974543,112261.848321957,19.4276243993954
6.73872154487354e-18,30.0321060018952,27.1357532609467,13.4989684673608,25.5550785168473,0.000856517953804368,5.58441128108224,1265.44016319412,165.915075105549,1271.65896664293,255.810330390071,85.2944478321604,2453.0581311479,114103.811523104,19.4322317671763
-1.1897177832255e-19,30.2309507132825,35.5534728683386,15.4200478190796,24.3417265089831,0.000617576134646588,5.65285795212264,1256.01707072286,170.841013396699,1260.63650319585,252.85827835523,84.4359619491187,2437.17307878711,114526.001253177,19.4368494802047
-3.40914452185937e-20,30.415067368419,42.9385788638799,17.0532509789557,23.2562435795354,0.000375205418665468,5.71457310563295,1251.98895788616,176.706844623434,1254.96046704838,251.546929684163,83.9356682871469,2432.17810455715,114450.370050811,19.4414808503448
-1.41929822166386e-20,30.5402040562216,49.3679959200512,18.3253025641272,22.3328556436456,0.000192456364412622,5.76722428823703,1253.84237441682,183.201518686283,1255.21173375301,251.652865314846,83.8372229217519,2438.63513602702,114135.127028117,19.4461263573736
-9.62338291247582e-21,30.6039287218976,54.9796562086885,19.2745574406497,21.5511524612266,8.95404080057491e-05,5.81202229224102,1258.72923082847,190.012086803015,1258.51633073648,252.444683712235,83.9480181660285,2450.96369836881,113520.16386207,19.4507851861245
-1.09618824776665e-20,30.6240687058456,59.8782037186363,19.9750457369429,20.8832595122234,3.88767932290555e-05,5.85081857633671,1264.50603435711,196.849645043978,1262.69564389884,253.475091742872,84.1222974901473,2464.97095531956,112580.931371774,19.4554565285533
-1.19826562932428e-20,30.6189919157801,64.1914784150462,20.4930000839005,20.3106835448126,1.60900784896137e-05,5.88479426893317,1270.70040251236,203.386167089043,1267.28729066318,254.641392934648,84.3309720213619,2479.55103542519,111520.085254207,19.4601404588108
-1.15346239823272e-20,30.5995065893309,68.0943656679502,20.8753274922438,19.8171148103995,5.96153499411694e-06,5.91475636304245,1277.26490243536,209.411993521578,1272.26513367815,255.860575709762,84.5730492164516,2494.43687239912,110428.296246509,19.4648367283641
-1.03081097697661e-20,30.569762927691,71.762506583583,21.1517060667503,19.3859272754447,1.74979649747788e-06,5.9414267713443,1284.04671822852,214.903266435072,1277.48678860254,257.007057057502,84.8377543733416,2509.28219384785,109180.913899426,19.4695440568272
-8.99548354968378e-21,30.5322098086587,75.330064308171,21.3438527813942,19.0066571402647,4.10434325402048e-07,5.96524403199987,1291.14068771175,219.891042268174,1283.0626896679,258.062872513716,85.130797149293,2524.27551490498,107691.537376621,19.4742610458555
-7.88680655134977e-21,30.490671933636,78.889207922197,21.4754263861969,18.6751712712063,8.68563819871148e-08,5.98638641226963,1298.88213911716,224.368343490396,1289.35385300173,259.135052785048,85.4750099911576,2540.07407785445,106241.729195968,19.4789883546131
-7.0054172964774e-21,30.4485242393633,82.4952492506346,21.5715889835926,18.3834542274552,1.80389986799639e-08,6.00529309481864,1307.11040780482,228.306475784411,1296.21138892086,260.26213514557,85.8594474611155,2556.41452377073,104921.90470599,19.4837260459092
-6.2880589200226e-21,30.4071269599137,86.1666170203587,21.6521693500181,18.1179025743296,3.78705701592158e-09,6.02271970272303,1315.16637889186,231.691729630677,1302.96824633454,261.365672792557,86.2389730317985,2572.10165858384,103881.451240767,19.4884749722042
-5.67413050473314e-21,30.3670457250608,89.8798680260793,21.7308211906169,17.8616942800691,8.09741138374036e-10,6.03958939515285,1322.22439625357,234.522893366813,1308.7808916114,262.301615648894,86.5572138571815,2585.61581220004,103243.079589701,19.4932362644897
-5.12766760645952e-21,30.329698141633,93.5701117177363,21.8164742516164,17.5978058239022,1.75346483022532e-10,6.05682549147141,1327.53393951388,236.774410021392,1312.88375757378,262.919763275453,86.7637600748742,2595.54758869619,102789.673189115,19.4980080584741
-4.63315258220187e-21,30.2964701141242,97.1712823715056,21.9116869415773,17.3173131650749,3.81401227807785e-11,6.07490682982781,1331.01945574927,238.447129979012,1315.19735626521,263.198987487081,86.8542288519144,2601.75255248253,102434.651960027,19.5027891261897
-4.18523254655906e-21,30.2675302251318,100.652326799474,22.0142024175984,17.0208259979101,8.29457649324167e-12,6.09379702124276,1333.25613181952,239.60993811019,1316.29799176887,263.248340358791,86.86740646546,2605.33495152023,102110.584208243,19.5075783103736
-3.78143712820703e-21,30.2425050325899,104.018410189874,22.1188494846248,16.7141689918634,1.80036345911931e-12,6.1131824492854,1334.97788776235,240.381458431198,1316.91053209839,263.207801574906,86.8511912436317,2607.71636620384,101759.341819265,19.5123744517726
-3.41894540639147e-21,30.2216597518264,107.294055235923,22.2179810491917,16.4044491628916,3.90798006792875e-13,6.1326844052074,1336.7633016667,240.909087723185,1317.58309381583,263.1831456764,86.8410767421426,2610.0319886607,101448.524267588,19.5171776548137
0.481727849820911,30.2053078200701,88.2428319812351,22.3583711150865,16.3213227705,0.353531123222128,6.12982542440455,1334.7867975795,240.420289721241,1315.00650388952,278.767005501548,86.6899955727312,2615.0635305917,91977.4033843302,19.5220110750224
0.54700908484857,30.1890629655296,62.7172120595544,22.3504406456812,16.30789917258,0.900022543638722,6.10478688951083,1326.52950643518,239.632310541383,1306.33650642121,297.41184004953,86.1722673791501,2611.15831603601,92027.4375216699,19.526830047785
0.551976813445847,30.1739703035235,43.5834262539519,22.4126588933972,16.3472891148575,1.10130004208129,6.11169844662727,1319.48411920011,239.137382093971,1298.78629763749,311.470317828305,85.6791076889433,2606.66431907392,92632.8999662827,19.5316595479316
0.562638255081755,30.1592117173107,24.6289983032245,22.4165443511366,16.494511342933,1.19334313414006,6.12500397352253,1315.11823513713,238.771842337086,1294.07333851127,326.109796832619,85.3675223341579,2607.35265537209,93433.4259894069,19.5364951373169
0.61773944246533,30.1428077545375,8.0032813267561,22.1827617911717,16.7222796635813,1.29709601011786,6.12390110241746,1311.6061174444,238.186254141181,1290.53792252365,339.406932205777,85.1452905732476,2608.85463445601,94262.9809910349,19.5413344336518
0.831126252451101,30.1239886287354,1.96389196648697,21.4036431986059,16.8969830611579,1.60835881433447,6.07229448246047,1307.65554951487,237.22635996883,1286.88838155022,344.351819317282,84.9471888055935,2604.65352532259,94717.1134397762,19.5461738153056
0.953897061561873,30.1038984089376,1.22516521790637,20.3813515957925,17.0731125338663,1.97232489910432,6.0010441272632,1303.96801831842,236.028278192659,1283.69298892295,345.582291985042,84.7996840238021,2598.69808006401,94428.3899760852,19.5510102149649
1.03424650886066,30.0846952688263,0.899580893949784,19.4209701418352,17.2996789603216,2.24976911981359,5.93845017442872,1302.55151121559,234.914506049534,1282.86251679493,347.48050518255,84.8102079746386,2597.18912972239,93934.0060124849,19.5558469771963
1.08630442177118,30.0679225466434,0.720601998315302,18.57281168833,17.5686096161179,2.45614726286275,5.88421555082654,1304.01370897516,234.036219585288,1284.95573607835,350.137840742228,85.0124261381724,2601.28590502549,93432.532828852,19.5606851364683
1.11871475717747,30.054037263352,0.609886777395494,17.8403986397312,17.8709500838527,2.61156502529334,5.83634228595517,1307.45519568746,233.336748123658,1289.05686449876,353.209134464294,85.34491190118,2609.18132773268,92917.3088105405,19.5655240978887
1.13859726139228,30.043213107357,0.536307106688651,17.2166425553753,18.1973529100026,2.73255477897921,5.7929701726111,1311.7554657191,232.723021389516,1294.04693294763,356.37421904049,85.7338695107457,2618.69546457719,92358.0976751563,19.5703629678293
1.14948701384709,30.0361576157483,0.487159934704597,16.7132277837308,18.5423441318851,2.82962382935015,5.75288028279111,1316.25414354003,232.187937971571,1299.26834038679,359.509307389842,86.1362345241982,2628.620398194,91788.6083063999,19.5752014120133
1.15385875983883,30.0335863019719,0.453607088593785,16.3469963339907,18.9040255456252,2.90877260433541,5.71533173157673,1320.7117721399,231.77331967838,1304.48227882104,362.604224415865,86.5365128107943,2638.57204105285,91224.1476504765,19.5800389912738
1.15360663018343,30.0348038666877,0.429175285866139,16.119167276066,19.2804903525485,2.9716487714402,5.68012751361956,1325.00177801367,231.49927985349,1309.56270894117,365.629658417017,86.9261355791891,2648.33134520794,91029.2908447808,19.5848792268045
1.15097309126114,30.0321984397754,0.409642954757879,16.0145604988985,19.6592824344967,3.01531039195776,5.64815776594232,1328.42105061184,231.329593797049,1313.81457750376,368.360612866335,87.2570437680665,2656.53741587311,91618.5243522818,19.5897264078584
1.15154307284293,30.0041826260055,0.390112976173059,15.9945188325169,20.0090363207465,3.04202398662356,5.62046507407918,1329.35060634211,231.140694520264,1315.65382144818,370.270693636128,87.4204162477864,2660.03799846717,92465.6954257544,19.5945737858434
1.1596205457,29.9261612272446,0.368326518814074,16.0068933552283,20.3001680076505,3.0604120300889,5.59711968916503,1326.72495422981,230.823056706436,1314.05960285376,370.956127181328,87.3455680885735,2656.72338747447,93328.0315505017,19.5994178356975
1.17442388007991,29.787880998713,0.345393965948206,16.013830775574,20.5241966753593,3.07699020328407,5.57751840003992,1321.34364667406,230.448246819336,1309.84671738184,370.567363503244,87.086139743449,2648.12176072547,94193.4058808174,19.6042578516543
1.19215862910719,29.6039126042967,0.323524197515597,15.9908290247496,20.6880689785336,3.09401004670713,5.56097408553345,1314.85175486361,230.176479104493,1304.6291281539,369.549028341818,86.750875513653,2637.41025153654,95089.9881209549,19.6090935492563
1.21044362804693,29.4161985782424,0.304085935101875,15.9019893864185,20.8004387408864,3.11235014395882,5.5469280741738,1308.15137395269,230.05658653791,1299.23567400003,368.161622851911,86.3973949252917,2626.25933597257,96005.7033582351,19.6139243066899
1.22785267851404,29.2681076608979,0.288294401428274,15.7115161337385,20.8667282823672,3.13262157264646,5.53501692945544,1301.76463261651,230.112104861545,1294.11406467993,366.570466226388,86.0577715959395,2615.61100965361,96934.0243816768,19.618749551548
1.24331092583691,29.1769459555517,0.276788625211281,15.4105106189895,20.8912998835782,3.15460875543382,5.5250620657983,1296.02565167519,230.378588753379,1289.5636481394,364.915086115475,85.7530237458927,2606.11570172675,97809.6548634449,19.6235683864226
1.25695166378909,29.12302482548,0.269344582179997,15.0337314918577,20.880795693247,3.17748342157869,5.51688340466579,1290.7178721776,230.828081505843,1285.36547339081,363.207388828023,85.468787027815,2597.38640696831,98562.2514695619,19.6283799754282
1.26889706547176,29.0517764393388,0.265084533439056,14.6634594677079,20.8456838069361,3.19905128106678,5.51031954500962,1285.71039206795,231.453781692879,1281.38571962611,361.496614137404,85.1963658467817,2589.22065132361,99248.8898802526,19.6331841969204
1.27844983674871,28.9125978481856,0.262780269946799,14.375147190842,20.7963553223638,3.21689462087964,5.50522076285583,1281.38164973644,232.320251388937,1277.99680250677,359.958655750089,84.9610377744175,2582.41546986361,99868.6922416895,19.6379805737668
1.28569022377476,28.6922188941832,0.261157133153642,14.1867235720941,20.7415245374733,3.23282842198036,5.50087022973909,1278.02746363902,233.431976591508,1275.50113891383,358.703349019488,84.7838679585988,2577.55420782641,100097.776627379,19.6427670829464
1.29123612411621,28.4198318199379,0.259085465978643,14.0573386351606,20.696650416783,3.25401541616763,5.49538124165402,1275.99809414174,234.701485418039,1274.27869088318,357.808165093949,84.692294343069,2575.24851041538,99683.8418770512,19.6475420138212
1.29329044839387,28.1529602225164,0.256499169255699,13.9201517468299,20.6859230463098,3.28536173620518,5.48668209486307,1276.27060310025,236.090997583506,1275.35403654848,357.504666195298,84.7572658661354,2577.3314703724,99066.1439201451,19.6523067824347
1.29053378176224,27.9362470810193,0.25385985298185,13.7288492656055,20.7248324562864,3.32677600508682,5.47386392323392,1279.1732124634,237.556799636406,1279.09013380536,357.85541207753,85.0041748614888,2584.40482327776,98392.0762500225,19.6570615358672
1.28479712444771,27.780887162946,0.251168329281569,13.4700142956026,20.8146505683469,3.37853349240056,5.45674703753572,1283.88481055954,238.971964533109,1284.67501120352,358.616586365147,85.3787760716919,2594.82874247574,97461.6440114548,19.661804526801
1.27800464916813,27.6756111833326,0.248201812158455,13.1455053736707,20.9559542138232,3.44371456302465,5.43480628360072,1289.83644430419,240.245663834767,1291.54402726042,359.609692767004,85.8432130219594,2607.45699285148,96113.7795649335,19.6665337582488
1.26960781791695,27.6018385018266,0.245111835711125,12.7609954902447,21.1563243603336,3.52373463677079,5.40737615016318,1297.20713487885,241.381408717707,1299.89019513076,360.860594155265,86.4098327769547,2622.62742278865,94710.7595767022,19.6712502651675
1.25919047193393,27.5444873950174,0.242099091298272,12.3254941901769,21.4194049936441,3.6167560795804,5.37447741239009,1305.96686301775,242.388087263958,1309.69296048792,362.350643489169,87.0762542255072,2640.29220653538,93380.4959242009,19.6759542431597
1.24783400364784,27.4961693437307,0.239206546698136,11.8495637859902,21.739181493815,3.72026901107318,5.3367789527139,1315.49765337799,243.21890135595,1320.32995495523,363.915030290798,87.8001324621931,2659.25340708063,92138.0596511494,19.6806452740613
1.23707009289511,27.4562160427516,0.236398951897392,11.3426023486769,22.1047132457745,3.83238484255001,5.29515094028497,1325.07281842038,243.799789328667,1331.06353580513,365.363772139158,88.5319111186068,2678.08540408271,90982.4821304506,19.6853228340157
1.22798699777542,27.4282180069837,0.23363159639295,10.8116265161346,22.5050988421806,3.9519590006492,5.25035840321418,1334.21117050068,244.058357642056,1341.40365887818,366.56888412379,89.2388627289059,2695.82403061018,89923.1645216273,19.6899865446976
1.2211300103417,27.4156078158382,0.23086951575405,10.2622842302496,22.9313979158023,4.07795677522528,5.2030451713516,1342.69671355829,243.954920940266,1351.12857975717,367.471794276039,89.9061388604992,2712.02869663408,88962.6468696266,19.6946360346255
1.21677522422075,27.4186158331231,0.228077104821521,9.69950499466775,23.3768052621594,4.20937812902361,5.15374349689915,1350.48205846582,243.495483488338,1360.18654768017,368.062224679963,90.5300879442004,2726.61216987549,88048.770118726,19.6992701682637
1.21498545496436,27.4337297125472,0.225221803962691,9.12596396509974,23.8372940284835,4.34570798589668,5.10277117968705,1357.67393490857,242.719998942003,1368.68311462204,368.372739150952,91.1175209009387,2739.80550530978,87121.319394525,19.7038872943511
1.21546700769612,27.4541907744473,0.222308502785554,8.54156203800564,24.311959888029,4.48615031451293,5.05030914534332,1364.51582725681,241.685661871182,1376.86530066271,368.470716773035,91.6846084198151,2752.1123758402,86249.7991255789,19.7084877126026
1.21810955146929,27.4731428913741,0.219351256220945,7.94676552456049,24.7998575099352,4.62906420618413,4.9966589806771,1371.16482567712,240.441320944634,1384.89251307039,368.400175966558,92.2414142614784,2763.86672484327,85465.0875798383,19.7130716206249
1.223015563319,27.4866364856082,0.216401774935832,7.34666202312779,25.2969373177568,4.77066508547239,4.94260782048984,1377.53768039492,239.015470644154,1392.6762034127,368.145917584729,92.7809805684862,2774.93210363996,84960.2675973692,19.7176435550139
1.23075897501511,27.493758156502,0.213546003226049,6.75234966018043,25.7905510881735,4.90361203044896,4.88994579062152,1383.11413416862,237.404533621178,1399.67798919838,367.585249323194,93.265629708323,2784.32171319339,85002.3179985222,19.7222113946895
1.2436621416284,27.4954692678987,0.21080906852139,6.17328923481841,26.2537780575531,5.02164511651513,4.8411335729777,1386.8109422604,235.538781372874,1404.78580162655,366.449077191893,93.6193835506239,2789.93632787442,85312.2490305695,19.7267686520893
1.26426500390026,27.4937849304549,0.208174875686505,5.61116469710732,26.6586216209224,5.12167817945433,4.79825199861536,1387.78305317035,233.333430932894,1407.13404904445,364.526847604322,93.7834185710228,2790.11736274453,85704.3892118757,19.7313093892279
1.29400298952263,27.4909489882415,0.205558138345739,5.06255723620523,26.9926005065634,5.20289006254189,4.76218029147981,1386.22471573844,230.785329964543,1406.91901987009,361.873702615798,93.7703713613632,2785.23000663634,85900.1965695859,19.7358268236085
1.33281677330453,27.4894295854858,0.202834328016515,4.52422099648734,27.267169435401,5.26655597638958,4.73213246998259,1383.47833979134,228.005869513187,1405.50752306948,358.837071375988,93.6712815968302,2777.8898508652,85590.6329372453,19.7403140971129
1.37803298228953,27.4925921142732,0.199952388628137,4.0021262031306,27.5161675220594,5.31076619178794,4.70648685681809,1381.69145654181,225.215445055073,1405.0826552074,355.971316010345,93.6310414334851,2772.30808509827,85101.8701161645,19.744776502982
1.42666826900793,27.5032732292676,0.19692584289359,3.51187895366771,27.771688968229,5.3292385066012,4.6843348932817,1382.3424107713,222.598698110113,1407.14158530912,353.660490415396,93.7475576698396,2771.40299240515,84620.1626561013,19.7492175544722
1.47812329812408,27.5222745827952,0.193826796431356,3.06982185740482,28.0451794590556,5.31551407768855,4.66597727647699,1385.10883712461,220.148323823745,1411.34553655802,351.831687104695,93.9957032563645,2774.55487382698,84269.8522989119,19.7536402276679
1.53303013917452,27.5485174895057,0.190749611210992,2.68660938196637,28.328164171758,5.264923504707,4.65259866039299,1388.74241693217,217.758691292812,1416.41188049142,350.180082358895,94.287924954864,2779.3278525737,84172.0010307289,19.7580480961643
1.59254036974896,27.579805140461,0.187753143036266,2.3630223922332,28.6007358131265,5.17681217604107,4.64545272440723,1391.88288753077,215.302673919161,1420.94472665856,348.373807431117,94.5306444554876,2783.06204898192,84198.2338355135,19.7624378480018
1.6578083121359,27.6138555177845,0.184850782218911,2.09062778520902,28.8451769889046,5.05466907808508,4.64505487635669,1393.69387751986,212.688404038634,1424.08549056622,346.211995516752,94.6677651454352,2784.1147063491,84259.3909452176,19.7668063084056
1.72965700029507,27.6489733655668,0.182018493508428,1.85736511400938,29.0548935075315,4.90394393499025,4.65098401189916,1394.1053148961,209.893036239617,1425.76106098705,343.68378433477,94.6963804007539,2782.34100951311,84301.6826377222,19.7711513503129
1.80850035651574,27.6827790033659,0.179220016110551,1.65285449576219,29.2339720056258,4.73032884303117,4.66216784260905,1393.59465520321,206.951961606531,1426.45882861263,340.91414878197,94.6509178361261,2778.67188181935,84281.2108630209,19.7754712474632
1.89366998759075,27.7097283777899,0.176426447495056,1.47154152607363,29.3926076174856,4.53829224359103,4.67737082970888,1392.8251874646,203.924233521312,1426.85446320285,338.077543557036,94.5778461978774,2774.40594348962,84229.5551046555,19.7797662425186
1.98331858956542,27.7229567045923,0.173627211171782,1.31168984110712,29.5405236260084,4.33137833699879,4.6955312624538,1392.30239680755,200.859710677423,1427.46058977447,335.311261408488,94.5123544262549,2770.53680863832,84168.3434401808,19.7840364463711
2.07553886316739,27.7183237780043,0.17082673322105,1.17201567110849,29.6831218763208,4.11354416047283,4.7157831724725,1392.21616782889,197.781675192805,1428.46778636936,332.672010576543,94.4681425459602,2767.44284651563,84055.8811878055,19.7882802926114
2.16950394120862,27.6962215147653,0.168033514444224,1.04988982260244,29.8234372108153,3.88938063709541,4.73730856493384,1392.54835475854,194.692784108707,1429.85715539664,330.161952518435,94.445064281504,2765.09652814905,83825.3678802924,19.7924953143708
2.2645241053526,27.6611064325533,0.165264321399654,0.942580095658825,29.9658917125175,3.66234812024898,4.75937419122091,1393.35484975268,191.607869983083,1431.68999393968,327.801056636012,94.4481080934244,2763.62273923473,83545.6135746721,19.7966824784194
2.35929029293665,27.6186788403322,0.162543524555728,0.848459150089517,30.1141501119396,3.43469722367875,4.78146724465431,1394.68110493729,188.546539857942,1434.01746227415,325.607735718839,94.481341699758,2763.13119724051,83263.9567009558,19.8008426161298
2.4520780378557,27.5731453713461,0.159902769787491,0.766706866122005,30.2677871186061,3.20871307384715,4.80330723134205,1396.40986529757,185.512393337256,1436.72065936294,323.560710379774,94.5375010289178,2763.40994933263,83015.8035260571,19.8049764130081
2.54114082664388,27.5274212214518,0.157374246798329,0.696555197862276,30.4220157290585,2.98718554162587,4.82479051881005,1398.28494015384,182.491338261299,1439.53481440272,321.6037902809,94.5996736243833,2763.96817427163,82835.4836652667,19.8090847145345
2.62583691594137,27.485437331948,0.154980760653632,0.636467346015739,30.5691200756748,2.77337435091668,4.8459095558331,1400.00389653828,179.459263129926,1442.14678636821,319.666964235581,94.6476780468253,2764.21792243422,82694.5979440384,19.8131664024858
2.70669396460861,27.4518216917915,0.152738197061604,0.58448448977064,30.7018235052784,2.5701991862588,4.86667352251617,1401.36386642604,176.39755144027,1444.34672756192,317.701668046866,94.6680248041368,2763.7622338952,82571.7242425204,19.8172202923094
2.78384621427294,27.4295056346633,0.1506743275407,0.539481864897203,30.8158615914766,2.37970785637859,4.88703881333303,1402.33538077275,173.304470532302,1446.10400164564,315.701039895468,94.6590297984501,2762.54439255231,82465.6736659824,19.8212458432565
2.85253812105158,27.4178226511768,0.148872148728837,0.504312596332433,30.9101127725754,2.20450381833488,4.90671111609931,1402.99576415358,170.194438773364,1447.49754098435,313.693585950014,94.6267691720688,2760.72707500928,82384.1826120643,19.8252428788317
2.89647190265082,27.4116238179525,0.147482896710786,0.488215354336896,30.9857026989905,2.05232694253436,4.92456047002343,1403.4290145825,167.092717784367,1448.6120841013,311.733532992598,94.5794962598161,2758.50873747277,82319.0648778041,19.8292106939773
2.89571054297243,27.4038050995735,0.14669485885188,0.499790456168756,31.0445360714738,1.93738464515608,4.93849744660211,1403.69454336736,164.026539210439,1449.50743418736,309.882638660736,94.5256058900978,2756.05299556837,82263.8922200479,19.833148579914
2.83734109999886,27.3890422079569,0.146891370587021,0.545755931852801,31.0858830789734,1.87149793254422,4.94691188816094,1403.74240578189,161.017293879361,1450.1295734708,308.175127121062,94.4655312157346,2753.31056772697,82679.1309072948,19.8370717068156
2.6972881111109,27.3646608217251,0.149456257838128,0.654191801256019,31.0890922635637,1.86201128492836,4.95004827111786,1402.59213703187,158.05780758494,1449.45115960051,306.483156271804,94.335863505367,2748.47899266043,84451.1383792285,19.8409990472056
2.43287834094931,27.3298270445324,0.158048537531495,0.909786493126923,30.9905297886383,1.93031152465932,4.94888292983648,1397.24481788395,155.075584627169,1444.34084297616,304.373674615486,93.9405436421004,2735.99001634354,87042.4820808726,19.8448953854989
0.00667139025745771,27.2863763624175,0.346630400746286,1.90369489942685,30.974084295449,1.39254904693138,5.02847491123034,1384.50681659979,152.013537195077,1431.38172503785,302.062369395295,92.9927313732757,2710.19110518155,89891.1264896124,19.8487453921859
1.05011205767265e-11,27.2367538867091,2.31372485160552,4.16832569473406,30.8424911496681,0.0469087131805056,5.23139391540716,1365.48570108143,149.31697005066,1411.25644120189,301.098052416719,91.512761111096,2673.8129950575,102164.776038547,19.8525348094242
2.35597072971981e-12,27.1924889698723,9.76458909052739,6.19297754384541,29.7437787442826,0.000640168184572178,5.30521210465739,1346.31953471267,147.238485960694,1390.88827373537,296.237522929828,90.109082093051,2635.30127537935,105556.723525933,19.8563055506238
1.40066464993748e-13,27.1434835619332,18.4085706315529,8.28598990078773,28.6195272610314,0.000274742603744127,5.3689885579784,1327.23776187152,146.670628865828,1370.66800309407,289.884302393595,88.7245050732343,2597.2396406383,109101.941785731,19.8600368039367
1.39058681778229e-15,27.0792444925507,27.3493316092682,10.5356747527144,27.3716292503849,0.000193514090761444,5.43920699258887,1312.2556260029,148.832165612081,1354.41064609418,284.54660870437,87.5958605141362,2568.71796925591,112676.216717033,19.8637295153243
6.29924413055075e-18,26.9991190017061,35.9038595190333,12.8955575229428,26.0089773097704,0.000129566309868083,5.51725381822748,1297.0800900828,153.338623871232,1337.55749433904,279.997245205409,86.4211466973744,2541.70275209513,115341.165278243,19.8673821772514
2.76337487539474e-21,26.9184715277391,43.7016487504608,15.1917134943782,24.6397029992789,7.66281696032451e-05,5.59678138185012,1283.60470901848,159.509750173654,1322.16269667219,276.553976871198,85.3335600455365,2519.27016402931,116347.664934695,19.8709944813763
-4.82598624512111e-20,26.8652949986063,50.5529478996494,17.1917404102331,23.3885934655011,4.09039305906798e-05,5.67009210148813,1276.26419435942,166.548761911956,1312.98503269655,274.83756620915,84.6454852659604,2509.10076724181,116749.10283372,19.8745696919843
-6.4831347150467e-20,26.856264405381,56.4722831847354,18.7866437007105,22.304886659409,2.00069697148826e-05,5.73408114045158,1275.86798211289,173.927111130619,1310.9529179228,274.742144688234,84.4191909284248,2512.23636728855,116785.131562412,19.8781082054291
-4.23128769587433e-20,26.8884081409673,61.6161249565791,20.0046980761086,21.3744093798055,8.93007573694549e-06,5.78946641555059,1279.13268692908,181.35258794329,1312.68210141131,275.378603435262,84.4353588729605,2522.20759409811,116617.624954395,19.8816100392987
-2.77385526676105e-20,26.9471898945224,66.1400005255205,20.9268243452881,20.5648036045235,3.21056839486315e-06,5.83803200397359,1283.13145987187,188.654751699469,1315.15829599948,276.022463136706,84.498732047837,2533.35843922181,116387.782142235,19.885075126551
-2.19365747861562e-20,27.0144370937675,70.1206743630785,21.6343217245075,19.847313579655,8.27922093033696e-07,5.88136055650989,1286.68279835839,195.5894870955,1317.2184257796,276.400549052352,84.5355364077155,2543.33894120807,115970.033996657,19.8885027511331
-1.97039324855958e-20,27.0785587253078,73.6103077985619,22.1794451818995,19.2047482968378,1.64462925651259e-07,5.92040296234886,1289.90842301651,201.988126792449,1319.03823351548,276.572126169789,84.5584589184908,2552.31968196051,115405.540606315,19.8918925764387
-1.8055359480735e-20,27.1373779582574,76.7011569017596,22.5870475573233,18.6275453625662,2.92352350782108e-08,5.95570165716087,1293.39516391779,207.862543508252,1321.22949162235,276.725410013926,84.6069743011193,2561.45072380555,114561.551569325,19.895243824868
-1.6223171117881e-20,27.194429040078,79.5263920895831,22.8610754524812,18.1119209093821,5.0173793308352e-09,5.987484372618,1297.78188174779,213.285709123645,1324.44681918922,277.066603627749,84.7234249830084,2572.01904978864,113373.722321945,19.8985558097043
-1.43311515819922e-20,27.2555559036815,82.2299655913949,22.9929473083976,17.6558098821945,8.5874428453417e-10,6.01588264354126,1303.48668718991,218.311186320339,1329.13164949654,277.734543877346,84.9373361258283,2584.88705534085,112201.726423405,19.901829001285
-1.25898264684714e-20,27.3242146866954,84.9127460708356,22.9918732846567,17.2483774938046,1.48854646828674e-10,6.04151551056507,1310.03767879121,222.938131401419,1334.80214349414,278.641077036527,85.2181752656579,2599.18463149047,111149.982704631,19.9050633468108
-1.1085337902083e-20,27.3994801915377,87.6253948222732,22.8906755627038,16.8746780599368,2.60864250201676e-11,6.06522966975052,1316.56705187293,227.115240625944,1340.55504042779,279.589980512057,85.507516240292,2613.2362794018,109848.846111899,19.9082572680784
-9.81591898153003e-21,27.4753606242967,90.4313191013595,22.7374971026066,16.5322069047578,4.59459601998639e-12,6.08717970232745,1323.21964787725,230.811426819216,1346.51864506747,280.59954979223,85.8136413744784,2627.26163192389,108029.246840733,19.9114090661766
-8.74776431598287e-21,27.5421672304214,93.4375141246157,22.5916755583343,16.2306487896905,8.22252696197935e-13,6.1068429597999,1331.075338341,234.069074360428,1353.7684638355,281.890585399483,86.2058994202184,2643.26868865921,106239.321615951,19.9145198832781
-7.84013937604738e-21,27.5940323508542,96.7104361547694,22.4969198609723,15.970835587262,1.51369409564483e-13,6.12418562331105,1340.20679179993,236.90404189139,1362.35156279861,283.469688023666,86.6869999916835,2661.37273850348,104621.701978567,19.9175899650729
-7.05741668038838e-21,27.6313687343865,100.23047927388,22.4654949310688,15.741538182285,2.87789006542782e-14,6.13983520770655,1349.54918915634,239.269200906284,1371.16841773324,285.104226546651,87.1857997525267,2679.54309345937,103323.069722182,19.9206199105865
-6.37164381361072e-21,27.6569598287921,103.905131236451,22.4866413212961,15.5265364525518,5.64443962382096e-15,6.15468423802643,1357.83723247731,241.116321218226,1378.92087277501,286.52086762724,87.6184612156114,2695.38263257354,102464.39350109,19.9236105518641
-5.76248793901185e-21,27.6722041964512,107.598953148853,22.5386769623251,15.3098735219123,1.12993152900332e-15,6.16960285166554,1364.11996800097,242.416248569981,1384.62545461711,287.512982530198,87.9215517766887,2707.08691897532,101795.526846574,19.9265605125228
0.418820411960392,27.6804269378155,88.2147123160108,22.6814319552854,15.3198836194805,0.320936908102969,6.16762628751164,1363.88185141828,242.257012843606,1384.22441543185,303.874806409504,87.9039719355297,2716.22282949317,91994.1770277494,19.9294830151952
0.463871340598925,27.6872593277015,61.3857726107506,22.7096009947934,15.431663532316,0.784233895026284,6.14995380998066,1355.78288368931,241.504569551118,1376.06222797376,323.448550845525,87.4240656727851,2713.51800363527,91437.1161432918,19.9323492812949
0.467942122398875,27.6864033874397,41.404649300322,22.7916737216643,15.5797846437909,0.937926859908395,6.15967936463738,1349.61050147714,240.953221507253,1369.81133791834,338.338654761654,87.0220500467648,2711.39544288639,90843.956104337,19.935172450381
0.476757000093208,27.6742286690594,22.0801617501865,22.8150606308281,15.8431917547303,1.01369627853556,6.17070349104489,1348.80731031315,240.682288695964,1369.22053661952,354.19921399554,86.9791068754784,2719.52732027679,90291.1605000988,19.937952638017
0.53612973509561,27.6507974105891,6.09964207477227,22.5831156801465,16.2164132538354,1.13625753628564,6.15931139548413,1352.10217020288,240.502674658077,1373.11902620728,368.69350115074,87.2384285246581,2734.30741286025,89809.3641860362,19.9406897729587
0.709209752441557,27.6179157608056,1.76671849474374,21.7676523813937,16.5637307788044,1.52047296434893,6.08656130088276,1357.1077261611,240.23532015352,1379.04581185522,374.370891226598,87.6646939414188,2746.99598355486,89449.3485215334,19.9433839630538
0.792436050116911,27.5791224311124,1.14623155055045,20.7811339227146,16.9734746892763,1.91244405729208,6.00012207670162,1361.95886484513,239.786690336249,1384.95340090883,377.472648585418,88.1068000373568,2757.88397176382,89263.5938766856,19.946035364682
0.852560711736098,27.5409769524233,0.839480189365024,19.8409201823729,17.4351806221919,2.21172133757323,5.92266020000159,1365.62945024034,239.125938311713,1389.71485753083,380.347600856387,88.4772372814307,2766.49157322126,89172.751801617,19.9486431158128
0.898357899779717,27.510322600997,0.658664859557817,18.977745557993,17.9078311697082,2.43696542961344,5.8548863496904,1367.86398537417,238.265081050596,1393.02831182957,382.798876374476,88.7542280866469,2772.22591842255,89134.574384928,19.9512065456915
0.933896096312436,27.4908886451881,0.542140440380657,18.1973714474694,18.3715021869503,2.6060127291743,5.79580025152533,1368.87490485196,237.25461066478,1395.08943725351,384.759413686074,88.9496088186176,2775.43140131149,89354.8206688348,19.953726769094
0.961428103888307,27.4858727482535,0.464585006643425,17.5085629749069,18.8129751114835,2.7294391351186,5.74475317960748,1368.61221856579,236.165591010622,1395.83594147948,386.189979998771,89.0588169920432,2776.0399453251,90099.759283327,19.9562050072672
0.983256903002138,27.5040343702702,0.414197053580939,16.9440002251242,19.2129203905876,2.81545708813607,5.70170456388838,1366.31418912605,235.059705129597,1394.48422894836,386.934732224289,89.0312912175396,2772.67982016635,91046.8325365158,19.9586382230769
1.00148006779265,27.5564385013456,0.383430263703221,16.5437188482212,19.5537782488745,2.87271869741119,5.66651284599238,1361.42859195543,233.99660028526,1390.47154249059,386.908534850274,88.8312957491877,2764.39015398556,92024.3883066889,19.9610248212904
1.01734888307306,27.6486182580057,0.365211598433609,16.3246148344045,19.8306086422947,2.90840847479678,5.6385573180779,1354.525109135,233.077443173272,1384.38622830721,386.294868109295,88.4970910815681,2752.350011674,92967.9144380782,19.9633642383549
1.03114061781777,27.7792276985542,0.353219905501553,16.2671174668809,20.049474722306,2.92849964187288,5.61671027655445,1347.00686161492,232.432642135791,1377.67602076254,385.455361570294,88.1208133525695,2739.31689230723,93838.6281194089,19.9656561704912
1.04303377342053,27.9440323511001,0.342899847169802,16.3204450998318,20.2205719657292,2.93819050226819,5.59962120377769,1340.04206395388,232.131019943954,1371.5619954882,384.649346813686,87.777373605873,2727.54419240284,94670.0798515447,19.9679006075516
1.05360204952926,28.1389374999796,0.332587198032691,16.4316932180734,20.3523734346299,2.94191047477623,5.5860903924574,1333.87421817438,232.13257151562,1366.3185698768,383.878700545048,87.4803988094543,2717.44555616701,95469.6410661588,19.9700973891081
1.06376959355866,28.3600188717296,0.321887717866521,16.5670543953266,20.4514916757697,2.94444528843026,5.57498498881111,1328.30325662868,232.362254733923,1361.75006194224,383.057586159522,87.2160084388904,2708.57385691754,96045.6328423652,19.9722457406068
1.07384165677515,28.6012939223053,0.310034940160942,16.7011997855159,20.5296322070646,2.95140101046667,5.56479755035925,1323.64377924779,232.803783557523,1358.16544727757,382.273210571256,87.0064455690483,2701.50428184046,96212.6989740094,19.9743450161871
1.08241237594115,28.854187929992,0.297069810137399,16.803967080944,20.6060417540561,2.96564362444658,5.55398508702214,1320.7506973277,233.504129950196,1356.40078938169,381.768450547879,86.9101057574315,2697.86674284991,96222.7496021672,19.9763957862709
1.08816617848223,29.1118019085947,0.284442446236443,16.8521406197836,20.6959296891473,2.98703239348163,5.54163588182493,1319.85414863882,234.459920339941,1356.65208334613,381.621999072311,86.9432466544816,2698.07030237152,96163.6713515811,19.9783980882528
1.09158946649067,29.3701033392491,0.273071101519484,16.8371438848963,20.8055423603477,3.01629638136381,5.52720861745371,1320.39257309063,235.58175407386,1358.33225476934,381.702798351479,87.0694892199046,2700.98522601338,95870.252524723,19.9803512337249
1.09354136015126,29.6217100707959,0.262744107480919,16.7613502424675,20.9410242205574,3.05630182501979,5.50986731385477,1322.05514828266,236.785024262523,1361.14154548455,381.940079936018,87.269822537566,2705.98464024437,95193.716614016,19.982254534328
1.09327453453289,29.8516891130014,0.25361069013656,16.6389044834466,21.1137316522868,3.10844461626438,5.48869503458786,1325.12774188532,238.043977431666,1365.40440696711,382.419590491243,87.5651080501582,2713.62681765526,94401.2971423675,19.9841084115982
1.0899607747507,30.0474697767618,0.246199315251297,16.4872678309099,21.3315374661961,3.17146806637954,5.46334872397541,1329.70516726017,239.342664852196,1371.23982979782,383.178334092592,87.9626199199229,2724.10706945433,93599.4227558274,19.9859129258562
1.08398573355147,30.2066456541055,0.240578330059527,16.3166654769457,21.5933876901558,3.24237656061866,5.43424989571657,1335.31916722948,240.631643492591,1378.17168569609,384.104042079258,88.4310733126186,2736.51159400146,92944.6625386031,19.9876683513646
1.07671302618295,30.3358268178078,0.236470535064476,16.1298940308775,21.8891732187975,3.31680751061015,5.40254236515073,1341.10657701151,241.823028256802,1385.30590388218,384.976555506628,88.9121811942598,2749.13513650947,92579.3180597945,19.9893749989812
1.0702962388944,30.4462468949315,0.233365819817275,15.9218625265903,22.2017272730573,3.39239203423817,5.36949388948082,1346.06789179209,242.777823235644,1391.60635404321,385.529336967515,89.3389014771306,2759.96789340983,92316.6349649492,19.9910320859122
1.06607672667212,30.5470794342859,0.230875593088058,15.6837306002976,22.5165798888531,3.46919058602347,5.33589503714416,1349.7042950193,243.389695764347,1396.55619707697,385.624043074085,89.6781942595495,2767.97656456622,92085.1547818387,19.9926391355399
1.06403306143246,30.6417865366194,0.228773134758555,15.4105596436671,22.8281653800857,3.54731740496147,5.30204938318378,1352.21194977483,243.657465505025,1400.35645155159,385.310480917206,89.943382799533,2773.53082041925,91842.046504237,19.9941957842197
1.06346390126248,30.7271560738947,0.226859898324625,15.100242092884,23.1379601480355,3.62640910126121,5.26794047295517,1354.12471525087,243.649000985906,1403.55576471003,384.730019799941,90.1700390567519,2777.69425536491,91551.9437443313,19.9957017040851
1.06353097249034,30.7933464399804,0.225015823193217,14.7483727881014,23.4499036915462,3.70575054827757,5.23346300131041,1355.96546621761,243.438277432576,1406.68984811857,384.019363245758,90.3926820379439,2781.51136066901,91278.3839570848,19.9971568934693
1.06381128902669,30.8308414165292,0.223201725251138,14.3523122973888,23.7654646563632,3.78466665180888,5.19865555881242,1357.97233366762,243.072161746229,1409.9981490049,383.242263336308,90.6265961908016,2785.46411552513,91048.0754631019,19.9985612484016
1.06435372093829,30.8374084036037,0.221415211814141,13.916283289916,24.0820515894855,3.86248260227189,5.16380295693061,1360.06736620566,242.571377418939,1413.39237408495,382.385870603939,90.8659122610588,2789.41687754382,90908.8248885285,19.9999147261977
1.06553063899993,30.8228048037507,0.219659124145992,13.4484003826351,24.3932045082362,3.93844651132053,5.12942055217944,1361.9702364892,241.946065484765,1416.57627287195,381.384380494326,91.0912780509002,2792.84259456248,90907.5857367229,20.0012172693895
1.0680227715924,30.8115285722749,0.217950619451636,12.9529366449131,24.6893064823021,4.01306330890123,5.09600448541062,1363.3187200804,241.203572193269,1419.17330500547,380.138857590902,91.2781341904775,2795.05363284306,90972.7826305745,20.0024684476377
1.07233987550192,30.8293767600775,0.216315946542298,12.4302099481319,24.9623387646844,4.08765638204808,5.06383605864729,1363.90674692253,240.354857691735,1420.97209735297,378.587200616056,91.4127113645747,2795.66314976497,91067.7443902815,20.0036679454148
1.07858331564337,30.8879066835253,0.21473787052063,11.8809302614457,25.2098434884295,4.16359491103113,5.03288620927699,1363.85164802231,239.422541385798,1422.09754722282,376.761182225392,91.5032252415842,2794.915362235,91079.0231791223,20.0048152798603
1.0863428203173,30.9787706106795,0.213159378092291,11.307244711518,25.4373578405048,4.24241904553585,5.00266196390108,1363.60008116089,238.431829756104,1423.02192994562,374.792136748323,91.5808128836667,2793.6974712236,90888.7988380391,20.0059100068569
1.09440270169217,31.0758036715391,0.211530437350763,10.7141152745511,25.6579700025076,4.32384273665799,4.97250390557091,1363.87108288254,237.41695113231,1424.51107255199,372.896287744803,91.6958661375755,2793.44106103239,90640.5504243877,20.0069523543198
1.10191710632421,31.1525442087662,0.209815235367052,10.1089563033767,25.8828638116533,4.40593595746024,4.94208300534329,1365.04697348136,236.386184910108,1426.97868789061,371.198922192085,91.8756605585088,2794.91238840273,90396.3857141066,20.0079423463646
1.10942774261202,31.1971272802198,0.207969223792825,9.49711581420593,26.1159032035669,4.4887886751786,4.91118571783409,1366.91110118456,235.296893298725,1430.20319551557,369.650698460484,92.1060129368212,2797.67454422045,89989.8185520538,20.0088794458851
1.11767020323055,31.212229505919,0.205927020806704,8.87843860280614,26.3617859466291,4.57597443815081,4.87903337741241,1369.38873186028,234.11386076042,1434.10550595053,368.220945832781,92.3820650535157,2801.55087482339,89232.5024370747,20.0097630414686
1.12612709056055,31.2084284244867,0.203670223105892,8.25166077676318,26.6332116293126,4.67018129374303,4.84448318024369,1372.92315194707,232.842260616087,1439.14579752794,367.003158792506,92.7337659521072,2807.37628556598,88382.2399222199,20.0105935673378
1.13444879482883,31.1965942706229,0.201203304158547,7.61907625921424,26.9405175616148,4.77107520827871,4.80694588420227,1377.7747102118,231.486226943494,1445.59045469901,366.042051345242,93.1779534930344,2815.63163468174,87558.0110783155,20.01137121582
1.14346410380036,31.1833271555783,0.19855868698001,6.98541237300636,27.2835981521156,4.87677820439721,4.76667052383734,1383.60034806425,230.014807969552,1453.07379949727,365.233506022027,93.6900425593986,2825.62161509104,86781.543778938,20.0120959552861
1.15472491551535,31.1706812867426,0.195772185109657,6.35475500686066,27.6551857867542,4.98456879063915,4.72446618384318,1389.78902133298,228.377198311202,1460.95177081194,364.415529263455,94.2271904139518,2836.13253309193,86054.2812843699,20.0127677025145
1.16993643650822,31.157929272945,0.192853244547562,5.72861487410349,28.0464425129496,5.09084228336554,4.68137934377868,1395.83791054816,226.519858284828,1468.69695834357,363.463193845449,94.7540100402362,2846.16410810509,85373.5264996737,20.0133863677829
1.19075343126641,31.1436419935424,0.189795692199866,5.10882117608925,28.4497173215525,5.19084720294078,4.63856270548339,1401.481397547,224.408579331084,1476.03153908246,362.315168570188,95.2509339691432,2855.18622159152,84738.2502764768,20.0139518723625
1.218642502691,31.1270149273643,0.18660959479411,4.50234731979037,28.8584073233493,5.27767200963342,4.59742326425323,1406.63100950174,222.043389495662,1482.86089328268,360.954105200289,95.7094973264511,2863.02908867908,84238.1617041643,20.0144644235211
1.25495222884045,31.1084476681465,0.183335926019632,3.92407810733345,29.2631090721311,5.34157332927832,4.55994222772896,1411.14052663537,219.445028755208,1489.02313041295,359.346576359004,96.115935091317,2869.41998551504,84000.459824636,20.0149243283358
1.30119327412713,31.0897463863505,0.180026764411297,3.39370761819088,29.6481183690999,5.37306025254226,4.5284368081345,1414.6278364424,216.627751336318,1494.10021830999,357.397793706473,96.4396052294612,2873.62112704228,83896.9319315415,20.0153310556492
1.35797237399065,31.0731503959235,0.176732159010114,2.92751569914373,29.9987971390169,5.36558437598562,4.5047345343887,1416.81282045233,213.609243949421,1497.77974504681,355.041801042785,96.6575578357403,2875.09339376643,83841.0431925379,20.0156841794388
1.42424163723476,31.0600599534552,0.173480688426772,2.53228102207156,30.3097062391923,5.31640451035936,4.48956398043534,1417.82080896601,210.428919316205,1500.18148317097,352.321565449597,96.7764168456863,2874.10024414403,83774.5023663768,20.0159834407343
1.49785590775931,31.050690875963,0.170278370899977,2.20404549885688,30.5852504750614,5.22686222947395,4.48247930148033,1418.10100811017,207.141517225947,1501.77337859609,349.367710872273,96.827020187908,2871.54829134632,83644.3159194814,20.0162286805089
1.57665324996778,31.0444748127766,0.167118220179168,1.93126913784045,30.836099470507,5.10062386153309,4.48232989318801,1418.22378962504,203.804496061856,1503.15629897258,346.345858559797,96.8499048756736,2868.58679934417,83499.6697632808,20.0164199541553
1.65954993938288,31.0406241646529,0.163991707681711,1.70098668382696,31.0721868072847,4.94229597460184,4.48787374363078,1418.5722450019,200.457191276938,1504.73471564971,343.374013635445,96.8732348360488,2865.99394421153,83374.1015794938,20.0165572586669
1.74598015691984,31.0387258824282,0.160912102740745,1.50435965697971,31.2972456178292,4.75633920996153,4.49825241416463,1419.15859550097,197.110234974094,1506.51921055179,340.473010140806,96.8995053707651,2863.81117725547,83404.5823930068,20.0166406015983
1.83392750682601,31.0410235708824,0.157930909938055,1.33942538670259,31.5040031350508,4.54646319056236,4.51335973311313,1419.55074750377,193.750439297812,1508.045278173,337.550665176789,96.9003169088659,2861.20429331965,83796.6421192491,20.0166697879061
1.92020861228826,31.0562551599907,0.155114245325885,1.20735233987076,31.6712632575681,4.31951655592948,4.53345906736473,1418.83247616699,190.339266901351,1508.33014154076,334.395161739871,96.814636236541,2856.38791886379,84380.4304818917,20.0166443983695
2.0017043441077,31.0969288143769,0.15251295550401,1.10653091642581,31.7767103513802,4.08582653424498,4.55837791019734,1416.21747548493,186.847199239427,1506.52995605686,330.8259854352,96.59138371252,2847.83407847529,85022.7757698104,20.0165643037281
2.07761095329996,31.1715595183057,0.150118701328314,1.03012132912795,31.8121335132305,3.85613933506036,4.58704989227955,1411.7080706868,183.294197869872,1502.64562596052,326.849726215466,96.2338637206991,2835.56726247003,85472.0936961776,20.0164296544025
2.15071285258811,31.2772236144829,0.147861344188223,0.967092508253934,31.7929084598336,3.63862579114924,4.6173944232622,1406.46919648833,179.779159849664,1497.92557998364,322.744667449029,95.8243127916599,2821.90344937853,85428.1695331303,20.0162408809585
2.22207106484302,31.3965538115981,0.145671322307854,0.908944399112535,31.7574817727527,3.43363724611522,4.64710843281708,1402.6207977235,176.471726342451,1494.6449057498,319.014751853542,95.5084069421785,2811.04726484936,85177.7028625168,20.0159980406801
2.28997631670781,31.5086908144477,0.143514680701211,0.853428588437342,31.7406063544841,3.23751539348629,4.67470347349248,1401.36532291463,173.450291399186,1494.1000190019,315.952222698169,95.3677521368322,2805.37850202883,84893.6515896113,20.015701044366
2.35071211241417,31.601676843697,0.141437543298088,0.804183217645156,31.7516673583123,3.04792252333498,4.70001033698861,1402.2008409934,170.649810646403,1495.75915467943,313.455464789536,95.3672717254212,2803.89926466945,84935.9658797341,20.0153492215809
2.39372715874922,31.6744736683524,0.139584318432023,0.772700482809561,31.7674831440628,2.86512009562043,4.72441294573316,1403.46476134564,167.934109909275,1497.83206978386,311.167104456744,95.3929357894272,2803.32716663934,85801.173422037,20.0149412594748
2.40464853429528,31.731315827592,0.138088958026725,0.775267832755565,31.7333077462017,2.6993729247295,4.74974420966976,1402.56193282468,165.092251210739,1497.5066124042,308.541792030721,95.2689885716397,2798.53345009998,87049.0949287956,20.0144778746389
2.37547402227359,31.7752314207601,0.137024308489504,0.822643266531254,31.5976906619503,2.56773394542491,4.77665825117908,1397.49058401146,161.934861953432,1492.59803971807,305.180795839042,94.8622590336332,2785.54333696725,88357.3533714607,20.013959850716
2.30890969964857,31.8067583772736,0.136492840593106,0.91962915474351,31.3437716974672,2.47983674688716,4.80478140544172,1388.40653750178,158.454136135582,1483.24946479142,301.156836894406,94.1862649166741,2764.65290093832,89796.6040564988,20.0133871806809
2.20115901986704,31.8285463932157,0.137077491024032,1.09363892281689,30.9809530609487,2.43565797082961,4.8336346453833,1376.63299319777,154.81232831491,1470.89112697382,296.839935008601,93.3336028620587,2738.57279242754,91567.2325113106,20.01275966677
2.03166638648866,31.8507948293785,0.140364541058595,1.43296963336735,30.5242326679984,2.43794316598716,4.86229631484628,1363.42404134303,151.307796374833,1456.92808555215,292.726984366439,92.3950945164059,2710.11558690125,93439.0698881606,20.0120777489293
0.00640295232125966,31.8863686561693,0.278752465039062,2.6095766994768,30.2713761306111,1.66327071741803,4.98897345705473,1349.63601514532,148.245660912031,1442.29078986855,289.939542217207,91.3340608424886,2681.63257177846,95287.6396697871,20.0113416337402
3.34964669822108e-12,31.9400271556498,1.30285360782056,4.89552374098731,30.0960295996342,0.10867840508467,5.22445287690255,1340.71334200637,146.424934470757,1432.52826025575,291.084971477862,90.506345104375,2664.70158503975,106444.112181155,20.0105542338459
3.161179276778e-13,31.9886517415726,7.49646056635856,6.75734801445309,29.065612129166,0.000957877795703056,5.30590070312775,1338.74697075061,145.691002666124,1430.13063320294,290.744252331262,90.2650556017027,2660.08815241989,108588.443084315,20.0097094167658
6.50479945262069e-15,32.013224088041,15.5867961282001,8.51433770394913,28.0549355619015,0.000256840622364204,5.36527194184853,1333.04364653842,145.759764894543,1423.81540095782,287.493327465292,89.7823825537888,2647.77261335516,110729.967944668,20.0088105191525
8.88981751677357e-17,31.992140334777,23.9827392301324,10.2689160367178,26.9763008415619,0.000188023761500271,5.42742702662279,1326.72854926299,147.510037198183,1416.60045284334,283.957939738799,89.228748792882,2635.21151599251,112760.240379621,20.007857675352
-2.12390433780127e-17,31.9199356928625,31.8058694825126,12.0026585308665,25.8350013872812,0.000135193020676842,5.49435288314348,1318.49638160668,150.735240093974,1406.98403803371,280.799820829156,88.5053164703763,2620.22366541343,114092.753544948,20.0068513817517
-8.42109450289123e-18,31.8165884634574,38.7927037222538,13.6403137221489,24.7184266532741,8.67209109079419e-05,5.56085692819662,1311.0027460762,155.134437440647,1397.89752944735,278.576253738952,87.8037326706306,2607.72867447279,114303.445277334,20.0057920118393
-4.8728333130485e-18,31.7209887197655,44.9256360360589,15.0978631575,23.7122601813008,4.985703979817e-05,5.62136144342446,1307.90407083492,160.400953668596,1393.40993745705,277.738345624159,87.3922834296799,2604.42477705702,114127.561282072,20.0046790823658
-4.18056292411015e-18,31.6598270294423,50.2857581946355,16.3486552133849,22.8426698551747,2.56708877648584e-05,5.67406712396186,1309.64608294041,166.265623714439,1394.09013402803,278.106729849296,87.3131235663438,2610.88844734228,113771.875247785,20.0035125194615
-4.04002288821872e-18,31.6346277727253,55.0149781877787,17.41448309676,22.0929869533134,1.19057160704585e-05,5.71992550357326,1313.96836952122,172.477510215922,1397.53421471876,279.035032253741,87.4144301425461,2622.54147546551,112978.697748925,20.0022927095508
-3.81232879365082e-18,31.6283109796263,59.2730006459503,18.3212084512725,21.4481798756949,4.74219584712695e-06,5.75981855845028,1319.56561078732,178.762764629588,1402.34900856455,280.157446618723,87.6071950094094,2636.64212056629,111593.479118364,20.0010200756474
-3.45473745339628e-18,31.6145925095737,63.2159099133248,19.0898122047043,20.9051449069277,1.43231563605841e-06,5.79388068390808,1326.65168160629,184.772966895149,1408.78931803362,281.478627557085,87.9082508582153,2653.33748653328,110113.033382095,19.9996943421014
-3.06346841126819e-18,31.575902924066,66.9707795343801,19.7476935599895,20.4513441808279,3.20384711013638e-07,5.82278514339962,1334.97362594627,190.277888571519,1416.60237604777,282.932429146138,88.3019600831216,2671.9832663237,108796.60433292,19.9983152931593
-2.70470873096227e-18,31.5071874409056,70.614384016779,20.3254467286032,20.0590006951869,6.14671417161653e-08,5.8481132749637,1343.31692503897,195.241812483489,1424.48444754248,284.278903635802,88.7050090558402,2690.24583426446,107959.585718567,19.9968824099912
-2.39608390512975e-18,31.411992263447,74.1636461932924,20.8458983264447,19.6909041015192,1.13781238061975e-08,5.87200580014013,1350.04652227057,199.694220900536,1430.66427111338,285.216992521538,89.0048612606953,2705.04003331836,107700.220340963,19.9953953702222
-2.13103804961421e-18,31.304583017002,77.5818595287363,21.3112776436825,19.3125655151484,2.08809719593776e-09,5.89644564416946,1353.92451232349,203.598870918895,1433.78581884862,285.534989943633,89.1171938746058,2713.98322101498,107569.397749455,19.9938549703892
-1.89923749536523e-18,31.2015137124949,80.8284416062213,21.7111973245328,18.9103502940742,3.79087126764512e-10,5.92221173666174,1355.22958550712,206.935617379633,1434.1277521759,285.327790416473,89.0614330380587,2717.59537358053,107447.876569789,19.9922615716311
-1.69373862473902e-18,31.1120441251608,83.9054925522287,22.0429134434808,18.4895429058137,6.78592844935597e-11,5.94899752198445,1355.35726362477,209.783295636146,1433.18292802455,284.904690981931,88.9320399355783,2718.6005628478,107204.094453162,19.9906155933487
-1.51101112645783e-18,31.0418898987492,86.8682815345058,22.3140215307897,18.0631605656651,1.19780411642855e-11,5.97605940230105,1355.75128505851,212.264721605612,1432.51085718237,284.567747549034,88.825358947339,2719.84942968857,106826.451584197,19.9889172506741
-1.34876619316794e-18,30.9991945903938,89.8019536774904,22.5356059307214,17.6419035643468,2.11747156269031e-12,6.00278911097388,1357.21358710834,214.483390595726,1432.99120816929,284.473020671333,88.7927771611718,2722.95488668277,106610.409236207,19.9871660244788
-1.20445065379122e-18,30.9877642036235,92.7525578323958,22.7186084678786,17.2251698444297,3.77705258632473e-13,6.02921889200516,1359.18257918533,216.434709405171,1434.03945835095,284.487422895157,88.7944653898454,2726.84878035146,106631.630609412,19.9853617943041
-1.07558594451974e-18,31.0020597631914,95.7038364275394,22.8693782782615,16.8059178208486,6.76425290464717e-14,6.05574270180323,1360.58365569827,218.04521963304,1434.51082898949,284.377156803914,88.7580734090366,2729.43119631849,106614.029472139,19.98350535739
-9.60634021854027e-19,31.0270482835708,98.6317740141266,22.9859661596878,16.3855841277115,1.2003184179149e-14,6.08227605526654,1361.28702664392,219.282391212819,1434.26088610929,284.117980752314,88.6759914467299,2730.42867671285,106201.993414183,19.9815978620939
-8.58767544040948e-19,31.0410961633037,101.554789174982,23.0630960972043,15.9784391978173,2.11843611225675e-15,6.10801570426375,1362.48766142599,220.245417405474,1434.54885163006,283.969096682449,88.6288394433605,2732.17675695925,105657.836858009,19.9796389339262
0.402368413940533,31.0281700499139,81.2773601357376,23.2226826160905,15.8391330990892,0.307416361563083,6.11726359092003,1359.41883512333,220.055876130589,1430.82193019695,299.972478971668,88.4054070492405,2735.76512920926,95852.5818299851,19.97762044875
0.446106550295846,30.9847682692291,53.9203228621906,23.2830440611997,15.8231353567942,0.735853819316475,6.11236332200585,1348.74526838641,219.325486847301,1419.26483630405,319.127240239472,87.7287430877598,2727.65757524715,95349.4361057631,19.9755579507748
0.4536850585996,30.9260922701855,33.8607514098874,23.3648455966762,15.8519185474313,0.8725005681378,6.13119853761306,1341.23828339636,218.890704866392,1411.02858674277,333.611728124617,87.2155424948928,2722.48970286061,95117.7765750174,19.9734432925135
0.472420980018328,30.8690769899524,15.3711836298587,23.3300371753612,15.9958744626638,0.953600968340525,6.14625154770267,1339.55179198627,218.776620845646,1409.15722888337,348.529558649963,87.0987011730823,2728.28991726537,95080.7647667238,19.9712767730054
0.587634753237074,30.8227811422755,3.3339008597281,22.9009740444259,16.2094031052821,1.15181408656212,6.12479446626436,1341.14332727824,218.695922363936,1411.0712928208,359.402187286448,87.2419670678728,2737.79724573433,95194.0486373489,19.9690586854521
0.724534211403678,30.7864592713266,1.56082255477163,21.9552281276505,16.4113104602544,1.55663396022225,6.05167106310576,1343.05775749057,218.422965424765,1413.57625359444,362.432103136856,87.4599513571526,2743.29710122168,95554.8150232069,19.9667888919709
0.798873407420567,30.7544902921191,1.09210665055345,20.9769504493997,16.6769318049695,1.88286673330151,5.98207487815275,1343.41276499096,217.878640280842,1414.55457992383,364.627226774475,87.5921573307827,2745.46751551961,96203.8925616745,19.9644674801465
0.855044807473675,30.7228714374032,0.849236892097862,20.072195260587,16.9499960490188,2.11605968859478,5.92451459988682,1341.33609040712,217.089699479932,1413.0299176312,366.304297216433,87.5689062212412,2742.92044781101,96923.1598337927,19.9620954126432
0.899279258811271,30.6911319331178,0.706867320843855,19.2667689295212,17.1938841044648,2.27902748717753,5.87868983370588,1337.01733169614,216.156621443582,1409.1778754149,367.3215548677,87.3986336152691,2735.95458650397,97644.1158501146,19.9596731533509
0.933934357814224,30.6589695792335,0.619480523728945,18.5642546895064,17.3966679027603,2.38904853680588,5.84316297669074,1331.41460467776,215.230317762772,1403.99746298354,367.852267488543,87.1426694360833,2726.46270060975,98712.896411225,19.9571999632912
0.959254566926583,30.614117974924,0.570382043664895,17.9679425498287,17.5485779204853,2.45426409953263,5.81745654692357,1324.88730842951,214.408265658558,1397.82989206439,368.037058804104,86.8217945685938,2715.19855431775,100399.473138641,19.9546755431697
0.976919735192145,30.5223785983518,0.552801229788429,17.4915081870725,17.6309145224986,2.48209505157904,5.8017474485643,1316.45137392056,213.627021606716,1389.54853523367,367.710711554724,86.3663599023878,2700.1977648635,102132.249908717,19.9521018000823
0.989538417835304,30.353971007617,0.559700998946466,17.1475548507917,17.6345937934121,2.48216010350842,5.79541878451285,1305.65098941443,212.822901272428,1378.59792362462,366.809859679199,85.7430561766983,2680.50138676174,103711.749146399,19.9494793872899
0.998658361908581,30.1093479762782,0.580825972046471,16.9325482454053,17.5701527397984,2.46345440995873,5.79671996840412,1293.89402318005,212.129312126228,1366.4618526838,365.699910051827,85.0451193482154,2658.90795345849,105067.567928015,19.9468085607199
1.00701822495805,29.8150313274253,0.60222719186898,16.8109581582851,17.4574539834777,2.43522804004732,5.80309552678193,1282.38561780448,211.698279230362,1354.46459428993,364.609261846454,84.3538008956786,2637.84082754324,106170.410136521,19.944089507821
1.02038670337629,29.5067750758564,0.609622837292238,16.7107338499153,17.314150219195,2.40758033225473,5.81173175921664,1270.86014332423,211.602027809314,1342.38913155542,363.281956885403,83.6517390694499,2616.78970628261,107061.656072652,19.9413223276822
1.04117285774788,29.2103158564621,0.599539927483838,16.5715516804193,17.1536522738484,2.38807199384513,5.82042795603301,1259.28029529686,211.934603432224,1330.23935041281,361.572277804673,82.9363125743518,2595.71073074308,107735.160110459,19.9385072409979
1.06663724745025,28.9348808881619,0.579005463631746,16.3821905349688,16.9853921195122,2.37623616239444,5.82856313551728,1248.05056610776,212.740559347585,1318.45305377212,359.597472072243,82.2346801560059,2575.43064658109,108647.453216176,19.9356437267856
1.09317820640896,28.6798525727336,0.557750043084712,16.173345088282,16.8041883441671,2.36408645195426,5.83752387438285,1236.81036268686,213.935941213059,1306.63534875916,357.348332580521,81.5230132474206,2555.23268214251,110268.103048831,19.9327313527506
1.12176646747624,28.4424081747508,0.540074674211909,15.9873756220963,16.58781461312,2.34724148210965,5.84912931588626,1223.93476029859,215.28125035888,1293.05498912003,354.457487904384,80.694041934432,2531.83893181219,112091.203544339,19.929771303002
1.15413759014211,28.2177420217173,0.527823795855403,15.8449541137415,16.3218235098333,2.32634130646979,5.86405385111324,1208.37317606889,216.656226588993,1276.59099324999,350.665140268527,79.6777532243767,2503.14057831644,113991.589468225,19.9267640838164
1.19189845973009,27.9989845258555,0.518136509193634,15.7337873070904,16.015237175991,2.30805165911,5.88086361936153,1190.84754762986,218.229513835172,1257.99610480105,346.162264182188,78.5203955977313,2470.64119370049,114912.733504979,19.9237112804573
1.23317393472238,27.7832392785531,0.50521860269689,15.6286925299241,15.7135218856665,2.30370378992032,5.8955252396418,1174.52126613593,220.198296547949,1240.64928207105,341.847937051896,77.4344831191915,2440.64184673383,114253.279455166,19.9206138643692
1.26800262287065,27.5710119036749,0.488973721265495,15.5285649360227,15.4772890861196,2.31340863553941,5.9047647179101,1163.51962401216,222.478294209164,1228.99939707107,338.95845802636,76.7018764880097,2421.18445391903,113401.76541778,19.917470441646
1.29009244063291,27.360674871948,0.47147776728357,15.4449268781793,15.3275448350388,2.33009193389805,5.90839899400703,1158.93488214354,224.837597505605,1224.25031045831,337.875906219121,76.4000613154073,2414.29988460727,112630.390965108,19.9142809274648
1.30063433960744,27.1500039011234,0.454700222995213,15.3808739969897,15.2475435573908,2.34852296381587,5.90800161778201,1158.91530498859,227.092704994087,1224.43025041772,338.108659368636,76.4058169044142,2416.2760333185,112163.420080897,19.9110452601013
1.30515373704728,26.9414034240152,0.437926819459338,15.332788135543,15.208877193252,2.36585892300861,5.90542433445849,1160.9225004314,229.134573311132,1226.81184272039,338.930522875941,76.5496022557,2422.07728395087,111944.682076243,19.9077637777323
1.30996180263344,26.7471624162577,0.418577872352135,15.2910597353638,15.1896636251664,2.38450458816353,5.90139536330907,1163.16756308936,230.879719609247,1229.46526741772,339.792800271713,76.7151692265117,2428.12380254234,111525.565969769,19.9044374852135
1.31656170181157,26.5820445660723,0.396966185683139,15.2451722610486,15.1866202297828,2.40845965761324,5.89546572454678,1165.45661405182,232.349385875181,1232.17708166545,340.603046970678,76.8928851456046,2434.02944201951,110851.409128809,19.9010668426248
1.32294117211882,26.4527283445249,0.374743055314048,15.1880046508027,15.2092238014663,2.44027760179536,5.88679159122385,1168.60377012607,233.660655147297,1235.82417347816,341.583896778157,77.1377402351219,2441.46710817804,109801.621732015,19.8976524616851
1.32608909881954,26.3477999773196,0.353494584692414,15.1111984324891,15.2704556612579,2.48112721757012,5.87457936917773,1173.61031464817,234.949606546392,1241.49132955623,343.034596892123,77.5161506480377,2452.50814886911,108419.075047193,19.8941947451934
1.32314091042127,26.2360457481638,0.334568923948713,15.0052970134611,15.3798380726627,2.52906550328139,5.85865590081135,1181.12660069724,236.320506535679,1249.88816120288,345.167297072022,78.0712651725349,2468.5250394175,107037.228807968,19.8906934971129
1.31374361994622,26.0939574573722,0.31829727116953,14.8679510960332,15.5363105857909,2.58095154911206,5.83954932377974,1190.96074010543,237.778617773568,1260.81620322901,347.943193441841,78.7896736464092,2489.16325961451,105732.101031495,19.8871488965
1.30010133313667,25.9214387818533,0.303940642989444,14.7013020989272,15.7320666598983,2.6366739771054,5.81768719590317,1202.42081917097,239.244590803884,1273.53722303026,351.156462658017,79.6245638186077,2513.01237683471,104245.926579343,19.8835619525706
1.28410355889491,25.7391374871937,0.290344669078828,14.4996259669014,15.9647379489656,2.69940106793449,5.79270660023275,1215.28163445357,240.657563914089,1287.81448256411,354.711658637297,80.560864183391,2539.57328660059,102404.926443237,19.8799337681568
1.2648867925367,25.5787502645245,0.277494103130631,14.2492743744638,16.2405059061642,2.77040978807678,5.7640171850283,1230.02281393552,242.035672938406,1304.16708757453,358.704209350583,81.6303769326808,2569.77364356674,100577.426533135,19.8762639722301
1.2415915679452,25.4603930694656,0.266103976042326,13.9437539023702,16.5623042282452,2.84818905403683,5.731600682309,1246.83345876518,243.398427006364,1322.80098506093,363.15504978068,82.8450360540702,2603.97901609786,98853.2098525706,19.8725526988086
1.21498126453163,25.3846478684663,0.256436123662197,13.5878013451912,16.9255996594985,2.93057502200933,5.69596929660404,1265.2708350663,244.71798583201,1343.24417840177,367.922665099825,84.1747401189852,2641.29843354583,97291.8858600456,19.8688000557724
1.18668093774122,25.3397117103389,0.248304173245801,13.1893152235445,17.3216279718421,3.01521153380291,5.65791785812519,1284.60413696789,245.936816136912,1364.72427701588,372.79651420469,85.5708768434112,2680.27343467687,95963.5011664933,19.8650059285407
1.15864080294242,25.3087328598635,0.241374516659196,12.7508812949268,17.7395535364561,3.10093368715634,5.61819561000853,1304.03869762141,246.975256567033,1386.41736723329,377.551177647656,86.9816703285265,2719.32280520041,94798.5420190816,19.861170799231
1.13232174763021,25.2785573105597,0.235373614600184,12.27246891671,18.1698779025072,3.18781306581764,5.57731512941137,1322.98280348717,247.76806476104,1407.71331464431,382.018183357633,88.3688392400816,2757.2676297351,93764.8066998868,19.8572950692816
1.1085187024947,25.2441740502757,0.230041298785532,11.7561999854473,18.6064616441005,3.27674795980103,5.53550134995599,1341.16744920904,248.289175446232,1428.32551489837,386.118921123947,89.7145535142454,2793.56473768442,92774.4845942799,19.8533796063565
1.08840176889404,25.207694783686,0.225117298507461,11.2038185827932,19.0467635438277,3.37060310901242,5.49250328099676,1357.91848116936,248.413979591212,1447.5125079165,389.65337313424,90.9725161412367,2826.78424460219,91676.5035707071,19.8494260910587
1.07552759428159,25.1762586141005,0.220430511718247,10.6149856505166,19.4900848297968,3.47435973923777,5.44765198128468,1371.0936250552,247.742930711964,1462.94524778566,391.995868353995,91.9962100716945,2852.41063449528,90589.6211207715,19.8454343667655
1.07066453322334,25.1568537868034,0.21594993116636,9.99115167962591,19.9358446675175,3.59143058154338,5.40047855978399,1380.51073712174,246.23823813995,1474.39005706141,393.070074679876,92.7705158527514,2870.00872832481,89604.9250547976,19.8414040264869
1.07172662958753,25.1520801125627,0.211683797532762,9.33788502211439,20.3831446604363,3.72104555575741,5.35114590192125,1387.52141191745,244.155963275802,1483.27167155921,393.251093084155,93.3843075202601,2882.3751627981,88727.1235936676,19.8373352158054
1.07672723762598,25.1603927127478,0.207616596134034,8.66355533094846,20.8305669533435,3.85965117741934,5.30028266413476,1393.36036166268,241.740773128878,1490.90769244098,392.90601063145,93.9196247218902,2892.10269111346,87939.1513969761,19.833228329278
1.08468306704998,25.1784028028899,0.203704842176752,7.97760670376128,21.2770177760486,4.00247758423825,5.24870162102637,1398.68932604401,239.12797842275,1498.01211189601,392.256759056041,94.4206263868935,2900.60637532386,87239.2463163244,19.8290835953984
1.09551482309922,25.2029183635909,0.199903929326302,7.28891145958024,21.7216293761835,4.14465710575075,5.19721479952642,1403.71338009727,236.367543138734,1504.81037318635,391.394716510417,94.9007488230333,2908.34787737776,86621.8526409239,19.8249012653937
1.10973301272977,25.2317202441184,0.1961745914904,6.60497939712298,22.1633095642538,4.28151668032203,5.14659371368318,1408.4034608232,233.472895484043,1511.27233733281,390.329785489012,95.3571509097949,2915.29165972107,86087.7243069208,19.8206814738297
1.12820103885993,25.2622091708164,0.192478013309616,5.93260435817994,22.5999815298606,4.40862194216321,5.09760934954059,1412.65689263064,230.448765447392,1517.28395950396,389.034304091647,95.7814163299223,2921.23717383826,85640.1515639533,19.8164242616699
1.15203184099164,25.2892108131193,0.188794181574258,5.27892664354031,23.0274139673876,4.52238568588269,5.0510354144196,1416.37481291718,227.29768603831,1522.73203876982,387.470724221018,96.164926836271,2925.97973840331,85257.7429543555,19.8121301594741
1.18243272842575,25.3068380422259,0.185117864250824,4.6524062874995,23.4400701645376,4.61924791408272,5.0077402049783,1419.52238857916,224.026985824244,1527.57090085289,385.619998571751,96.5029265427276,2929.44181426832,84925.8965734634,19.8077996987738
1.22038510487544,25.311894523655,0.181465014892419,4.06413193454749,23.8326016717936,4.69320341568898,4.96895982472236,1422.12443088708,220.652976456793,1531.81866092754,383.490789859222,96.7940085775181,2931.6745413808,84736.0975435299,19.8034309154606
1.26653880334063,25.3049949904136,0.177873026163359,3.52820637652907,24.19796282145,4.73466611178917,4.93656390467693,1424.06205296398,217.179996052605,1535.33787247622,381.070370578206,97.0263949515808,2932.44974903263,84826.7919296892,19.7990202908541
1.32165430735234,25.2900519223013,0.174360330448657,3.05688100392221,24.5249930554675,4.73441212704292,4.91262327511781,1424.89796161614,213.570939066163,1537.64829983213,378.27874807452,97.1671741180966,2930.90065327878,85056.8006730592,19.7945713696449
1.38591087429727,25.2721508169975,0.170931787399707,2.65475130451494,24.8044398889769,4.68769162805614,4.8984421421522,1424.25671312547,209.783250235193,1538.33828536784,375.060934907092,97.1892757491519,2926.28493057777,85330.8872157273,19.790087269538
1.45861889355241,25.2550193295814,0.167569507146341,2.31696656500941,25.0355386600103,4.59628458882803,4.89385288880233,1422.2959432664,205.830822827421,1537.57330184489,371.49491664668,97.1037978589215,2918.93737252653,85469.5240931467,19.7855726069911
1.53899386225637,25.2396504360635,0.164238663762625,2.03016691939987,25.2296080769113,4.46819779625203,4.89704305115831,1419.8231258031,201.804803507232,1536.22206193958,367.809036268839,96.9673806328333,2910.50391194666,85260.3258704287,19.7810327074607
1.6259431598581,25.2241098531148,0.160936581586821,1.77911928938788,25.4092717950692,4.31140973811984,4.90550773736491,1418.19538185123,197.87438846038,1535.74668728988,364.354215226851,96.8737453693558,2903.74365845428,84918.910367237,19.7764639906799
1.71903106324587,25.2052314535341,0.157683162904759,1.55393946561907,25.5944333722028,4.13069411614994,4.91736011091141,1418.33106508961,194.169469243217,1537.13306184587,361.358365324473,96.8857092793228,2900.52574843023,84574.2611831512,19.7718639110523
1.81930926378058,25.1808073348452,0.154511119804549,1.35134020319947,25.7913823883857,3.92962630223607,4.93171067835617,1419.98479037559,190.680940853743,1540.10771166741,358.754280989242,96.9865472920176,2900.35712406984,84281.4723863023,19.7672312818751
1.92701273517056,25.150725337836,0.151461014144066,1.17301150110451,25.9948136316994,3.7119045170614,4.94835730245021,1422.36333332433,187.332596420356,1543.80766273696,356.344778329975,97.1227958753512,2901.64050385537,84077.0610413839,19.7625651806023
2.03904775012391,25.117169281464,0.148573724614674,1.02299737660546,26.1945539709192,3.48289153982229,4.96715550862946,1424.68445642609,184.049180224258,1547.38844942454,353.945607407385,97.2429333935413,2902.81378628838,83918.2641751483,19.7578669263605
2.14913374295212,25.0832605683625,0.145885138416727,0.903126332282919,26.3819422545433,3.25028522878522,4.98753342715556,1426.49146037282,180.789136848161,1550.36242532936,351.459424728632,97.3186617706139,2902.97935522784,83775.7197545381,19.7531378286928
2.24947226545134,25.0511287374341,0.143447152345433,0.812106482230794,26.551609478251,3.02128298976824,5.00878944686432,1427.66452648338,177.545745647591,1552.60434132126,348.874934565137,97.3445452461811,2901.917623376,83872.1931899393,19.7483713591018
2.33052593746371,25.020345858904,0.141369374719729,0.750004184016583,26.692867094055,2.80067828304549,5.03089687328952,1427.86162876376,174.304830225529,1553.73639491417,346.138562291875,97.2991410356808,2898.96907655787,84579.8763632677,19.7435570896895
2.38431655681144,24.987204136675,0.139767832106007,0.718611428328496,26.7797045691045,2.59647749867523,5.05432422630893,1425.93193006389,170.991382287933,1552.48932766275,343.024059445017,97.1062132563951,2891.86459956087,85590.2537659093,19.7387076002616
2.40817496015032,24.9469731599996,0.138750396033013,0.717417610258148,26.7850526726572,2.42009950315597,5.07913070699951,1420.81639887386,167.530962841095,1547.69421715877,339.340397891305,96.696821219709,2878.52261801624,86662.0478179707,19.733831836041
2.40460302759521,24.8971558200793,0.138469833139159,0.744294774259996,26.7002329566745,2.28057086790358,5.10458755650671,1412.68167290054,163.94483837687,1539.52785504386,335.176133294782,96.0854807405768,2859.30983127252,87620.4610928633,19.7289334178417
2.36278930412542,24.8402403860183,0.139560369139928,0.816676732482308,26.541102025256,2.18602622119436,5.12866026426139,1403.19152496231,160.405571094306,1529.80360302858,330.987542825677,95.3886333225097,2837.61844348151,88317.7690923944,19.7240138562701
2.23625152774573,24.7852525796648,0.143875820576373,1.00148477521104,26.3417850981417,2.15579355307288,5.14683609607068,1394.71788951783,157.203272839587,1521.09381150134,327.497919043346,94.7734378874674,2818.3506685368,88904.949807422,19.719070038475
0.00640663581753317,24.7427225852258,0.296623437451629,1.8566893916071,26.4139612477161,1.47827560432259,5.24043742554052,1388.22121258083,154.516422337751,1514.32265572588,325.850496190038,94.2320651363049,2803.87397648608,89466.7717974158,19.714100658848
3.32697770582022e-12,24.720591831646,1.73279682185976,3.78652027188325,26.6089263652373,0.0578973252663092,5.43530252516899,1387.16070172232,152.91498100251,1512.76262772229,328.5571884076,93.9639710100279,2801.851382767,99690.7380276227,19.7091267947221
4.81111982213215e-13,24.7302678809478,8.26206453293869,5.41187245022647,25.9491525673812,0.000551770874959829,5.48755334761366,1389.57312408744,151.937884362216,1514.77945228464,328.82324370938,94.019003739824,2804.95615859964,101710.302098923,19.7040885514322
1.95258259196321e-14,24.7709458403479,16.2905325908811,7.05013391301703,25.3341410758279,0.000242176682784569,5.52374869567695,1384.19553994196,151.31588308709,1508.29998119954,325.52442218962,93.5562421488763,2792.21195107097,104096.097794534,19.6990261489943
1.13068679666338e-16,24.8477498452176,24.9411832073786,8.79343908094346,24.6162351710433,0.000188190778114351,5.56476146142863,1375.71364986001,152.269054199649,1498.10645836189,321.396941417019,92.8647486474973,2774.26585909165,106489.797236311,19.6939437554075
-3.03137150548316e-16,24.9631570679641,33.4931752518352,10.6001688866746,23.7733744376841,0.000138368911942218,5.61399624491772,1364.2524551867,154.873097410169,1484.21202564445,317.282239321307,91.9417720197998,2751.78296550639,108260.517594025,19.6888445483681
-1.3616734067161e-16,25.1081369933052,41.5287784305755,12.3534206595191,22.8839219954037,8.81796996067002e-05,5.6669391947635,1352.95718944639,158.861816498926,1470.14227400019,313.926490319331,91.0052388376468,2730.74797154015,108888.7790902,19.6837298909516
-5.95958670287291e-17,25.2637167127929,48.8006329463884,13.9135294991924,22.0434352548145,5.00304182168249e-05,5.71753218197279,1346.31600935647,163.840171006109,1460.99242697328,312.085561300592,90.3717416192006,2719.56703450867,109130.31166532,19.6785947611252
-3.83848383969308e-17,25.4154888714983,55.2444177055229,15.2160673017823,21.2952344217054,2.54570595634932e-05,5.76299203517745,1345.47307430964,169.45300368841,1458.13509227683,311.771826692917,90.12644249036,2720.15454080871,109230.784896938,19.67343796731
-3.91459759107018e-17,25.5593532475813,60.9579083197621,16.2809949377082,20.6333390961103,1.17267616462547e-05,5.80364704844886,1347.94209754489,175.417541731865,1458.87480327841,312.251231777941,90.1020761168245,2727.41033083324,109146.788382397,19.6682602238239
-4.16328412074258e-17,25.6947642073657,66.0793714368827,17.1565194606457,20.0395635665561,4.72459966976859e-06,5.84055821538379,1351.2785286683,181.502886177219,1460.54063930193,312.867509425893,90.1336901438248,2736.37541264022,108829.779924785,19.6630623824616
-4.04687774398536e-17,25.818629485264,70.7089057074299,17.8857570457948,19.5023436357561,1.47547889549547e-06,5.87432933163312,1354.74460688998,187.45286315635,1462.36293179402,313.396731455348,90.1751775184576,2745.43400966378,108384.85817928,19.6578444353254
-3.67310869996527e-17,25.9278971147804,74.9239582466957,18.4986450354923,19.0144273831557,3.39608943976409e-07,5.90529138270114,1358.37779845733,193.082560066168,1464.42266181488,313.822692817157,90.2325698352043,2754.54436916635,107858.9303513,19.6526066773325
-3.2376225305032e-17,26.0225725311991,78.8086559738981,19.0124139497504,18.5694981166567,6.52027378529378e-08,5.93375584908836,1362.29283837261,198.350042968749,1466.85898431107,314.186508219407,90.3142169284277,2763.91884941026,107175.76976732,19.6473502333252
-2.84676210786719e-17,26.1060552073213,82.4606245419926,19.4344154970068,18.1642507175703,1.1772826637651e-08,5.9598985595189,1366.70012162143,203.262365527952,1469.90334831711,314.592820746631,90.4340119161736,2774.0046744589,106281.365128914,19.6420762668296
-2.52456715705113e-17,26.1846841494283,85.98894785805,19.768385358027,17.7980261216176,2.10219187806895e-09,5.98376056858424,1371.86318559788,207.794279971709,1473.84695024735,315.167796043372,90.6102708998451,2785.3355306422,105356.987042803,19.6367842683641
-2.25894495495323e-17,26.2638547273047,89.4788271262762,20.02392857313,17.466797811386,3.77942203819231e-10,6.00557899117494,1377.64851376268,211.907404305224,1478.54533921605,315.91910257167,90.8344531003079,2797.64907527065,104476.83946655,19.6314742079324
-2.03236720749199e-17,26.344429776711,92.9648510784179,20.2180384648887,17.1615292786855,6.89960560277265e-11,6.02587485964183,1383.51271244041,215.589267119292,1483.40226407055,316.728116388725,91.0696051631308,2809.88593038779,103863.907299818,19.6261444707737
-1.83212523400976e-17,26.4162415900613,96.4289285680065,20.3777272310264,16.8672144037817,1.28359550854059e-11,6.04550407370784,1388.55369340858,218.860741976613,1487.43223966777,317.375909079273,91.2542328646378,2820.30918296389,103717.895216583,19.6207931672358
-1.6510608468604e-17,26.4521746233523,99.8092071619501,20.5399729761581,16.5651836908635,2.41279834398168e-12,6.0655263466278,1391.70590484764,221.737239259631,1489.48774233298,317.605599561722,91.316899568285,2826.87728911093,103743.49143577,19.6154232910776
-1.48614213769103e-17,26.4267734843558,103.042693129858,20.7305562239804,16.245067461233,4.5318723718957e-13,6.08652677972156,1392.71527690891,224.23588522002,1489.31238608004,317.356257083733,91.2418477103796,2829.13044780641,103827.87676262,19.6100365546463
-1.33640422670055e-17,26.3350234672401,106.106532531664,20.9528202307716,15.9083891316444,8.43966222961074e-14,6.10841631362035,1392.33406914539,226.406417783248,1487.73163171548,316.803967318273,91.0804697280007,2828.56695037487,103798.657241227,19.6046351874603
-1.20157022975367e-17,26.1966704900164,109.036552739674,21.1920491450366,15.5652744245052,1.54570950348298e-14,6.13062472667541,1391.82190012443,228.318382256,1486.10416338141,316.241236763598,90.9169256607368,2827.66096600938,103502.222881225,19.5992213198123
-1.08114755676629e-17,26.0511816344029,111.917072145947,21.4246115002268,15.2290987909142,2.81936174594459e-15,6.15240397171047,1392.47876767887,230.06160992637,1485.81608825167,315.965362374278,90.8364509239262,2828.96072698872,103168.990538515,19.5937934286703
0.396943342026522,25.9414843982627,91.4758976636951,21.7523763039172,15.153656064816,0.294545043970607,6.15983366203404,1389.69174536817,230.709098087614,1482.48097777541,331.917050410523,90.6316322526558,2833.72920177664,93657.7093658336,19.5883269148993
0.438134681072243,25.8628791427974,63.6046010090609,22.0058993601556,15.2130729314388,0.699231509714951,6.15460243446346,1379.94176220385,231.033559538834,1471.96003429207,351.277250949486,90.013337872954,2828.22074349254,93415.1649688516,19.5828703521146
0.443468710920835,25.8114000260758,43.0838664002489,22.2875722646653,15.2997928750647,0.820083751366155,6.17311111976162,1372.36953565796,231.619789238799,1463.76677042678,365.811193243415,89.4948685951316,2823.83663796088,93207.301063214,19.5774005377483
0.453023181928716,25.7848879265349,23.4233665898038,22.4812101502934,15.4848538401045,0.878576002315925,6.19144205922601,1369.87103317252,232.471661936546,1461.28405449985,381.305785198015,89.323274732875,2829.49828787561,93023.9272518054,19.5719181044532
0.503588082447732,25.7840283865551,7.11324433430231,22.3996022149665,15.7702216764344,0.980508778098629,6.18836294511756,1371.0139497746,233.435691141948,1463.10810258275,395.554223313678,89.4285714152972,2841.36221975444,92856.1161856336,19.566423683432
0.662800895911701,25.8089507791963,2.03926510289251,21.7448737776309,16.0299398220149,1.31921712679465,6.12829316014706,1373.59218293383,234.383534225558,1466.83996043277,401.443806120715,89.6827553385608,2851.13003638604,92805.2752656607,19.5609167639039
0.740560569565027,25.8612690668695,1.36973729610669,20.8922797311928,16.3339099640125,1.67697362062213,6.05279845293676,1375.89594853243,235.232037248191,1470.47288599084,404.242465802254,89.9466210254404,2858.68206910067,92980.123014984,19.5553967120592
0.794256394178605,25.9485468530467,1.05579452331253,20.1054657898652,16.6795263529818,1.93911233833925,5.9875015564979,1376.89780002842,235.914977634872,1472.77600523605,406.800023399912,90.1300402290777,2863.71641853238,93218.9554318697,19.5498657507857
0.834607738790312,26.0791771094494,0.875571147417915,19.4306944424304,17.0258014834617,2.12701364039221,5.93277901405011,1376.35677894158,236.394419626194,1473.41541083928,408.906810017558,90.2120013143571,2865.57804553179,93455.4002512612,19.5443251939271
0.866279657343267,26.2546070153632,0.760247314579801,18.8742400402361,17.3562108127873,2.26277893030636,5.88682105941273,1374.73678606773,236.695557138808,1472.859781768,410.562292749744,90.2218900598851,2865.08287382887,93570.543815901,19.5387767662125
0.891309811504642,26.4643629139489,0.681293925231995,18.4288792272296,17.670531946865,2.36416429213411,5.8472902928261,1372.97514823542,236.912112056518,1472.12344541896,412.013288321499,90.2218084449668,2864.12341537248,93455.4258738822,19.5332220933766
0.909150903237662,26.6853263921689,0.627290533443824,18.1002544717853,17.9778898046729,2.44162896168595,5.81234348266478,1372.12959691174,237.187789463652,1472.36565064777,413.624298517555,90.2811470916582,2864.92782949514,93279.8560992607,19.5276601506719
0.920116773676296,26.8956427745256,0.590123296388087,17.8999537445691,18.2863979878002,2.50025584452994,5.78091189463895,1372.53731739538,237.60553080304,1473.96741469087,415.552722341616,90.4210302278271,2868.26835922484,93111.5804925976,19.5220907802103
0.92569290979222,27.0865228333902,0.564118685957231,17.8294383753895,18.5966172365603,2.54167901989065,5.75270768156379,1373.719066337,238.160988509588,1476.41907028886,417.670139217959,90.6086773818666,2873.21581642779,93287.515545763,19.5165110842717
0.928451160401605,27.2592482259617,0.545013109455841,17.8794132101448,18.8956959573001,2.56418677067713,5.72850731338367,1374.43247557844,238.802504438807,1478.38262034442,419.586966717197,90.7605095301728,2877.28338943094,94157.9573621143,19.5109183654027
0.933828427243817,27.4142296585353,0.526097515167557,18.0215363977961,19.1548025415563,2.57123167763987,5.70909998938731,1372.72511460881,239.409100813789,1477.76632310418,420.649621815376,90.7464690993372,2876.51940076952,95234.6915179611,19.5053186092301
0.945686478602045,27.5472721921187,0.503771573392653,18.2131333608173,19.3498914113774,2.57167939992594,5.69425869525618,1367.51130227488,239.877023581138,1473.41779887393,420.431765813151,90.4953485191973,2868.67210553953,96307.1111642811,19.4997145762897
0.963036589484697,27.6545342975955,0.479267116890296,18.4236965163127,19.4763684559407,2.56962973230731,5.6835127445754,1359.67037778255,240.279825370806,1466.28669185194,419.14244107117,90.0661596991244,2855.49162257368,97614.1371355398,19.4941051239623
0.982619062402846,27.7352216271303,0.455330533081509,18.6420391047147,19.5349966736205,2.56229904574532,5.67718252500272,1350.64634439584,240.761314261444,1457.88982217489,417.216916024965,89.5522976260965,2839.88267795747,99416.5616699464,19.488489594964
1.00466148673831,27.7887079281791,0.431432733982003,18.8500185095349,19.5169980068258,2.54929604360779,5.67574625909571,1340.47865798976,241.22033721917,1448.1711531846,414.651220173684,88.9498676857844,2821.74257194329,101320.611491056,19.4828715081503
1.03088801173032,27.8129984182181,0.407124954627561,19.0183973553621,19.416445937356,2.53454245142167,5.67889255794688,1328.6488547468,241.421561954577,1436.47490113414,411.263694087568,88.2187634367692,2799.76921136312,103179.357019539,19.4772520915046
1.06231448516698,27.8070480278652,0.381374963493164,19.1202873344841,19.2462420857727,2.52686042482294,5.68464859840603,1315.73282438859,241.295318379224,1423.40144375064,407.234984324254,87.397989932629,2775.02753714102,104106.546623499,19.4716352560723
1.09776586593417,27.7759131460728,0.353566564352425,19.1342040406872,19.0546975033548,2.5392550805049,5.6886265035091,1303.48445763275,240.926564250589,1410.90810194223,403.144573397915,86.6133343086831,2751.12378087496,103474.944565986,19.4660235201557
1.12965424456978,27.7332425748788,0.326892555048733,19.0635622023375,18.9129247913285,2.57284484165905,5.68693502365157,1294.9853119706,240.706065379239,1402.424376315,400.02285036448,86.0821023800188,2734.57049277527,102483.060298447,19.4604125278265
1.15131493968,27.6910902363218,0.30421329075641,18.9309814889789,18.860386278358,2.61932393753796,5.678647167193,1291.96428323674,240.997351639606,1399.88557495267,398.485552195932,85.9255859108772,2729.16176114953,101440.529224732,19.4548015134595
1.16207425464682,27.653009546429,0.28597365543296,18.7511101040025,18.8961609931852,2.6738492930833,5.66443453180249,1293.84504696621,241.829288639035,1402.68910762717,398.394578950365,86.1053917124728,2733.82575998056,100268.090783782,19.4491915416658
1.1642049523842,27.6153494992097,0.271436181446869,18.5261538670092,19.0073934806781,2.73562765295889,5.64501145925185,1299.44058636924,243.055921654077,1409.56156589635,399.381362605952,86.5409645058235,2746.12002823228,98904.1865390797,19.4435838142419
1.15931749935601,27.570710842814,0.260010530673342,18.2570530641277,19.1867418154958,2.80392236337699,5.62081278015209,1308.0215545018,244.554552796879,1419.73915877607,401.207015830102,87.1832046221385,2764.52874099814,97505.814806646,19.4379783229878
1.14859692356099,27.5143028635657,0.251076709772347,17.9478301918815,19.4301677476709,2.87702492395826,5.59226039339559,1319.11715898953,246.247768266091,1432.73410493424,403.715465682536,88.0007041317146,2788.07863570618,96139.0932904341,19.4323753578403
1.13341073110009,27.4469731049812,0.24401358863232,17.60267058464,19.7322560218883,2.95340210262343,5.55984134656171,1332.21847732163,248.062873866345,1447.99732955838,406.741415982058,88.9593562036167,2815.70818196281,94840.4152346253,19.4267752845153
1.11520607103284,27.3739613811634,0.238316070628881,17.2213049324406,20.0857466466774,3.03185651148283,5.52410659292143,1346.77988075743,249.908545995248,1464.92476455742,410.111475605993,90.022511964041,2846.25763066396,93638.1536867608,19.4211784100776
1.09541158849096,27.3028509202919,0.233570242999061,16.7960352591315,20.4823618029031,3.11152489668079,5.48562592891987,1362.23664892653,251.659554059236,1482.88568237789,413.651309701028,91.1523481574214,2878.50183836472,92536.35293541,19.4155851586029
1.07678432236562,27.2398024656081,0.229466729710736,16.3208796773527,20.9128609095445,3.19243751529062,5.44490766751018,1376.94261478051,253.020152868061,1500.07016238943,416.870026420193,92.2379417024019,2908.9571109076,91540.9280052465,19.4099958825111
1.06333034564959,27.1873550686912,0.225752243402685,15.7998749367871,21.3660728646176,3.27618969800928,5.40235162273364,1388.67336666946,253.652967725543,1514.03899686022,419.104266181689,93.1286329325382,2932.96787190208,90693.4762727344,19.4044103892364
1.05568757697784,27.1460806329769,0.222325657510769,15.2455172817156,21.830844532888,3.36382959724895,5.35841851797322,1397.18280680476,253.583979596207,1524.51341836429,420.26867596854,93.8064675741645,2950.05017927378,90032.8935540042,19.3988282604168
1.05253430993316,27.1173424273935,0.21917032122189,14.6731398497755,22.2963277882508,3.45585984006606,5.31360793126763,1403.27215281778,253.002609066916,1532.35591894045,420.575557563874,94.3239138506533,2961.89976585929,89498.780053098,19.3932504116389
1.0523733398053,27.1028087240457,0.216293857967537,14.0956258612568,22.7540720385373,3.55214312211654,5.26838567551025,1407.80734727319,252.083753497435,1538.50036771096,420.260123937465,94.7381030785502,2970.33235355943,89059.7978982891,19.387677610569
1.05403843586856,27.1029616893552,0.213686454572025,13.521988834528,23.1995159203452,3.65063145696521,5.2233103977924,1411.40315186962,250.949838569372,1543.61057632229,419.506363472889,95.0895859023411,2976.64661912869,88767.83449746,19.3821093408526
1.05697412013217,27.1188208573249,0.211313670472171,12.9575028036525,23.6288255073567,3.74750925371293,5.17918921881073,1414.27418679383,249.656611003709,1547.91769392857,418.403195994398,95.3920811920373,2981.31958213906,88690.5027734238,19.3765447000892
1.06149473454025,27.1552639457925,0.209090256446057,12.4014337363284,24.0352146253519,3.83978958012882,5.13690017364798,1416.24642505085,248.177559644348,1551.23394754248,416.935113355135,95.633447013451,2984.01120135416,88727.5002714112,19.3709857457588
1.06808972944768,27.218409330058,0.20693289164907,11.8492096516438,24.4118272615272,3.9265061226775,5.0970412642391,1417.12652303782,246.46092460469,1553.35344280318,415.077144239849,95.8006642033472,2984.32520170177,88823.5104690598,19.3654340668163
1.07668380763625,27.3099361045363,0.204810227181756,11.2987152333147,24.7549449133899,4.00670656850721,5.06001897774987,1416.98031640818,244.505728895156,1554.35078273835,412.871156434914,95.898134026432,2982.4066265965,89083.8688582442,19.359888612256
1.08710110760747,27.4180153904937,0.202736208506185,10.7504932181038,25.0594621694189,4.07802306384625,5.02650546501479,1415.80511424788,242.340498073218,1554.22572810768,410.33359867277,95.9253409567398,2978.28405077157,89653.1907391222,19.3543479525791
1.10015495971313,27.5068991369036,0.200704662912218,10.1982847917712,25.3134202479632,4.13962429395931,4.99733297727263,1413.24054560796,239.961651170237,1552.60276733224,407.371605449752,95.8583913891667,2971.26851435759,90348.2628245427,19.3488160056169
1.1167225810508,27.5335708456169,0.198698122436979,9.6295418227812,25.5059977693233,4.19278744823832,4.97296173605116,1409.08031368024,237.360785497392,1549.28693593122,403.930969819887,95.6847783342109,2960.97932972675,91068.8468532136,19.3432951037399
1.13720258697964,27.4751920502852,0.196630162481957,9.03379514313481,25.637536159373,4.24118669783939,4.95286956110862,1403.74067275615,234.574390784115,1544.75646127267,400.129022101765,95.4342730079489,2948.28470354875,91458.7958642578,19.3377900462765
1.16057347869264,27.3422490587743,0.194370103933662,8.40811851874474,25.7293563238229,4.29159466944067,4.93487416362872,1398.66147168718,231.729591468977,1540.59378855005,396.361272770914,95.2060581520773,2936.11408040701,91152.8782748895,19.3323053632316
1.18309898731313,27.1743176116655,0.191890934660456,7.76498687846416,25.8230076593365,4.3470448737037,4.91612916434908,1396.02930844064,229.037379387914,1539.17957463077,393.224855046027,95.1490677912922,2928.9057234169,90625.2372717353,19.3268362453291
1.20244908685348,27.0112705413074,0.189211376631929,7.12457780692065,25.950584425759,4.40590908889345,4.89498511438638,1396.71161493191,226.575819755916,1541.43474586982,390.946152647808,95.3209046126466,2928.38725254827,90079.0340748053,19.3213806969605
1.21996923364313,26.8721548647271,0.186366873479658,6.49973991747982,26.1189649664717,4.46702181109979,4.8711993948973,1399.8097022594,224.23478229608,1546.34800957002,389.26182468419,95.6584248096311,2932.67486930198,89466.6685855703,19.3159399610527
1.23843667425227,26.7588445655682,0.183384659968747,5.89122681023383,26.3224613286999,4.53026002934352,4.84512411451634,1404.14196294713,221.87640308085,1552.61455688993,387.834832582708,96.0796455004095,2939.32580767624,88703.8123482548,19.3105162771754
1.26005617233932,26.6683772572835,0.180277392982523,5.29229268750157,26.5574482032672,4.59352899518623,4.81728115293069,1409.10539396495,219.424412755439,1559.57738915,386.494989947033,96.5421420835984,2947.09758360254,87900.6883600801,19.3051091128706
1.28676938928693,26.5981152593689,0.177046761136346,4.69836930681963,26.8221924470228,4.65186631303451,4.78849618246881,1414.47573462766,216.850335323898,1566.99697579113,385.179089032677,97.0287846002084,2955.53118930624,87112.5037997113,19.2997182921614
1.32060645409311,26.5454607471809,0.173714388147243,4.11415399320032,27.1119498794477,4.69740716147588,4.76019045007966,1420.02241108759,214.138342125798,1574.62110551909,383.822383181,97.5210864199077,2964.15879615941,86503.6512479821,19.2943408262626
1.36380569734588,26.5078911558788,0.170323376466728,3.55523467697827,27.413693526322,4.71926700020797,4.73471154021583,1425.23068906544,211.255199658837,1581.87556556065,382.285764632271,97.9800724312643,2971.93287290762,86271.4616798753,19.2889715865613
1.41929074434624,26.4841818568862,0.166902035043927,3.04210972815533,27.70375615686,4.70811949804432,4.71481942735992,1429.21374521016,208.127440627883,1587.76757374891,380.332644707079,98.3411186107178,2977.03748890387,86198.0279212901,19.283614880261
1.48879354196386,26.4745954905504,0.163472777179962,2.59090428301947,27.9610514127515,4.65871994642236,4.70253693017064,1431.39723426668,204.706914508497,1591.64857610868,377.816198384667,98.5620939545036,2978.29471339843,86158.8726599747,19.2782742811058
1.57174588079484,26.4794580688044,0.160043191651482,2.20748333376013,28.1790356637322,4.5700792812593,4.69841039684137,1431.99298316709,201.027101184972,1593.74382744852,374.806425818806,98.6564759655585,2976.14589317482,86002.5654996671,19.2729540404482
1.66607923562936,26.4970849992905,0.156609628047742,1.88648688777519,28.3677608752884,4.44559189143297,4.70136973928954,1431.89399449716,197.195825995448,1595.03993759479,371.557419515073,98.6861854104135,2972.43988786627,85568.6141859707,19.2676590950293
1.76868337937833,26.5223132382328,0.153181960587172,1.61709516146985,28.5494055833824,4.28923924293943,4.7095394430393,1432.32403963761,193.360323003562,1596.89798958096,368.411624551697,98.7366473679329,2969.71514956901,85048.3015681037,19.2623863960529
1.87700629297321,26.5488737599148,0.149778526349843,1.38964885490205,28.7423721568057,4.10450807095491,4.72134065195437,1433.98419942714,189.614122372288,1600.09977760012,365.571801638123,98.8572990275383,2969.43903812951,84551.3488579427,19.2571336631658
1.98946036834951,26.5728043647846,0.146429770511615,1.19778609274789,28.9509810045489,3.89585635457319,4.73589244390301,1436.73148015069,185.960487491146,1604.48389142469,363.015799945906,99.0393926107996,2971.33997460502,84151.6257391858,19.2518988515975
2.10439381189524,26.5935293626767,0.143172081745355,1.03741605103867,29.1670115190507,3.66883585421575,4.75290034191008,1439.89923669438,182.346433200581,1609.29770392456,360.582513435133,99.2380582064647,2974.06224581215,83919.0767402061,19.2466794113695
2.22069470297013,26.6132110309517,0.140030482422657,0.903960215165518,29.3752146456997,3.43027069306129,4.77230310436276,1442.69307200508,178.704444656006,1613.63528596482,358.075764733819,99.3995272599895,2975.97609852379,83780.8608456454,19.2414774508619
2.33815360858616,26.6348981283213,0.137018282459395,0.792063750638786,29.561665999525,3.18694511780537,4.7939643618086,1444.60328232607,174.994345479116,1616.90499624916,355.37141436293,99.4895798681128,2976.03014638572,83686.5367518017,19.2362951540582
2.45438655992804,26.6607123201292,0.134163134317843,0.698823023997879,29.7178866541285,2.94311756177775,4.81778516252552,1445.52355409717,171.216645882291,1618.97279130434,352.451668398792,99.5017484985144,2974.00763820419,83854.3838203531,19.2311256137288
2.55818178333879,26.6907055868091,0.131536987855271,0.629421968717336,29.8310660595069,2.70240808432926,4.8440276898463,1445.15937722369,167.35633684237,1619.50415685808,349.268544320804,99.4173646628122,2969.32909587282,84663.0941584757,19.2259582825043
2.62646142482019,26.7218267245493,0.129211528188215,0.598131596286524,29.8717422882165,2.47902930748767,4.87245324646131,1442.36036570402,163.312136214053,1617.2182396302,345.589638793995,99.1622610028099,2959.69415300047,85803.5705084408,19.2208080481677
2.63462725746055,26.7489841863445,0.127248727531552,0.617982646120089,29.8101512213803,2.29846134849724,4.90122455967728,1436.04765308162,158.982725109405,1610.92346856917,341.216072781219,98.6707003814029,2942.96430435044,87029.7459298929,19.2156847566488
2.5746632150178,26.7687037099304,0.125749108017613,0.69626431542014,29.6366142741804,2.18137170893849,4.92797513844022,1426.35595958412,154.389242843886,1600.78703743826,336.236762524747,97.9593444767752,2919.47562737083,88372.6261823727,19.2105884243647
2.44626566941984,26.7873075843824,0.12515921312205,0.854929362581312,29.3587535675268,2.13456995929976,4.95136105298799,1414.61063465819,149.731100571168,1588.29769351348,331.048113247548,97.122649555829,2892.03750264233,89968.1863982742,19.2055175296798
2.24145054282496,26.830919704862,0.126640936321441,1.16198851102055,28.9895808483435,2.15949058735492,4.97074325851235,1402.11080902821,145.341178729962,1574.89383652698,326.148487086103,96.2510863182119,2863.55188360302,91667.4524221898,19.2004748792804
0.00681920488802949,26.9334682212681,0.248994962263393,2.195526770122,28.8094549047518,1.51460840057703,5.0738199949246,1388.97211186746,141.487937387256,1560.60035036845,322.49554280632,95.2668633722994,2834.83416684827,93378.9883602278,19.1954613750388
3.51621616482817e-12,27.1274797666282,1.1924787243612,4.33362949027668,28.6948033612385,0.0865526483611043,5.28755043633983,1379.48073582961,138.866458002847,1549.83259909284,322.875287452246,94.4289875824897,2815.50896651537,104487.522205768,19.1904960828774
4.29809473494609e-13,27.3810358939459,6.45090782925464,6.11314692878423,27.7564668689014,0.000756438435333774,5.36121734068425,1375.95562722915,137.495882676874,1545.54313569344,322.157995419083,94.0930942354126,2807.23423546628,106733.850192024,19.18553499836
1.31530232482033e-14,27.667198110713,13.2857850124394,7.80147084365401,26.8423445651,0.000258126984538505,5.41607804075324,1368.612267947,136.946292078954,1537.02922423342,318.667959643811,93.509008418699,2791.01293691327,109028.278718993,19.1806036604597
2.58983747934344e-16,27.9606763462337,20.4787993496153,9.48502430690872,25.8547542491016,0.000188694076906205,5.47400378771906,1360.50287431379,137.943805152351,1527.49048847402,314.82187276772,92.855884780939,2774.17656026499,111209.269552164,19.175702793113
-3.98076126425146e-20,28.2451899437045,27.2818892287082,11.1394525454672,24.7960259265471,0.000132772633789773,5.53692012668077,1350.51806938019,140.333725412932,1515.58233163352,311.209229022754,92.047200005164,2754.8402265663,112367.30620151,19.1708359727141
-1.92524631630479e-19,28.5091561846721,33.4015645896681,12.6741251450122,23.765173148537,8.24783612560586e-05,5.59902376046421,1342.2259217693,143.870417173469,1505.36266175969,308.680775274378,91.3337249343029,2739.89262521541,111846.786735031,19.1660052836038
-9.13172047422448e-20,28.7438915459867,38.7704921883859,13.9878068956551,22.8698013732028,4.63026808659434e-05,5.65353013630428,1340.59506088353,148.252049319359,1502.5185158254,308.110661141552,91.0692401153998,2738.80701102955,110844.716702735,19.1612059680407
-1.72219232920256e-19,28.9496837573821,43.4586280804391,15.0555114930616,22.1433939451021,2.36766531603837e-05,5.69824663428892,1345.70994337634,153.131887851406,1507.20198815668,309.276100975935,91.2669187521171,2751.40213320196,109713.484429133,19.1564369874218
-2.93949848382454e-19,29.131579327997,47.6115851479729,15.9142872234663,21.5603384103447,1.08983660927171e-05,5.73466160428504,1354.11576946683,158.213377559127,1515.54083811421,311.230544723933,91.6907841388302,2770.59113569144,108345.471243993,19.1516995794068
-3.42950675291019e-19,29.2910612597983,51.3914542423295,16.6069604562144,21.0885759699301,4.38791587478151e-06,5.76466255236711,1363.36991212852,163.258214659874,1524.80603346692,313.329043556958,92.1740600365908,2791.36447285087,106659.462636441,19.1469952525688
-3.28798994326363e-19,29.4245424989171,54.9527499792211,17.1633440258823,20.7095240456916,1.39663251740785e-06,5.78929534829564,1372.91476704777,167.99334291476,1534.41456425351,315.401158102072,92.6822528074431,2812.43996991209,104936.6995492,19.1423234333458
-2.90685461179878e-19,29.5304831013332,58.4146135212854,17.6092818952794,20.407651648677,3.39602675889774e-07,5.8094153151701,1382.64806293208,172.230528707178,1544.28571282438,317.406104898554,93.2112574589378,2833.49880979291,103284.993977029,19.1376840969815
-2.53050776073526e-19,29.6119486344529,61.8469247520989,17.9703305553608,20.1636476449578,7.11567715041495e-08,5.82612495363983,1392.18605298761,175.944382826761,1553.99162766662,319.264905179212,93.7344371943306,2853.77682482253,101984.836594189,19.1330751070318
-2.23321477519869e-19,29.6704946455326,65.2734270372532,18.2684781099724,19.9510722504071,1.4404696390144e-08,5.84096442159262,1400.65495791411,179.199969213579,1562.52838723425,320.809951877216,94.1893348329836,2871.6050712768,101288.921362552,19.1284932225829
-2.00581434377326e-19,29.6990102709465,68.6743207211661,18.5134521444045,19.7382105626388,2.90815060799069e-09,5.85578737374949,1406.85740038646,182.035591128722,1568.51899082019,321.804758097797,94.4913545586513,2884.65406071719,100826.238687092,19.1239415291228
-1.82089203145495e-19,29.6881555763489,72.0102898737098,18.7027572451493,19.5048918111599,5.84941122698751e-10,5.87177197738253,1410.5235813733,184.466458287692,1571.64269678365,322.217712857771,94.6211475850018,2892.40715032645,100449.063693215,19.1194219550171
-1.65894533641736e-19,29.6365159275827,75.2589063777204,18.8348503220581,19.2485694197473,1.16789013745492e-10,5.88906783832947,1412.53503538736,186.533820809565,1572.89160182271,322.267668090283,94.6394772349127,2896.63736557468,99990.2252607817,19.1149368665306
-1.5117744677993e-19,29.5556952748906,78.4302631971461,18.91924266026,18.9791629216158,2.31202648484277e-11,5.9071019978779,1414.21356061843,188.286044259938,1573.76778464996,322.263722692056,94.637821190356,2899.99507843807,99294.2678798768,19.1104888898969
-1.37766719392362e-19,29.4700056636565,81.557462619973,18.9785313911722,18.7119127310674,4.57823364174864e-12,5.92499480706115,1416.71963433926,189.757984956992,1575.60052858293,322.47275658318,94.6966109817476,2904.80837668328,98590.7368840123,19.1060761249751
-1.25640712224362e-19,29.4017338906635,84.6705514688853,19.0374124368273,18.4555643353638,9.15355615472887e-13,5.94224213072893,1420.29807240392,190.965655132293,1578.68097813555,322.946964925632,94.8328770297972,2911.58213082085,97975.8505035132,19.1016975654891
-1.14709840969614e-19,29.3593718873697,87.7742546117807,19.1102523971918,18.208321133143,1.86108900522757e-13,5.95894584360721,1424.28337383956,191.914790729201,1582.26068700591,323.526730977586,95.0006166646627,2919.00918879742,97711.0525015288,19.0973493468935
-1.04775357059228e-19,29.3385865651034,90.8301463612111,19.2007403461516,17.9571731349112,3.86374437431273e-14,5.97584659636743,1427.37719250798,192.621751216763,1584.86985964776,323.905924099072,95.1101446509285,2924.53781980938,98105.4362971081,19.0930266969651
-9.56031203361683e-20,29.3274654026386,93.7514680402048,19.3051259447731,17.6801476850539,8.11617264225197e-15,5.99419376166842,1427.90082293023,193.089558535188,1584.61810462738,323.693654474227,95.0465612054311,2924.86808371924,98781.0463893648,19.0887361764759
0.393520258248235,29.3167877263075,72.4747077181738,19.5541810383461,17.6200616853326,0.285354469524844,6.00341337507933,1422.45800441676,192.731792274053,1578.26043139986,339.636991328533,94.6779756054745,2924.01402739389,90306.9991111079,19.0844591508035
0.43858121090731,29.2995937887756,43.2879270835931,19.7218174504188,17.6634781216288,0.681723925807477,6.00219890415371,1409.84160170405,192.284941257456,1564.17024840968,359.131891820197,93.8742465424786,2912.4762771806,90901.1048130279,19.0802454813113
0.456272971166094,29.2689948310723,22.2497614465874,19.8804349169183,17.6829781646695,0.81857974799511,6.02220092847406,1397.71186094662,191.980141852457,1550.59624083495,372.548715606058,93.0611372051145,2898.22060989484,91122.0410622936,19.0760731561599
0.535936450251684,29.2239213250894,5.4909937056648,19.802003314886,17.7526955990241,0.973968724869548,6.02578574274781,1389.69739202905,191.691169463485,1541.83465142785,383.498352510641,92.5449036979159,2890.19088692829,91220.044465899,19.071939908876
0.763920578731624,29.1667546593412,1.43635154291496,19.0309545401888,17.820319393215,1.42205821632108,5.9591794539376,1386.31180032983,191.342900685717,1538.54176913787,385.104938901741,92.4024304683995,2885.25138037989,91303.8028106763,19.0678449655112
0.892556007895362,29.1007050015328,0.837809676035881,18.0343435985154,18.0219588624056,1.86447046945289,5.87611367375652,1385.99368865778,190.859610535758,1538.8604813923,385.157192067049,92.5003057820621,2885.05242951796,91359.5849301511,19.0637887958867
0.990854786013483,29.0301604482158,0.548038045951251,17.0513183646234,18.3247568121886,2.20327783049777,5.80020271314629,1386.77090903676,190.17661816733,1540.51865343093,385.713122842699,92.684215707163,2887.11293455993,91354.1657825678,19.0597720809826
1.0646684053801,28.962138244767,0.385653467270496,16.1424781376212,18.6662198449584,2.45670440516683,5.73390662950742,1387.54097768164,189.310373848071,1542.24755051872,386.359356500338,92.8727657068933,2889.15274327855,91313.5455166126,19.0557949791453
1.11875544993811,28.9035178136355,0.288864738678692,15.3297357012545,19.0126264509447,2.64774992754875,5.6765639812485,1388.01764764382,188.320849110985,1543.71061187181,386.848840861742,93.0438493928666,2890.53049119548,91247.6114560616,19.0518577742888
1.15601672779533,28.8573163668592,0.232201728499132,14.6134042946488,19.348930953487,2.79538697120055,5.62656560682301,1388.23515121336,187.255734203521,1544.93999875136,387.104040888641,93.1988164656244,2891.29134377339,91367.3667949054,19.0479590141416
1.17872508984596,28.8205153689227,0.203018041831315,13.995151616763,19.6635289678527,2.91092608710766,5.58299264993702,1387.90695937974,186.136054727005,1545.61019945192,387.047345366492,93.3171496493214,2890.8775148642,91911.3759842853,19.0440971744393
1.19290905202995,28.7834662560557,0.189748968308846,13.4926266675002,19.941293557697,3.00097577726627,5.54577028343297,1386.14943478366,184.961059692216,1544.72401355047,386.482590905983,93.3378129079801,2887.55357708202,92570.7042350973,19.040275491899
1.20519473754455,28.7360311486045,0.183029351738251,13.1251187739676,20.1726282868668,3.0709522068781,5.51471924062526,1382.39787448681,183.741398146194,1541.63777375723,385.297294363607,93.2221262505275,2880.22109807366,93206.7005614475,19.0364955682998
1.21785939627563,28.6743150592206,0.178605911404574,12.8946256764958,20.3582062769087,3.12644301755717,5.48904999754303,1377.16542064175,182.538941083918,1536.91384006836,383.640558408145,93.0048537381401,2869.93935663753,93779.6260319422,19.032757985084
1.23004150478838,28.6038281888274,0.174796772746036,12.7804399310951,20.5051728069138,3.17329135041327,5.4674938854839,1371.74596836557,181.447345447178,1531.97452525382,381.827885686219,92.7724364641048,2859.29904585815,94271.9420770778,19.0290631001192
1.24058530986425,28.5396942659989,0.171119791298957,12.7443390465983,20.6211666730401,3.21738021635882,5.44864890059251,1367.08976046211,180.489778312113,1527.82317164374,380.026423773663,92.5850287731435,2850.08963922077,94729.1146751821,19.025410902173
1.24958928720096,28.4969459514468,0.167753739342089,12.750039783227,20.7109070340517,3.26354929619228,5.43139917872029,1363.2425123421,179.608369857273,1524.44841742255,378.162659410688,92.4409553255144,2842.24612770596,95170.6940639091,19.0218015771481
1.25767126851542,28.4817625495603,0.164828360843803,12.7766393868118,20.777755724137,3.31493754353658,5.41499444896385,1360.0229648792,178.772145784856,1521.6245060328,376.163076021682,92.3262468763576,2835.34900828611,95517.0102149969,19.0182358531377
1.26530416666415,28.4941568431757,0.162320967639134,12.814648043665,20.8275637673508,3.37368273510808,5.39874025091752,1357.30136683823,177.997138278005,1519.23063292448,374.019603543469,92.2342660534205,2829.19322046855,95685.5244530477,19.0147144260893
1.27181859926833,28.5350930797624,0.160250012828411,12.8590427222184,20.8699303491142,3.44023872287859,5.38199035603705,1355.37342781326,177.380610548628,1517.65446236862,371.86925643258,92.1897697980374,2824.52767040861,95788.0639906233,19.011237013187
1.27665851590692,28.6060530868501,0.158631081381436,12.9068369076954,20.9131738538355,3.51350949210871,5.36439048173006,1354.32083924677,176.993295488204,1517.03693439279,369.795763175485,92.2022581838038,2821.65260417761,95860.3680583963,19.0078037305137
1.28010269302044,28.7056912342036,0.157418206754209,12.9551308724838,20.9609901649244,3.59199711253745,5.34590475540929,1353.90295896416,176.833550742996,1517.12748424834,367.781049614517,92.256953951977,2820.13616493641,95942.3666218203,19.0044147008484
1.28276277642044,28.8296255703187,0.156548868087018,12.9963925499041,21.0131042225826,3.67398535801285,5.32675662230418,1353.75578616442,176.856340965962,1517.52402319831,365.76923149061,92.3297314884972,2819.25366388012,96069.3403279605,19.0010700793566
1.28560128209814,28.971843500984,0.155950910703281,13.0131141145173,21.0668871532115,3.75844407078653,5.30721220884545,1353.47789409107,177.003953578981,1517.7976854682,363.69626203804,92.3952341701734,2818.21269565006,96178.811579411,18.9977704742335
1.28913756341114,29.1268699749298,0.155576111039962,12.9866997323505,21.1210112361235,3.84485953434302,5.28739658292318,1352.92847954772,177.241608578261,1517.81593351887,361.554880959209,92.446233087255,2816.75119271917,96252.2501270567,18.9945162836059
1.29323017404438,29.2907878811873,0.155408534049375,12.9090082594794,21.1766581434402,3.93187002174835,5.26741283345137,1352.20891317438,177.555991588798,1517.69960565838,359.379890634217,92.4903346539974,2815.07192644845,96349.5325543198,18.9913075479388
1.29757870468191,29.4577953502785,0.155400275089423,12.7796824074946,21.2348231216168,4.01653463249187,5.24757824105354,1351.45051694388,177.921990211585,1517.58723719962,357.190400518,92.5352957814357,2813.39793700221,96530.1783914573,18.9881443175609
1.30258773255357,29.6157984131,0.155413611133206,12.5953858400515,21.293605745696,4.09632426599257,5.22829256015173,1350.55262700717,178.250448516067,1517.354816755,354.925832905698,92.5721693330586,2811.43056986456,96722.1631541109,18.9850272053866
1.30890847367459,29.752795994154,0.15535652582885,12.3514097855334,21.3495074559393,4.17126280027357,5.20972182538546,1349.34203747893,178.444458026275,1516.80016953916,352.515310103868,92.5876051494413,2808.73031965581,96903.9977022365,18.981956602604
1.31720349857152,29.8641008498855,0.15512859568555,12.0446570715694,21.4025835072946,4.24626080317745,5.19119239395399,1348.02107825845,178.482767424265,1516.14784859312,350.005082449567,92.5957593911038,2805.67602579936,96613.118368035,18.9789345983671
1.32655376157161,29.9514674056008,0.154627674013852,11.6692323915397,21.4700597090839,4.33086327332598,5.17039650209131,1347.74837620608,178.43971881606,1516.70059913497,347.693756533509,92.6785212313972,2804.62032398999,95462.4672158343,18.9759632266797
1.33252867445724,30.0201808416776,0.153875514433308,11.2246813809108,21.5871218521218,4.42933941854048,5.14471610230274,1350.46998735599,178.477789831542,1520.63905833214,346.083080359489,92.9717767717557,2809.53481949903,94141.379298533,18.9730404365077
1.33292650235506,30.076087581675,0.152929124950047,10.7222802046104,21.7756723326996,4.53960852267874,5.11318382728601,1356.69655704957,178.665508372833,1528.52324123199,345.306815504378,93.5107855732968,2821.47099488272,92882.4825974113,18.9701655239939
1.32945326313209,30.1230055658325,0.151867015701125,10.1779080422912,22.0314881007622,4.65823584523124,5.07653526906164,1365.19669108512,178.924556255975,1538.95824860101,345.052938317304,94.2097031817734,2837.9239559048,91840.0139426357,18.9673378186041
1.32544748401799,30.1619896086642,0.15074577408075,9.60476287984492,22.3333183839639,4.78153692099545,5.036528905459,1374.1574321042,179.107284250987,1549.90163273861,344.859127795236,94.9422653198218,2855.19003215185,91140.8734006213,18.9645564787627
1.32467039390214,30.1916348654713,0.149562697404367,9.00717390453734,22.6531391252626,4.90832658163312,4.99495247953685,1381.97415482813,179.045556713361,1559.55006670018,344.307000839336,95.5969851290418,2869.96179237112,90578.4536886569,18.9618226952887
1.32943225557697,30.2098504957728,0.148287792634697,8.38358232219693,22.9699880464427,5.039150274027,4.95293500863887,1387.94128908865,178.632918095983,1567.11457854832,343.202882894998,96.1249681505706,2880.7584171859,90065.3351327128,18.9591372429754
1.34011675306379,30.2158444601663,0.146894980341033,7.73474816666478,23.2761421926093,5.17339496107223,4.91101358781355,1392.30568241536,177.871896748281,1572.87660040401,341.601628559136,96.5430472360264,2888.06884711562,89581.62857288,18.9565004945113
1.35621659623526,30.210769208537,0.145384046273798,7.06729677634525,23.5723947213738,5.30877098689175,4.86948690855855,1395.70037550521,176.838895773928,1577.54493963135,339.664648359283,96.8941522943206,2893.19995309658,89120.7100134955,18.9539127246815
1.37728437294942,30.1973018742381,0.143785351657107,6.39287762481748,23.8615562528898,5.44181924966543,4.8287170413116,1398.67575022587,175.633773853911,1581.72436201158,337.53682287603,97.2146852953407,2897.30457035405,88697.513648617,18.9513740409019
1.40344078672366,30.1783183383012,0.142136948190859,5.7248384026174,24.1445647043377,5.56832590668257,4.78929336767431,1401.51441092663,174.335955280038,1585.71488605833,335.297550428485,97.5220284193647,2900.98810561613,88319.9209603962,18.9488845768283
1.43563024978242,30.155783469139,0.140456057346093,5.07485674709141,24.4200352822661,5.68409666263961,4.75194542912513,1404.28015596273,172.983568443217,1589.57744065082,332.971601275319,97.8184499514965,2904.39886425222,87895.8057053861,18.946445272194
1.47524527039361,30.1304543445345,0.138727176299401,4.451365785172,24.6881451822201,5.78527743308831,4.71726022637181,1407.08608837778,171.582426074284,1593.44232737952,330.592362500122,98.1101302817713,2907.76914959673,87314.2489108423,18.9440573905639
1.52321970856019,30.1020935073702,0.136919888034829,3.86184244945027,24.9538298544784,5.86608467425172,4.68580759997129,1410.25724435926,170.125089447573,1597.69197699729,328.240968408923,98.4182500695036,2911.74982279613,86714.2960854127,18.9417201725211
1.58061935177854,30.0703049918503,0.135013212133381,3.31587606287599,25.2211129710768,5.91822251412973,4.65856429408439,1413.97107512117,168.596164520675,1602.54090349077,325.961995129897,98.7530712600706,2916.69188011285,86165.0005584591,18.9394331486234
1.64901926625717,30.0352466666481,0.133012823692353,2.8237507297338,25.489070630178,5.93348750019222,4.63678760983529,1418.04549190949,166.975667514539,1607.7859965215,323.716566721519,99.0991153525993,2922.22332356279,85620.1113637711,18.9371969053242
1.72978555761552,29.9979685195679,0.13093649236174,2.39178510666087,25.7559773395183,5.90647661012231,4.62137680164589,1422.22913817167,165.25154220094,1613.13996656818,321.453860931423,99.4364764494648,2927.83907640377,85002.4655858648,18.9350125656438
1.82308582546989,29.960520934123,0.128798965623601,2.02020975040354,26.024203021316,5.83470038725614,4.61255877707521,1426.49109456185,163.426927786215,1618.56872776541,319.179824204044,99.7618382686407,2933.48814112039,84385.5695471842,18.9328797264026
1.92814253007487,29.9250680746535,0.126612780855506,1.70530137337211,26.2974618929078,5.71833513230467,4.61008862275946,1430.87014265177,161.510413378458,1624.11829167846,316.91828758227,100.077809594259,2939.26418615615,83810.0853966718,18.9307980531873
2.04303158107557,29.8928833401836,0.124402890720606,1.44243606225545,26.57638795191,5.55975340958777,4.61358396980197,1435.2619004683,159.506639713998,1629.66688755266,314.658688351939,100.37759337695,2944.97012675028,83386.927359691,18.9287660219406
2.16389192077706,29.8642645195416,0.122211533257515,1.22787901253478,26.8548793393069,5.36278518508335,4.62285352576012,1439.2931886407,157.411081247976,1634.77838606992,312.328115955667,100.635804927898,2949.86275610302,83270.3104320859,18.926781064623
2.28649969291628,29.8391778743152,0.120079019123236,1.05665422562982,27.1179827573133,5.13480212198433,4.63773049254337,1442.28671650527,155.20194651473,1638.66202727447,309.783864160876,100.806205376589,2952.57735689883,83310.2524721578,18.9248451856887
2.40786890576242,29.8177217878391,0.118025744520165,0.920823267017211,27.3505639926298,4.8858944765085,4.65766496491603,1443.74404467832,152.861700387985,1640.73154602097,306.921668835849,100.855801494874,2952.10596531966,83396.8993606725,18.9229603974702
2.52624682813444,29.7998368289915,0.11604708492445,0.811698470904125,27.5460544101927,4.62497220562475,4.68175355958742,1443.71219061631,150.400668736317,1641.03175163429,303.756788508297,100.790153996719,2948.54617454611,83537.8980620316,18.9211269789138
2.63938540429502,29.7831856387217,0.114130997354495,0.72356083500374,27.7045491002157,4.35825476314407,4.70907611557161,1442.58679921417,147.85182132371,1640.01625519584,300.380951758502,100.63928761886,2942.71061663996,83793.7354839052,18.9193444819264
2.74261829062421,29.7599314063912,0.112269375034651,0.65500544901851,27.8264115207313,4.09179271427423,4.73872521219964,1440.66133598851,145.240465675389,1638.03361816932,296.865938648918,100.426683815401,2935.21693780524,84110.4076065495,18.9176138900278
2.82998682265649,29.7194243832533,0.110458141910906,0.605653294362269,27.9114331341987,3.83307975696383,4.76962395988243,1438.08233754559,142.579349637146,1635.27054789187,293.252964538233,100.16617144859,2926.39016640736,84447.8375491918,18.9159359492673
2.89929473096878,29.6546392857942,0.108683359585767,0.572548785744635,27.9617242116287,3.58968812092761,4.80054662741704,1435.1160050817,139.889082286756,1632.04681921888,289.604430406648,99.879549168998,2916.79086544256,84636.1736379587,18.9143123799622
2.95535933773116,29.5673041551987,0.106914774781416,0.549265361978452,27.9875727986277,3.36652267247058,4.83016240406472,1432.34748953461,137.207880240727,1629.03934281933,286.042518645952,99.6095330664664,2907.60879722984,84449.8592897451,18.9127451215076
3.00508382280697,29.4694335931144,0.105127291218364,0.528887728948761,28.0105001366392,3.16227564817067,4.85736121763447,1430.73533578298,134.598260409168,1627.3438728485,282.761974603928,99.4228831738288,2900.77491060542,84110.0080254124,18.9112323048569
3.05298300828513,29.3756309503231,0.103313609473922,0.507675603421127,28.0495877570072,2.97203626717627,4.88170881315035,1430.88484764029,132.10313746153,1627.64690724209,279.882400662681,99.3603300779065,2897.50290894968,83756.8888564861,18.9097726662835
3.10063618951412,29.294661524002,0.101487990829554,0.485497564032586,28.110129202298,2.79246012178132,4.90338853014267,1432.51903644834,129.707383061194,1629.62622841302,277.344373112234,99.401155278897,2897.22879494643,83429.7919757387,18.90836585134
3.14685916457243,29.2281991858018,0.0996729677414498,0.464370423965117,28.1864715759008,2.62346519365343,4.92277571235732,1434.9275697588,127.36795087321,1632.46613005143,275.003086684497,99.4953084875536,2898.51993923396,83136.0531773375,18.9070118392549
3.18817045453563,29.1739232187445,0.0978871297806239,0.447100198312484,28.2696886057069,2.46763693329706,4.9400505498788,1437.4587607692,125.045707530939,1635.41949671198,272.727428292869,99.5977517345652,2900.06522119774,82862.8138998635,18.90571082687
3.22087393321664,29.1286786697515,0.0961404787564765,0.435535465893002,28.3529001785458,2.32858025856843,4.95511107668647,1439.74254017485,122.719396881836,1638.06243361291,270.443286578142,99.683620251533,2901.12200226522,82600.4490081971,18.9044630001235
3.24172877143134,29.0898430609447,0.0944468563799429,0.430641090085907,28.4320426626381,2.20846744455715,4.96788251379626,1441.6512949202,120.384637401888,1640.24908556656,268.126605133898,99.7448873865274,2901.43808524849,82506.5588720293,18.903266815691
3.24429899979104,29.0539664968552,0.0928463307165865,0.435705182276798,28.4993969789812,2.10821759085354,4.97869844341049,1442.91113722944,118.037269594258,1641.6655562701,265.736327362329,99.7632809123047,2900.48076361557,82849.9371696866,18.9021198037443
3.21914860999464,29.0141709994055,0.0913852104425187,0.457562232620836,28.5363234177154,2.03250554598962,4.98804679774894,1442.70803494054,115.654593386252,1641.37944302469,263.150849715582,99.6839623585914,2896.65927265243,83421.2695361797,18.9010247987891
3.16044776233196,28.9623002748871,0.0900981352806077,0.501888616934332,28.5235216593438,1.98931089515016,4.99599854552253,1440.25175847134,113.217243751651,1638.48713087775,260.2684697796,99.4547545952062,2888.44350108368,84042.6302710853,18.8999840461439
3.06910264294229,28.8932099995644,0.0890258173463549,0.57241667036619,28.4536982901326,1.9829689298497,5.00240364729856,1435.59764975517,110.748750918442,1633.05302507369,257.140234047395,99.0814897076128,2875.98656313301,84810.2211753331,18.8989972321426
2.93824812389101,28.8051049627274,0.088332044787356,0.685857312094892,28.3271519135855,2.01436062846465,5.00717497430063,1429.19253206641,108.295920461029,1625.58938432239,253.905289831247,98.5964685842492,2860.23321194663,85964.7770636543,18.8980636166883
2.74245230332145,28.6973270728279,0.0883365972891448,0.893209244453466,28.1413716834746,2.09192120225345,5.0094674929535,1421.13883143986,105.902175290699,1616.21499334483,250.719861563566,98.0100300822414,2841.50296030579,87306.7002536362,18.8971847429368
0.0103180316099355,28.5704879711985,0.158423258066539,1.61438132404249,28.0708694408352,1.70774383175159,5.07011119561159,1411.43425029165,103.612573792676,1604.96378076351,248.191470724763,97.2664912215783,2820.17288831374,88691.1125893797,18.8963611602132
1.14594747090788e-10,28.4233304281259,0.44549444364905,3.4528971113699,28.2543701698386,0.24926857870392,5.26839903007475,1403.05272982085,101.7542977911,1595.16143875101,248.673477911148,96.4925393699671,2803.24451025236,99507.0846447594,18.8955964507232
3.071080486723e-11,28.2943225529256,3.20262086508224,5.02251493295703,27.6609968737999,0.00318448303221822,5.34532610774809,1396.98665054132,100.31791668601,1587.79774324172,248.785306573754,95.9692901732389,2790.57220925829,101572.72850413,18.8948812875184
7.3217653180793e-12,28.1880455309866,8.51667947346223,6.56360990420729,26.9139457128439,0.000367564800497897,5.39225946795005,1387.25297979877,99.6577014144986,1576.24066384557,246.089774979954,95.2148486835834,2770.05658225882,103822.387028792,18.8942212150925
4.29246893535767e-13,28.1191026960017,14.8060479108936,8.22989974834674,26.0837050968031,0.000251645328318314,5.44160482681749,1378.22191952201,100.814009405015,1565.37297687612,242.848964844559,94.4995996157816,2751.75959577584,106086.150869993,18.8936162535855
4.18193566193141e-15,28.0995231698601,21.1833678444013,10.0273929066779,25.1550368123748,0.000187476142794588,5.49707729229484,1367.96751259475,103.829490957275,1552.93384200323,239.737460429326,93.679961759359,2732.50549703187,107666.793545211,18.8930666293374
2.36649642885853e-17,28.1246876727829,27.1566508483139,11.8386769615138,24.2024419773076,0.000126382825351766,5.55479636076972,1358.2444341127,108.299968029858,1540.93262804288,237.332999206608,92.8779622160898,2715.57595175136,107944.206378085,18.8925722617895
4.42004687252963e-20,28.1736867035868,32.5223132415716,13.4803103140666,23.323595485037,7.72189844233759e-05,5.60860735708504,1353.1358759502,113.620728502499,1534.06094595572,236.179302950163,92.3827704862013,2708.39761704504,107778.273959923,18.8921323165418
-4.47158838906406e-19,28.2267415939527,37.2629386806707,14.8494237707065,22.5642360073734,4.3028335494619e-05,5.65547009977681,1353.7890799641,119.334362191555,1533.64915469627,236.245275686504,92.2788442605091,2712.74509194976,107446.458169266,18.8917465501653
-1.93643292689663e-19,28.2762838020243,41.467275133304,15.9538337435915,21.9171196689009,2.12737847166406e-05,5.69573781849516,1357.76525179266,125.204378218389,1536.93090017157,236.951980375263,92.3997955103274,2723.61996132084,106937.278331751,18.8914149273003
-1.00996629566657e-19,28.3235284979165,45.2469348901394,16.8482038596787,21.3599305595607,9.07013547876408e-06,5.73077406424263,1362.70707036425,131.069474886427,1541.25571744605,237.817776003862,92.5852878120724,2736.30963094775,106234.18812385,18.89113741137
-8.72288704518366e-20,28.3718718013762,48.7097822498302,17.5889774350613,20.8757761846417,3.3103255756243e-06,5.76159325354347,1367.74415525503,136.668360920485,1545.70836390292,238.661179752842,92.780572928718,2748.98178756698,105422.514543666,18.8909139187637
-9.33199351802249e-20,28.4231264097011,51.9518308727202,18.2163382514958,20.452933797939,9.69791390992481e-07,5.7888407611779,1372.79073263514,141.787514312666,1550.25414213061,239.439477414118,92.9840804401036,2761.35364803024,104556.911240966,18.8907443805449
-9.5407827065627e-20,28.476926350738,55.0482824442688,18.7541543643352,20.079383039751,2.33117961474523e-07,5.81316644908052,1377.82625027283,146.405267389982,1554.87968649296,240.127350828023,93.1946995881015,2773.36530383401,103960.987239391,18.8906286771255
-9.04154461984002e-20,28.5304417567852,58.0498909786997,19.2197114391878,19.7341303855186,5.11948844963661e-08,5.83577652639552,1382.2019836043,150.628258632205,1558.81682509063,240.616024869245,93.3653475389272,2783.80976568566,103935.68903501,18.8905667945859
-8.17149824751134e-20,28.5776682220965,60.975044064964,19.6214040740619,19.3875458547082,1.08957969098076e-08,5.85841297085514,1384.65153351954,154.536984317017,1560.58868702357,240.716179077653,93.407086716147,2790.27207356959,104078.377205557,18.8905588551756
-7.25239873259231e-20,28.6130591042959,63.8125787792127,19.9556490348314,19.0211565357611,2.2720115872351e-09,5.88216879977522,1384.77234069357,158.140950002239,1559.72167954894,240.397925785647,93.2924702224206,2791.98773185933,104247.445297822,18.8906048531985
-6.43542922760578e-20,28.6352515217085,66.5514439271142,20.2188915289551,18.6355356824403,4.62957816123195e-10,5.90701572780264,1383.53291617881,161.440717836642,1557.31999214291,239.858561913285,93.0889672774127,2790.85847808754,104086.325346686,18.8907046822763
-5.74898823561679e-20,28.6479413620343,69.2053542900005,20.4151444330108,18.2489904966051,9.14399382398348e-11,5.93188541448202,1382.8364148877,164.441610482461,1555.55461108309,239.441566822148,92.9277783834685,2790.59773481294,103283.89480939,18.8908580973046
-5.1723821504488e-20,28.658932289408,71.813391047934,20.5593761330593,17.8884432586793,1.79943799107973e-11,5.9552066936669,1384.73612452935,167.17874510201,1556.75374238684,239.503489694926,92.9488940100566,2795.21138949582,102374.719888622,18.8910650124505
-4.67676719818375e-20,28.6748593862088,74.4148094188852,20.6748339154881,17.5659764500793,3.59504290449853e-12,5.9762794308692,1389.23882269941,169.651904062194,1560.91402458617,240.036195731597,93.1514275859769,2804.69563033891,101548.699661837,18.8913253969824
-4.24036558304094e-20,28.697895394217,77.0268191349158,20.7803363941603,17.275461569604,7.32040175893269e-13,5.99546842707502,1394.83527920177,171.827995476002,1566.31674502018,240.767539844083,93.4312846228178,2816.08672070894,100844.394787941,18.8916392179121
-3.85007648664905e-20,28.7278084094433,79.6459401109544,20.8810418491274,17.004754687432,1.51709866990147e-13,6.01348642671772,1400.08114478271,173.675408051061,1571.32804910994,241.441723440012,93.689802284775,2826.56192998618,100274.10949771,18.8920064477285
-3.49858024152647e-20,28.7651006517781,82.2617762941159,20.9683634093795,16.7440346079238,3.18383675783555e-14,6.03090679387942,1404.24271961816,175.177302131142,1575.13042097211,241.931618000544,93.8776604160993,2834.70041673219,99780.6643334165,18.8924269948988
0.432725062880464,28.8092329664669,60.4418285806866,21.2036855005294,16.7235762852937,0.31323247864643,6.03661800072118,1403.47025321999,175.706316675651,1573.5907510512,260.00857406489,93.8345298340805,2843.93486058242,90110.1434068694,18.8929033389202
0.489343494991525,28.8680327701863,31.2353270842973,21.332863656516,16.8121036979502,0.782512306270343,6.02542672838002,1396.1549023063,176.008403113058,1564.85600692245,282.084847914192,93.4040369704555,2843.65353809207,89744.4897752825,18.8934306435096
0.528402466691982,28.9327028332507,11.1256984878885,21.3996926778742,16.9171841639726,0.990683244622732,6.03096478443209,1390.28120769717,176.363886647027,1557.83204140222,297.316230401402,93.0308996602807,2841.98103226609,89509.3036605302,18.8940111585647
0.768802141330714,28.9883020417079,1.84229660770217,20.9320683424808,17.0242414185912,1.3684711668054,5.98821546191659,1388.47388992323,176.695585796368,1555.55661306122,304.284988138061,92.9689333912096,2842.94515290579,89329.8767173144,18.8946447176972
0.960813989020653,29.0214784001646,0.886627087384444,19.940817168969,17.229561620729,1.8980473274476,5.89815755889463,1389.55742535753,176.873443091492,1556.68751878825,305.10488635465,93.1570108676658,2845.56952149179,89171.9263789252,18.8953311633861
1.10826052539418,29.0271380123515,0.488493262158291,18.8574521221045,17.6003720732513,2.3304954701097,5.80854563472957,1391.6988500786,176.830640345252,1559.13785527108,306.139076317038,93.4413777109716,2850.22682519106,89076.9392905022,18.8960704717875
1.21978085025905,29.0118297514976,0.283986286173491,17.7830128875761,18.0520383294547,2.66889831199037,5.7259378662584,1393.64346673568,176.56400072895,1561.4704116859,307.265855548383,93.7248005759128,2854.51702642695,89101.8846756216,18.8968626847009
1.2895537164633,28.9946824623645,0.188169759321334,16.773907752639,18.5094421016529,2.93980562175066,5.65223078615105,1394.74246481878,176.093880685255,1562.93585999247,308.198407218633,93.9537945361739,2857.07279312993,89184.6251240232,18.8977075801265
1.31524747896748,28.9968107198516,0.163522252383713,15.8549681874477,18.9184546300502,3.17722134151812,5.58658713079506,1394.84810728655,175.445745815866,1563.36337431759,308.77243838057,94.1121245419281,2857.53515862881,89294.235756627,18.8986049571179
1.32504419254577,29.0291752488482,0.157451861310224,15.0265359080853,19.2760609836765,3.38914557379547,5.52828352157234,1394.17432105262,174.654149531655,1562.98260656195,309.027924971553,94.2131197087812,2856.33358342508,89367.9591939283,18.8995545109742
1.33295375947464,29.0894642132156,0.154328149316179,14.2813817927304,19.5996559636185,3.57750760459202,5.47599892094231,1393.17396816921,173.785585050027,1562.28030175745,309.119676769795,94.2896626590878,2854.41907024623,89336.7836371752,18.9005558773937
1.33956602537131,29.1652948205977,0.15229617302295,13.6297703206166,19.9040256567302,3.74566163875856,5.42843344872181,1392.38782079284,172.960259053397,1561.83936611424,309.226173521065,94.379877895271,2852.95447675058,89281.0974194918,18.9016090810739
1.34428275027671,29.2431755543757,0.150820580835267,13.0899234841577,20.2002534584648,3.89451226475615,5.38486400787702,1392.07868738509,172.290297636723,1561.93406623392,309.436814650397,94.5018278648423,2852.53826835276,89237.0975971693,18.9027140719292
1.34684326519317,29.3156274199092,0.149695021821225,12.6690695209473,20.4918373190892,4.02436629646438,5.34503178031805,1392.10582088501,171.820859510523,1562.39540588469,309.717035871875,94.6453256681332,2852.91644885431,89399.5931056957,18.9038713279889
1.34793033201057,29.3806410430165,0.148818744691287,12.3541984826482,20.7704887666112,4.13534809997496,5.30929197381497,1391.83278805234,171.527082324927,1562.50342350916,309.888584747916,94.765227512173,2852.7961702565,90000.940002007,18.905081495119
1.35046746340461,29.4365948085796,0.148114310084049,12.1025099740111,21.0142185066048,4.23215258665177,5.27804783904383,1390.12213236458,171.317053818076,1560.97530189224,309.617615254346,94.7810333772209,2849.82573642823,90754.8615222135,18.9063434648544
1.35703800731388,29.4805741150301,0.147577516318098,11.8587486060423,21.2027810051451,4.32283262507737,5.25111507662079,1386.34902367104,171.105206866284,1557.10747899678,308.676536641184,94.6475729639413,2842.66061363487,91511.4372419864,18.9076565142433
1.36761634159986,29.5110818177004,0.147245215257559,11.5882008627216,21.3311508040923,4.41196929163824,5.22800375546433,1380.94307324376,170.886408947976,1551.38543775126,307.116399080604,94.39322085378,2832.1131244734,92330.5639665706,18.9090205958298
1.38085687778527,29.5335980852535,0.147156257126083,11.2920128249707,21.4042515706992,4.49866654298806,5.2085143609513,1374.55721927438,170.714750072257,1544.5422176522,305.102123124167,94.0630482721507,2819.51414590745,93310.7895355566,18.9104357500181
1.39543410378634,29.565298739839,0.147334347282006,11.0005582739627,21.4270660701323,4.580179636451,5.1927446534342,1367.73687372171,170.697386604727,1537.18168028405,302.816804386572,93.696210956154,2806.04283924635,94320.073567731,18.9119013991077
1.41012643497919,29.6251515590544,0.147809140324541,10.7466665834992,21.4049996919258,4.65442165218789,5.18067909840694,1360.80935752236,170.918745696175,1529.66168785276,300.401476707475,93.3174198333934,2792.43767747192,95297.788296398,18.9134171826463
1.42464016214151,29.7202421079624,0.148571576563062,10.5441901581916,21.3458852664026,4.72076430194925,5.17195218664403,1353.74394776684,171.372470145917,1521.94495377565,297.912442194768,92.9259688501314,2778.67041938047,96170.4014386745,18.9149827473654
1.43864601531075,29.8364405300227,0.149589228566129,10.3878838763604,21.2609406118108,4.77971430288147,5.16583196667823,1346.8296797055,172.017763771299,1514.36831140858,295.459101389313,92.5424177861932,2765.31513590111,96872.2075920698,18.916597771144
1.45057886635018,29.9357964600063,0.150795692874876,10.2658402300604,21.1656985049792,4.82944261936327,5.16163384585067,1340.87228333463,172.810202348522,1507.86714530112,293.234642378048,92.222723087589,2753.95254857276,97484.5227174995,18.9182622282675
1.45965782961191,29.9816737394501,0.151985222980136,10.1679471740829,21.0751156921617,4.86531906947452,5.15906030249273,1336.17985469583,173.672327975423,1502.81532496513,291.297339711077,91.9882901454183,2745.14696278851,98029.9832169084,18.9199759541896
1.46768972890328,29.9621246284412,0.152970074002936,10.0809074694898,20.9988700736945,4.890842824021,5.15701194612061,1332.44128364599,174.508869406061,1498.87202515115,289.561872251614,91.8184753407287,2738.21645634106,97958.2667752696,18.9217376055741
1.47524209963069,29.8924644331354,0.153556808381855,9.97829969870225,20.9568111940213,4.92159157658764,5.15216042994832,1330.44735181009,175.322073438658,1496.92619704353,288.166557009086,91.7704629370253,2734.6919218395,96823.763827589,18.923545759469
1.47748282208053,29.8051871444589,0.153756303679492,9.83299410698502,20.9850953034996,4.9698829423652,5.14071396126247,1332.31605228206,176.26040003964,1499.35531898013,287.530540939423,91.9929238720368,2738.80247480858,95429.1188236711,18.9254014181033
1.47194413800494,29.7268403898731,0.153653181969803,9.63525904718972,21.1048711865034,5.03849138621282,5.12107847904774,1338.52648995487,177.38423885655,1506.68661048309,287.741847436776,92.5193329054325,2751.51110783033,94044.0130900015,18.9273048175986
1.46078292416049,29.6666590763164,0.153364784584941,9.390377373545,21.3100878318405,5.12521049444633,5.0939147331286,1347.59972114275,178.599768078229,1517.24435823789,288.488275588707,93.2466576100013,2769.8470617755,92855.8146867993,18.9292562761207
1.44783908491248,29.6229953077076,0.152991587972935,9.1103112229967,21.5779149172432,5.22509779282693,5.06122912313525,1357.47913646183,179.750926972997,1528.70555042184,289.341431782382,94.0314946273205,2789.66989202063,92016.0888020268,18.9312563488712
1.43725588039581,29.592898993873,0.152556942671392,8.80435430058928,21.8795556458788,5.3346967260713,5.02515793198017,1366.37651940547,180.675118997685,1539.0509760969,289.925534796453,94.7493141920304,2807.35808202069,91305.7231209859,18.933304220404
1.43131529692517,29.5749945072406,0.152046875570485,8.47579386019494,22.1936612620049,5.45289521786276,4.98708013577084,1373.49482535887,181.274281697128,1547.3814787031,290.067829878806,95.3448307244085,2821.27607811559,90642.1199811486,18.9353993100559
1.42993539912073,29.5681844091561,0.151439443759297,8.12597758803792,22.5114854027154,5.57845881456615,4.9476774705211,1379.04645336793,181.550363034795,1553.93800021231,289.808545595637,95.8327980778425,2831.83934532666,90047.9767710831,18.9375414775529
1.43212329207776,29.5697292557665,0.15072096993748,7.75501850948679,22.8306566906196,5.70921405101669,4.90740623007946,1383.57219631901,181.556026804836,1559.32992416776,289.259229846403,96.250331740125,2840.14283755167,89559.6850701209,18.9397307310395
1.43745374266334,29.5739612465549,0.149890040382059,7.35767561211233,23.1480938541779,5.84307832281908,4.86674918311238,1387.43129783163,181.33198555176,1563.95775404102,288.4903907231,96.6215586584672,2846.91170669545,89143.9534850474,18.9419667100244
1.44614954872552,29.5750118041255,0.148952411553709,6.92821946391725,23.4593808134472,5.97808465483013,4.82625337187561,1390.78072018802,180.900399412807,1567.99237513432,287.530687709079,96.9563866979238,2852.46051135647,88786.1173736631,18.9442491002868
1.45891788459605,29.5701345105682,0.147899799255801,6.4667626664502,23.7613252527247,6.11309496462502,4.78629230495791,1393.73579573601,180.282373267296,1571.56061952254,286.405896399634,97.2620271827211,2857.02791019443,88307.8785613757,18.9465763612769
1.47622882567232,29.5606426756659,0.146702935522839,5.97809679099638,24.0576162926274,6.24912143060568,4.74654370779065,1396.68971260415,179.510814444857,1575.11211559419,285.200648924506,97.5658806708269,2861.41437014009,87508.2019589728,18.9489462063559
1.49693533703575,29.551158912857,0.145349882787385,5.47262274603472,24.3617606178055,6.38587319835273,4.70629289631114,1400.42571105235,178.641508822017,1579.54727330899,284.078037621415,97.9229920389861,2867.20850009365,86649.2404846803,18.9513596218128
