0.0439288969771611,29.2889784544119,0.667198457218975,11.6642620981095,16.5835777522266,2.05595345126252,5.82249378261959,1457.80937000858,228.500048252905,2012.03813095629,413.306163127051,76.7748999367125,3397.73254614429,88696.7655818992,14.0291919740077
0.0442595067283933,29.3081797315599,0.620588250308198,11.290489920528,16.706352419187,2.12908406900915,5.80349186004309,1453.30922125745,228.051122769457,2019.9589851972,413.336912436714,77.1491824458411,3409.20247396645,88875.9142192147,14.0293157204279
0.0448947517101403,29.295567952492,0.578805708731338,10.8746450128856,16.7565150479943,2.19602080504746,5.78924532082577,1446.65752107518,226.250158861912,2014.05893938528,410.496875918627,76.9957854557134,3397.49603219359,89370.7728062185,14.0294934053558
0.0457779133359115,29.2492232237804,0.542989379339109,10.4195907310872,16.74882324685,2.25947963605465,5.77854566964326,1436.50077159928,223.329219242696,1997.88230380356,405.504302967169,76.4492549015062,3368.45201748261,90035.8720833348,14.0297251283744
0.0466691192568704,29.1747543307298,0.512144504549616,9.94511321398741,16.7241538722976,2.31801038612804,5.76935042810238,1428.10493637036,220.359302612597,1983.57633974888,400.813789626647,75.9744445761498,3342.30951574189,90485.9974040676,14.030010726307
0.0474232877621023,29.0876931864886,0.483216028866873,9.48164681843019,16.7511489051863,2.37540551087755,5.7574002734905,1427.32751303291,218.104025239896,1980.8106821646,398.383099302345,75.9424402087825,3335.11399568443,90190.8239207929,14.0303497368509
0.047943605900928,29.0090066060907,0.458247035868953,9.05052125607214,16.8567471851109,2.43280964210184,5.74110238672602,1435.56536993312,216.81256013151,1991.56653794489,398.618566023954,76.429841858461,3350.23564712924,89541.5005871679,14.0307422459219
0.0484815259305222,28.9477420286897,0.437343607991748,8.65000559328284,17.010955016018,2.4900916269342,5.72216990183583,1444.99946720166,215.592381653593,2004.5922429267,399.288574326189,77.0046181797401,3369.03779848489,88827.7985133468,14.0311884385736
0.0491077128418309,28.9009280796507,0.419572165688244,8.26524877877775,17.1824108798546,2.54823257632033,5.70219453472152,1452.66953535206,214.127793846792,2015.41471158579,399.490237577002,77.4948240340934,3384.12200362417,88146.4943928139,14.0316884368268
0.0497944239694328,28.8655306425931,0.40434488055069,7.8773593238127,17.3583820950307,2.60703898246438,5.68188123799304,1458.29495744965,212.397801039246,2023.46772825313,399.095882247942,77.8779626948509,3394.53255447084,87511.38457576,14.0322422993889
0.0505161898627624,28.8396128800079,0.390933167813154,7.47664949309271,17.5385839767851,2.66599275439647,5.66129256636525,1462.49333638056,210.467591484228,2029.55084522222,398.254529181183,78.1842191119917,3401.57308794137,86912.9521556613,14.0328500435927
0.0512691887935619,28.8202465797117,0.378801027943301,7.06570918703735,17.726482363092,2.72454571973924,5.64029438993676,1466.00030606684,208.402084101955,2034.66578903897,397.160445078564,78.4521418387304,3406.89563785624,86344.606172991,14.0335116763892
0.0520700978222244,28.8030650151589,0.367689413203845,6.65238858502779,17.925028994102,2.78211568213065,5.61879734023207,1469.3257156384,206.248077897447,2039.51520602998,395.952639243299,78.7089471514157,3411.67226621475,85796.5433480441,14.0342271791755
0.0529444407595046,28.7801846867662,0.357585477585092,6.24690645135213,18.1359310622451,2.83802805056386,5.59680542059712,1472.74964970942,204.041601706324,2044.48103803934,394.709872465247,78.9694704309397,3416.55916277997,85258.8013828905,14.034996505915
0.053929525532186,28.7470484049838,0.348396211231448,5.85541247602742,18.3585189027321,2.89130799303711,5.57450324076065,1476.28269219697,201.797557370603,2049.57715097262,393.439180126109,79.2340635678998,3421.60140959235,84740.9513805461,14.035819664715
0.0550710234991936,28.7057874960793,0.339966625631851,5.47780366230341,18.590152141152,2.94071694720563,5.55222445472966,1479.76773659449,199.512829759911,2054.59593016878,392.103129807749,79.4941800112085,3426.46504560398,84249.5703097689,14.0366966695624
0.0564149052145109,28.6588715931273,0.332587575383067,5.11503577436086,18.8230941339991,2.98400505981278,5.53073416784138,1482.69259382373,197.144800578802,2058.82599301602,390.569855261502,79.7215651803528,3429.98650262816,83853.6769031402,14.0376279302513
0.0580196078600379,28.6042153561055,0.326565010138427,4.77567464323429,19.0414589492001,3.01737138816841,5.51148128267897,1484.07448698369,194.586889917289,2060.87674200722,388.584848337759,79.8615330362994,3429.88744214105,83651.0503711332,14.0386143032219
0.059935529202337,28.5398218748436,0.321113045561709,4.46716922078817,19.2378725526562,3.03828383633605,5.49525970010083,1483.86000742982,191.819204543698,2060.66102771013,386.141625111686,79.9099672925897,3426.02561358323,83550.6308866057,14.0396555412901
0.0621565059960043,28.4655602543165,0.315970228725982,4.18992850676668,19.4162056513913,3.04561168167866,5.48202648074266,1482.85696314323,188.929374827792,2059.31009389248,383.458953190077,79.9100718793412,3420.26628957347,83511.2902640638,14.0407514412025
0.0646492837556772,28.3832230335727,0.311582394682668,3.93959450915585,19.5799824812487,3.03800051351907,5.47179378008661,1481.55735185135,186.001305163009,2057.52259354724,380.676058007585,79.8883433245297,3413.780938733,83521.6095787518,14.0419019554096
0.0673340801284701,28.3089514285657,0.308713354917618,3.70519469732189,19.7376072570362,3.01512553856853,5.46416203214037,1480.6249600935,183.155713217203,2056.26264389553,377.984672475314,79.8819087264118,3408.1791468413,83483.7000229964,14.0431062910508
0.0701162354980988,28.2590661005203,0.307476066744279,3.47919627951185,19.8965507443166,2.97722785993297,5.45869735130662,1480.56305963254,180.485830021619,2056.25952253212,375.528596538313,79.9189762590562,3404.68022028875,83410.6551491849,14.0443644035735
0.0729332770552101,28.23394238574,0.307496680359121,3.26369471299696,20.0560682516175,2.92491426766214,5.45536349290581,1481.06753063944,177.967018450719,2057.07835972605,373.230371166756,79.9825737434182,3402.58215555442,83327.7946053804,14.0456764436441
0.0755308079394091,28.2251609022877,0.314117576352132,3.08153448196497,20.2000884481058,2.85604226664277,5.45542121834359,1480.61701273768,175.45247646505,2056.54129089209,370.72240315821,79.987883673654,3398.36520917218,83421.9385500637,14.0470442067343
0.0772571146913093,28.2234181598532,0.341350586714578,3.00013322992031,20.2885302113522,2.76078043142783,5.46271537941649,1476.13497380517,172.662408631431,2050.23198437575,367.319681530826,79.7628433233521,3384.9479302415,84018.2492162757,14.0484709411322
0.0779443552962565,28.2240065024454,0.388978733517419,3.07193781721349,20.3007873876487,2.63345230662194,5.47938351270978,1466.55130606869,169.467185385304,2036.57444312957,362.854598211894,79.2465032601469,3359.84834005555,84938.6935053839,14.0499544492279
0.0776719540929052,28.2245565027835,0.452473092320332,3.28672007014189,20.2500923453134,2.47955677100498,5.50387107029587,1453.86296453583,166.010730040965,2018.37195834853,357.841601947865,78.5491080245219,3327.61805745842,86022.328543585,14.0514924707019
0.0753299318030324,28.2251124394334,0.56684981345555,3.68707890924256,20.1309979971396,2.29666393487069,5.53695228699262,1439.05694811168,162.515684632867,1997.01088495077,352.618207538028,77.7252391859336,3290.67103071305,87593.40057366,14.0530863910756
0.0688790806338514,28.2433701778704,0.852466063402899,4.51779592638194,19.912601082196,2.05830974776778,5.58483508912612,1419.75803511541,159.117840373618,1969.14432197603,347.02231184171,76.6440561864102,3244.08230317934,90066.2986470371,14.0547367756057
0.0604509935812876,28.3075583080988,1.4086762247299,5.93756821673924,19.6170719196244,1.75987963526457,5.64733746026153,1395.49658079491,155.902425318305,1934.1781761734,341.240817935114,75.2842815401315,3187.11861729028,92785.4084462488,14.0564391562408
0.015124405454715,28.4251346977216,2.8099550380765,7.8297177431307,19.3599890714989,1.34197277871103,5.72389748720031,1370.88402299247,153.147505231069,1898.63039508846,335.823192452952,73.9006807737629,3129.90729792439,95509.1979657419,14.0581930437434
2.94209819791599e-08,28.6297818389113,6.67181270427453,9.70028626215857,19.5859709491468,0.551445069170256,5.81792968875593,1391.96617689207,154.841680939468,1927.00285433955,340.04941133058,74.9872859491878,3176.18346860269,107650.160274918,14.0599928889056
3.17642516331681e-09,28.9393195636931,14.813319877911,11.5742055429433,19.0727248526128,0.122618482165792,5.90133294890991,1367.95213769133,155.751764783909,1891.50407091566,331.274385145177,73.5591007995965,3120.15903404743,110956.474194227,14.061852791565
5.64245719231096e-11,29.3982589457955,23.9339122665358,13.1960221562305,18.0825236457246,0.0402635658837421,5.96577637312643,1343.95654609808,160.542833580747,1855.01984754988,322.45091258873,72.067149310295,3066.0789613179,114289.208436669,14.0637648909584
2.85282968885228e-13,29.9619677122469,30.9798439022948,14.6273895127723,17.0404189852811,0.0329003233721953,6.02692187680431,1315.31929025636,167.29443764564,1811.50928113223,314.568589717546,70.2874804987439,3003.93177546942,117458.846127384,14.0657291210198
4.13472973183995e-16,30.517168890912,36.7981642105533,15.8376859882312,16.1263785032537,0.0250857501782322,6.08131109832666,1291.28739417509,175.015608855526,1774.29950783078,308.496192909883,68.7527907283143,2952.97648380804,119484.88209154,14.0677445388172
3.45901418644211e-19,30.8982392704169,41.6873190785435,16.7612653191832,15.4162961256954,0.0156667667544686,6.12367110914484,1280.88013786326,182.868537981475,1756.24847691088,305.697828308656,67.9742485389931,2932.32937105496,119745.905502842,14.0698107032743
1.31646710993224e-22,31.0895721869502,45.7886039182659,17.4508134370999,14.8637965470922,0.00750603285520892,6.15671037103323,1281.72910546347,190.740162792699,1753.97528453239,305.527478948364,67.8185626439806,2936.56074159724,119424.899665868,14.0719289339834
1.57816012393318e-26,31.181801862418,49.2853523061966,17.9857295639208,14.3933419157181,0.00271087558732155,6.18506115326421,1287.39014962312,198.969513217431,1758.31840091499,306.502850118463,67.9229454937852,2951.58097369239,118815.187527634,14.0740994270142
3.20280358096026e-31,31.2320190976879,52.3686775343024,18.3787741644942,14.0041676989812,0.000715349102865866,6.20889650043074,1297.38358847938,207.477011660951,1768.69557545227,308.497180964192,68.2634044452061,2976.34576460135,117468.582681822,14.0763213381843
3.50316314327953e-36,31.2739145531961,55.3501402442248,18.6425958218079,13.7256566394867,8.82178852252988e-05,6.22651535068137,1314.45153161762,215.774904116663,1789.18887187991,312.134047443942,69.0008841429807,3016.76081972142,115186.666588151,14.0785938282776
-3.95796341241147e-35,31.3163970617335,58.3790087553585,18.8263286416673,13.5336417367912,9.89095019282869e-06,6.23943213245905,1336.77673004886,223.691692926918,1817.25878611347,316.944599257321,70.0361177151551,3068.66481971622,112777.023742346,14.0809175311216
-1.02483160105347e-34,31.3502253575809,61.4797237982912,18.9680137809478,13.3832566197847,2.12863447616482e-06,6.25023497531916,1360.52586072724,231.319601060929,1847.40766875276,321.963638572476,71.1525819449913,3123.50048975903,110469.90204807,14.0832925359819
-1.41837759873649e-34,31.3695192836232,64.6352842481342,19.0777938749915,13.2456449982135,5.16795811575348e-07,6.26045539936177,1383.29099223907,238.571221957481,1876.22542043511,326.676845725385,72.2169084709958,3175.88040326497,108437.412044505,14.0857190598843
-1.49406261126683e-34,31.3758838755408,67.7626872115411,19.1473334467621,13.1022905624914,1.3412058989624e-07,6.27104662350526,1403.64919488877,245.151179913344,1901.76461818264,330.832759871099,73.1550185469129,3222.53547157772,106744.650514919,14.0881973084837
-1.38468266612124e-34,31.3747422085543,70.8369235891759,19.1784591667538,12.950408554187,3.69080600333442e-08,6.28211319258899,1421.79057999884,250.943340716479,1924.33014216541,334.522562239927,73.9800082572235,3263.86384289149,105244.30210387,14.0907268570093
-1.22383679997799e-34,31.3709303998507,73.9144616368104,19.1903337870465,12.7929486602033,1.07192723191995e-08,6.29346689712944,1438.45955285473,256.058129668431,1944.96480817468,337.921637529155,74.7321778333325,3301.59217397492,103912.608373881,14.0933075449393
-1.07787437825303e-34,31.3627889534214,77.0556965749925,19.2105798692239,12.6296603227466,3.29618222646977e-09,6.30511143506443,1453.8794198923,260.600693901309,1963.97734212606,341.060749206968,75.422731581148,3336.27472413338,102747.752804779,14.095939317429
-9.61914406968467e-35,31.339518186206,80.3147946559823,19.2764835944007,12.4596213702431,1.0850559169686e-09,6.31709213321231,1468.00437925464,264.611717999053,1981.30929698701,343.908479288941,76.0483886095398,3367.83279785383,101742.107759806,14.0986221225006
-8.69758852372321e-35,31.2965803212859,83.6902130125064,19.3999677834203,12.2828398090993,3.90483332347615e-10,6.32940426310618,1480.75518196712,268.107175810675,1996.8515559077,346.43620772718,76.6045949201586,3396.09884102278,100884.949794054,14.1013559020959
0.00516691252787344,31.3109639173484,82.8452313325743,19.9943360800722,11.8328265927838,0.0151311983618057,6.36572555461547,1444.15970639762,267.563970330986,1944.57932972552,341.202156227889,74.5374792063001,3315.91441059509,90940.7190797567,14.1041549423617
0.00775364770483691,31.2572268000202,63.3755672911059,20.5363829337737,11.8636504740798,0.0682158267729285,6.40116177900827,1447.35173601368,269.677227375722,1947.47052186397,358.976538432361,74.6523993308535,3333.26968845211,90594.618913428,14.1069929646084
0.0193947030747643,31.1995049673184,40.2664452522969,20.8624288159712,12.0804154097462,0.153163652605946,6.42363546965842,1449.6534150902,270.798410696951,1949.63323900772,379.724370629687,74.7720688768691,3350.34080468153,90938.9289183625,14.109885936121
0.0223724308631935,31.1608376499903,26.8547154218916,20.7520149995518,12.2976286704893,0.268777494538983,6.41805849568465,1445.89221081497,271.039270717815,1943.68667283832,392.03277079092,74.5983438137149,3349.53491366472,91652.147721516,14.1128314922931
0.0234383585905984,31.1317423525202,19.6091447627463,20.4610678265022,12.4284094925678,0.384608295912976,6.40393261474069,1437.8237107701,270.730342493487,1931.86569608422,398.625550917289,74.2034655199701,3336.1400594834,92570.5840926546,14.1158279401378
0.0241081302376532,31.1020046113908,15.4886315254729,20.119807448276,12.4734507414938,0.495241169972667,6.38945780197241,1429.2638300574,270.306754991477,1919.37596160723,402.255501210862,73.7824322427442,3319.88440548568,93425.2301098728,14.1188733053073
0.0246238097096567,31.0817636070256,13.0175460177417,19.7573855058153,12.4824766527929,0.595857933221641,6.37585630286474,1422.7691829862,270.010702756257,1909.804737397,404.63616089214,73.4718236512961,3307.26536858988,93944.1580082947,14.1219660049867
0.0250943891805612,31.0799797813787,11.4490491627778,19.3762495300393,12.4826363732699,0.682968968622578,6.3633794702816,1416.39444299343,269.625669725102,1900.55745859273,405.892544938259,73.1706657142393,3294.29676951062,94445.3947126238,14.1251075888215
0.0255671391125864,31.0906822287766,10.3614120172205,18.978688497583,12.4703327031768,0.754828783469878,6.35286694780232,1408.67672214478,269.054888648591,1889.60318322501,406.14302607764,72.8007533637825,3277.97093406643,95048.9102249475,14.1282984761343
0.0260733718562678,31.0968653635494,9.57357691332681,18.5855325338898,12.4318282715217,0.811173830395545,6.34529848501399,1398.32181551172,268.160193025544,1875.13973473992,405.301980293019,72.2937368432226,3255.4694951637,95919.8396598448,14.1315391378153
0.0266131456201442,31.066322395183,9.14250190394524,18.2536834867641,12.3476741528168,0.851563989274939,6.34191790338817,1383.58915876586,266.734610482803,1854.77430534619,402.967869048304,71.5597857878531,3222.84451200641,97233.8979763822,14.1348298562468
0.0271789281008783,30.9793804467802,9.04913647857522,18.0117777132367,12.2166737956486,0.875862510395958,6.34308685952038,1364.69030127766,264.736362602509,1828.80697504402,399.241921542515,70.6121327872394,3180.56799655924,98755.6132333329,14.138169040805
0.0277942977486631,30.8412253567764,9.13363111366054,17.8352548438973,12.0513332620471,0.886259122262622,6.34811646790311,1343.35065469923,262.3202682193,1799.60693871641,394.663619842077,69.5413325426987,3132.59991345721,100375.944309028,14.1415558612691
0.0284855101878129,30.6496407525626,9.31525887340072,17.7125734207467,11.856550137425,0.885619613486159,6.35646134904089,1320.60638090887,259.665858614932,1768.55577755021,389.54837575827,68.396123107834,3081.33521484748,102130.096490616,14.1449901248009
0.0292432808640031,30.3794530738382,9.65153416547697,17.6849259375537,11.634728294518,0.875698939438249,6.36780851354443,1297.17376734618,256.962410429864,1736.5314961044,384.065474865601,67.2016461518301,3028.37091288216,103962.581329521,14.1484713726762
0.0300498870206284,30.0306160132347,10.1516878044391,17.7725995926762,11.3975323104351,0.858128904647605,6.3814229424893,1274.27303460346,254.390917742423,1705.14517686994,378.590395665787,66.0175819314077,2976.4948907366,105674.929050547,14.1519988650976
0.0308960270266489,29.6336638179827,10.7512765883603,17.9474209027563,11.1570219785662,0.835427019072933,6.39637423325435,1252.91904756531,252.066831510254,1675.80417203581,373.501961474316,64.9033087864126,2928.11012357081,107219.383784496,14.1555723503819
0.0317824422184773,29.218771744599,11.3919292539292,18.1614571348792,10.913624660007,0.80977508518634,6.41226508980744,1233.04327967981,250.049233500787,1648.37633260059,368.825499323472,63.8597324978724,2883.1066601618,108719.143216735,14.1591919252561
0.0327225439334244,28.8145849201529,12.0071435123395,18.3496320267869,10.6617259719137,0.783000066218521,6.42900614009248,1213.97194279306,248.385471480497,1621.78580021494,364.361441201119,62.8514321626326,2839.8900167642,110248.769287822,14.1628574933211
0.0336910276248034,28.4321856533888,12.5768265631901,18.4922823616602,10.4071648961943,0.75673897389747,6.44602807139835,1196.03507787359,247.117534445554,1596.44458054508,360.224940095056,61.8958435299631,2799.1970761857,111617.73290524,14.1665684259529
0.034631343014707,28.0655998521302,13.1323044660972,18.6164748517671,10.1619611490183,0.731520190009758,6.46264521301072,1180.14637744093,246.26981842363,1573.69996728444,356.724506937313,61.042204259503,2763.17984444551,112772.904496849,14.1703243892019
0.035539645279011,27.6424726932657,13.6947463756668,18.7078246502976,9.92071117156662,0.707065205638441,6.47904404853816,1165.54286830539,245.806574463391,1552.65636754475,353.634313142435,60.2507903920214,2730.25666773114,114029.733577671,14.1741256534782
0.0364771638252005,27.0004744155232,14.2168241789902,18.6796938556179,9.66547948522823,0.683437174501534,6.49591795016356,1150.14740954466,245.671466005477,1530.68128672677,350.303972229368,59.4128101218489,2695.95566281314,115613.128114714,14.1779722421405
0.0374472927614509,26.1198121081909,14.6543224487965,18.5072373851982,9.4004197132231,0.661449970078622,6.51292929051488,1134.23319751527,245.901670905143,1508.17508222326,346.812388261224,58.5434194202557,2660.93293127433,117125.228594681,14.1818631854823
0.0383981264248519,25.1149230074983,15.019867410588,18.2422773844829,9.14052449472487,0.640890601331841,6.52943842440167,1119.45466319109,246.575704103227,1487.26109342701,343.677611074895,57.7295389547781,2628.79966560082,118494.980456184,14.1857980801094
0.0392345347575008,24.1369211691831,15.2435023667203,17.9466095700821,8.91357002801182,0.622235989168671,6.54419744463304,1108.89459489697,247.811899796031,1472.05675083078,341.90735586649,57.1382906885056,2606.4392925159,119064.235273936,14.1897757548135
0.0398381849049915,23.361572270254,15.1968230167226,17.688415600012,8.75238086614404,0.606367742437353,6.55569622376893,1105.63937912505,249.592207905134,1466.76228751304,342.556662729899,56.9420430869047,2600.74385189285,118526.305697821,14.1937954846493
0.0402446097224745,22.7900382663334,14.9280863955495,17.4741984907386,8.64514393855421,0.593441866078559,6.56438570530047,1107.2591479322,251.580104021745,1468.10082554076,344.87376710687,57.0129864433395,2606.10633425593,117771.178863931,14.1978580890927
0.0405126519662839,22.3204245525702,14.556296813683,17.2675644710428,8.56536553396792,0.583965063460632,6.57127660329597,1110.63323369724,253.616282384952,1471.83780988995,347.816650380641,57.1809419644937,2615.45488495839,116963.802363474,14.2019634526179
0.0406670871402856,21.8994168240644,14.1565191128905,17.0407252056123,8.49537690062493,0.577595239745566,6.57710748802875,1113.95082008136,255.574134526068,1475.56232296098,350.765337893897,57.3487867183071,2624.69445586439,116411.791071282,14.2061117078688
0.0407683528590486,21.5144391096781,13.7762455421764,16.7704331878195,8.41780725731956,0.573604166785439,6.58266353970933,1115.3328111129,257.163232898225,1476.84251509505,353.097016527505,57.4200011978097,2629.53609180225,116317.451049451,14.2103028797318
0.0408378915022359,21.1701554119814,13.4139518915006,16.4584720626159,8.33253496479307,0.571634492798711,6.58800268345077,1115.00238993619,258.373704453081,1476.00393416201,354.867830332251,57.4076007675047,2630.47989728125,116336.195467664,14.2145360922962
0.0408783623663846,20.8681623478631,13.0621857108482,16.1252634129637,8.24651967899228,0.570957422449294,6.59296616620784,1113.98800267699,259.375665024672,1474.37268342188,356.395169045715,57.3643138628519,2629.86305943638,116418.135404069,14.2188108974192
0.0408208242811958,20.6006875743229,12.6781590802838,15.7854966529223,8.18412275746396,0.571722427959549,6.59659240636915,1115.54794344744,260.583699638147,1476.24214591574,358.73640732323,57.4592318729711,2635.11280869652,115787.265958103,14.2231256311313
0.0405324653909632,20.3380990481087,12.2222019547148,15.4437126409404,8.17967443981111,0.574072370752978,6.59750690250337,1124.04523970037,262.527093984509,1487.34565891149,363.324224552648,57.917862577132,2656.15002982181,114101.659378738,14.2274791240254
0.0400557074751431,20.0586779911978,11.7497910691679,15.098524115158,8.22012717841841,0.577141660981052,6.59635707240638,1137.62680324569,264.984400976706,1505.16813462136,369.561530764632,58.6415701948034,2688.69525426511,112447.568635028,14.2318726960474
0.0394953248538192,19.7669752717468,11.3233063177642,14.7489519291021,8.2740670097343,0.581177434773381,6.59438458019494,1152.28572887192,267.450700058596,1524.39794184972,376.134021685473,59.4219013414016,2723.58090097334,111014.315253671,14.2363063982484
0.0389022010028071,19.4702413459693,10.9375266624123,14.4044438887383,8.32434483192618,0.586287929727407,6.59226839828146,1165.76331175677,269.53253350107,1542.0714215078,382.29403423999,60.1425426188299,2755.58225101008,109971.939434578,14.2407803462164
0.0383571482865769,19.1771874518811,10.5298654317617,14.0905949324769,8.36265282947536,0.592917299729957,6.59028161356929,1176.12326456584,270.700417848117,1555.66357370724,387.398992341887,60.704171039697,2780.08983034714,109278.337224575,14.2452942174714
0.0378696967172013,18.9027041871813,10.0546050117893,13.8189152503421,8.39745602273349,0.60192840525996,6.58796329726056,1184.24713757671,271.045261070444,1566.36817594687,391.732426834077,61.1534401872183,2799.12557388951,108551.567428172,14.2498467476765
0.0374004354004677,18.6550058310462,9.52282390777129,13.580709311899,8.44135952687368,0.61292184618162,6.58485157725734,1192.33934838669,271.090951143865,1577.09535378761,396.015884031504,61.6044638510615,2817.90512060204,107723.448464016,14.2544373142881
0.0369875290479324,18.4351069010529,8.95633930953931,13.3609460662718,8.48873239730341,0.625084186834142,6.58126480003343,1200.04991148698,270.903481692629,1587.32744498797,400.113649002602,62.0376324483843,2835.64798206311,107097.041931079,14.2590663390482
0.0367374035344056,18.2459547869448,8.34477612673796,13.1405214599141,8.51795235929734,0.638193309956328,6.57808024125879,1204.86911588353,270.052549204386,1593.65787951476,403.152986202941,62.3213148405098,2846.42432152296,106982.851314554,14.263734427668
0.0366840391944319,18.0836813510391,7.69581441893105,12.9131223415735,8.52193384688128,0.652805729988544,6.57549795005391,1206.29461428106,268.414908388677,1595.40859330782,404.934127134233,62.4292795195013,2849.00797132036,107077.773512679,14.2684403761858
0.036790510157361,17.9351240209879,7.05145791635942,12.6850696746217,8.50754882053133,0.668483483167787,6.57329874685683,1205.5309897179,266.22432327158,1594.21395500238,405.846589231176,62.4239974497387,2846.24663393844,107299.370707812,14.273183515643
0.0370144828412901,17.7931942819462,6.42903168950563,12.452279320795,8.48706058716684,0.684815741716618,6.57104986910907,1204.43774497522,263.804751436134,1592.54580214437,406.507791911013,62.4011830226232,2842.47140454495,107373.99335063,14.2779626197834
0.0373252921704179,17.6567100951133,5.81452469069771,12.1904181768321,8.47468636957437,0.702021516732253,6.56814120290837,1205.03718136709,261.440225138045,1593.03149856202,407.582633766453,62.4635434784882,2842.2810977376,107161.744591124,14.2827768282079
0.0377342615479253,17.5203512507067,5.2291822180356,11.8898572990696,8.46548346188276,0.719975603053197,6.56477202525622,1206.7358788034,259.04427091187,1594.84627112013,408.85188400934,62.5785487691271,2844.25851756623,107053.765838376,14.2876268564683
0.0382646326821336,17.3800647572267,4.70492299796067,11.5623028188768,8.44644412214899,0.738491290888014,6.5615093986494,1207.57524504512,256.34394757718,1595.40954038457,409.654863599374,62.6447728367748,2843.90695455626,107120.732056805,14.2925125301689
0.0389046290852108,17.2167051584723,4.26854420167739,11.2136012576745,8.40882839055943,0.756847529581215,6.55884512599419,1206.0364548291,253.165984079557,1592.82023171176,409.512437877027,62.5872712530893,2837.88201402834,107479.878843412,14.2974337802239
0.0395915412218003,16.9900776791078,3.943488057768,10.8395522238438,8.35133674128472,0.773401683137939,6.55712270338362,1201.70318728038,249.576198249382,1586.78259705194,408.37071970336,62.3939541448073,2825.60998642988,108042.250418402,14.3023898807482
0.0402794217120403,16.7057789481846,3.69711087495313,10.4467918078309,8.2874943025607,0.787286864966207,6.55597204589174,1196.37130404385,245.915905470936,1579.76367045522,406.890471113354,62.1617263993569,2811.4100493765,108454.296156266,14.3073793302283
0.0409627327288614,16.4069819597244,3.48491830320296,10.0498301619116,8.23110580330622,0.79915783953629,6.55474995769444,1192.17798889312,242.495178390333,1574.46176840006,405.769223558061,61.9969315323173,2800.07375907994,108645.826739443,14.3124014841242
0.0416223818167488,16.1352490229791,3.26597911006879,9.65807520381552,8.20103122928926,0.81114922227626,6.55236975710929,1192.01253877496,239.718669858554,1574.61458676099,405.959281310798,62.0466905509066,2798.15773152721,108176.490329495,14.3174546112663
0.0422382094713009,15.9179901142214,3.01074197404016,9.26960379667154,8.21655987140292,0.826132759147034,6.5475729923144,1198.24598939756,237.876262431338,1583.35753751333,408.244716869486,62.4338801167302,2811.07585226673,106964.605023603,14.3225377745891
0.0428269537582269,15.739107284561,2.74749276955862,8.87421353115776,8.26437517615165,0.844751527737551,6.54075509877552,1208.31723169288,236.526442491381,1597.28013699941,411.729129958656,63.0239084048436,2832.83071270071,105789.599669408,14.3276526817439
0.0434102818879252,15.567396936039,2.50793580039086,8.46617574540914,8.32053225685273,0.866147632108897,6.5330371983621,1218.44069471198,235.093963813083,1611.34562802306,415.124584663981,63.6186535641897,2854.64266155635,104811.617092977,14.3327995127882
0.0439480811234635,15.3871530211554,2.30541871277143,8.04683980478203,8.37749937613979,0.889397245025865,6.52488483204052,1227.35480749181,233.448344843507,1623.87679801997,418.016870786183,64.1525356326934,2873.64242286692,103985.815249228,14.337977764219
0.0443419279126275,15.1987008736937,2.14694236372769,7.62385136390546,8.44365790450736,0.913307283000238,6.51612612077861,1236.0887210364,231.874382586205,1636.23016927406,420.780677757173,64.6799394937605,2892.31689152027,103073.166980621,14.3431860635116
0.0445783695928855,15.0178630691897,2.01594935677269,7.20669117670949,8.53223846355415,0.937299541728526,6.50626727731167,1246.40199636349,230.663011910389,1650.73740559912,424.025884311229,65.2933594887486,2914.76311988362,101951.710572766,14.3484232716981
0.0447121331976674,14.8617732341496,1.89563928421161,6.80036015853488,8.6494260196615,0.962165264742154,6.49488391329592,1259.19659352415,229.860323141239,1668.60089779631,428.038345157771,66.0401082059747,2942.99422758006,100633.495646172,14.3536886793326
0.044811170343144,14.7404781402225,1.78007532494121,6.41436029852113,8.79084259418105,0.988366929128615,6.48205343457774,1273.88158177258,229.299214095683,1689.03115272582,432.587640666744,66.8886855127738,2975.56057734111,99292.9319814072,14.3589824007622
0.0449640538704747,14.6558978829582,1.67016566013443,6.07075238176006,8.93867675838502,1.01511488288527,6.46864632257708,1288.04368876164,228.59808806119,1708.80476862177,436.829502101287,67.7112420170758,3006.82745980896,98267.886987259,14.3643059006032
0.0452300270149649,14.5962765510715,1.56892749573503,5.77630409059259,9.07639975315619,1.04131736102454,6.45556774969378,1299.65090885576,227.480982244614,1725.21830089241,440.066950001294,68.400274763137,3032.10260113171,97561.9931117895,14.3696591918392
0.0456266097694392,14.5444793333551,1.47756202181594,5.51880088425465,9.19753895194784,1.06568697307688,6.44332687994667,1308.17633722112,225.910853344797,1737.58133198684,442.128028688852,68.9278316664957,3050.20998415452,97143.218711444,14.3750419413095
0.0461230757521733,14.4874580730673,1.40178301247094,5.28166539434008,9.30062088676095,1.08629253486717,6.43231332896317,1313.76183921674,223.916894445954,1746.07888523633,443.079106238932,69.3007989117895,3061.49141360929,96969.6811357979,14.3804536018762
0.0466444102003279,14.4138254966474,1.35248432980842,5.04354556919839,9.38556970255915,1.10004322189468,6.42304545854529,1316.56396276944,221.465447979292,1750.89144322707,443.01371063266,69.5261991337206,3066.26491729248,97032.3087057918,14.3858937187733
0.0472408009103716,14.3165081719498,1.32416253451267,4.79731245437548,9.44808764734175,1.10458677274607,6.4161343829315,1316.24645497251,218.493442008611,1751.55064003778,441.858218447361,69.5851333548083,3063.74608317725,97388.5986388404,14.3913621883587
0.0480000655295429,14.1941361895128,1.30863015000656,4.55333061522429,9.48043617053981,1.10000736790352,6.41198015861132,1312.28916251605,214.986052389414,1747.36111315675,439.451743153989,69.4494227149357,3052.7826163907,98050.0378000798,14.3968584536147
0.0489061761639955,14.052901517262,1.31945933592944,4.34107582861448,9.46058751789698,1.08413568649436,6.41199303893357,1302.2192755092,210.912809563364,1735.01169137172,434.985043068284,68.9850005848294,3027.89448314453,99473.0966033374,14.4023844153445
0.0498249745039537,13.9255055089698,1.38635135817182,4.22253735832834,9.36157339391827,1.05164350451314,6.41837325556748,1282.91667051422,206.413393570166,1710.32369040093,427.483624485041,68.0208809816012,2982.32619284519,101855.690561278,14.4079393015006
0.0507315289826081,13.8476193006206,1.50080062515035,4.22785399842047,9.20196827260783,1.00347139105796,6.43028678931259,1257.46441239352,201.843735269688,1677.43526620521,418.062091141167,66.7215213476061,2923.21846593255,104269.824494072,14.4135168205384
0.0515465357185053,13.8236989392715,1.64788783187843,4.33017062656792,9.02030495560917,0.946127529215007,6.44498017015086,1231.60355353967,197.416357904136,1644.03797807424,408.648518713136,65.3974202766322,2863.43324893043,106420.31809811,14.4191156089281
0.051091129285214,13.8509062567898,1.99997858043116,4.6455469845897,8.83741108210616,0.875198645190522,6.46221903958507,1207.45526200077,193.349870282829,1612.94666367671,400.072207045372,64.1620879105686,2807.87227001509,108466.915056872,14.4247363074216
0.0480778556558683,13.9402475277728,3.06878218925245,5.54571781961149,8.66157265975474,0.773379809211302,6.48455519276382,1183.55198824536,190.060447819896,1582.15327379333,392.187100508213,62.9321601540079,2753.76679318463,110727.145153295,14.4303796253471
0.0447380736125122,14.0864400363686,5.25036425353994,7.10651372107132,8.47583045897852,0.658826409135853,6.51020337740306,1158.66138280262,187.751373647477,1549.96036320355,384.465649341599,61.639132964587,2698.43060552714,113058.260220387,14.4360446208496
0.0068347303173108,14.2657086779745,9.72810192942521,9.04130748497782,8.29975330327361,0.505550202550499,6.53810652633226,1133.33220626365,186.39607555843,1517.02948865333,375.744842620085,60.3097182899418,2642.18058283937,115360.037379949,14.4417306024756
3.00343341804903e-11,14.590355060474,18.8582422105455,10.9645710971699,8.40445789892015,0.129578039155346,6.57827663085425,1202.07981756153,200.525592155351,1608.55852934428,395.017147128807,63.9027368404053,2801.94586883257,127298.810907565,14.4474266597799
1.0527516252743e-13,15.0391161752229,28.2106717169318,12.9741868993397,7.93500370158839,0.00497456563581325,6.616374453232,1185.09080136889,212.242285166077,1583.20169267429,386.22198400331,62.7854473975475,2768.75030872953,130379.258384887,14.4531555521858
1.14310980451764e-16,15.6819101046142,35.6927698387229,14.8563438809952,7.35144806057669,0.000368563834945001,6.64758689284565,1162.28827069977,225.742592023033,1548.94335594759,377.013916455711,61.3034852324919,2723.90141649569,132893.267216988,14.4589028297179
-1.01946319210875e-15,16.4304182421162,42.1273082400452,16.5880577895192,6.86753075671768,0.000251454494571641,6.67286465530105,1147.78716172574,237.329923309661,1526.10653449436,371.431189356276,60.2910276400765,2696.77887658148,134702.613125024,14.4646681092578
-1.39860589164931e-15,17.1410397993038,47.8762315141068,18.0710671081936,6.49034617946992,0.000140184279207287,6.69199108721314,1141.28420828229,247.05481161166,1514.48876659623,368.805591598292,59.7396558292896,2686.60102648036,135225.214143462,14.4704501877883
-1.54412277120009e-15,17.6327574517031,52.5752884130425,19.0821297764235,6.20280717875099,6.11670737841928e-05,6.70655486543169,1144.33929091598,256.113782384102,1516.16980923119,369.427435172677,59.7245763066048,2697.55759783985,134458.602365607,14.4762486371179
-1.68810769740135e-15,17.9185979360841,56.3331404367119,19.6729472450784,5.96997807356724,2.28662566248767e-05,6.71874535150917,1152.87914152294,265.103465053209,1525.43090633839,371.761265142478,60.0122928901236,2720.73424005987,133369.591225222,14.4820644759947
-1.84149030826624e-15,18.1116677604886,59.5634025725105,20.0324588365071,5.76528202600182,6.71082978184993e-06,6.72995624540047,1163.10157590493,274.303050184506,1536.88550727009,374.39937067595,60.3861265495829,2747.57479268082,132122.852874241,14.4878974238124
-1.98986318181954e-15,18.253955258344,62.5298988415225,20.2683033482835,5.58887447370134,1.49675183933522e-06,6.74015152712653,1176.01563827186,283.649490313798,1551.87829366402,377.690761424982,60.9019981461943,2780.26552189658,130244.759100577,14.4937459306872
-2.13010823356579e-15,18.3430232040455,65.4149256288193,20.4723620399374,5.4457188642782,2.92783673388625e-07,6.74906141839914,1193.52769448712,292.835908320064,1573.09884708454,382.405004231452,61.6712441621934,2823.00219012139,127688.229213919,14.4996089903661
-2.26086094421125e-15,18.3799637639462,68.3076786720149,20.6746680843157,5.32116037376685,5.67196582037955e-08,6.75733921336777,1213.31079936202,301.490548906605,1597.46359531159,387.878976397022,62.5706864901337,2870.46190053255,125239.485435044,14.5054874887142
-2.38103755206052e-15,18.3724064930829,71.2105954140566,20.8538714481509,5.19899000467147,1.13114127424374e-08,6.76569175176212,1232.24839720351,309.329067851217,1620.77928868855,393.129204076524,63.4311847399651,2915.55721698596,123044.725707744,14.511381306292
-2.49033233325112e-15,18.3391102038622,74.0643398358092,21.0127887863956,5.0707451071284,2.3256092941709e-09,6.7744473970552,1248.60298729603,316.009504531911,1640.73823537202,397.606057731379,64.1607476686547,2954.22788254166,121280.406278801,14.517290585685
-2.58909458398762e-15,18.3166236655891,76.769895171893,21.1781216098973,4.9341310344662,4.88547434609954e-10,6.78364378285658,1261.92865782035,321.169019064602,1656.78428802953,401.173995989893,64.7384421549965,2985.26409168806,119858.17377553,14.5232147871836
-2.68112479804848e-15,18.3234271185803,79.3621257248787,21.358111088975,4.7958117156403,1.03754474972582e-10,6.79293025080996,1273.96946078392,325.058465913234,1671.25275552478,404.395214718005,65.2572748123804,3012.6961214954,118430.619753892,14.5291523168555
-2.77011668803535e-15,18.3572255712738,81.962197182762,21.5487039965828,4.66224175891717,2.21847367719701e-11,6.80199212983839,1286.42436397792,328.219829532948,1686.38030137668,407.801924842743,65.8051274714809,3040.6267766246,116955.748043078,14.5351023811287
-2.85808440200841e-15,18.4246191580774,84.6786712759537,21.711886175588,4.5364337982956,4.78742975214081e-12,6.81068344010035,1299.93950130382,330.969065974472,1703.01324720337,411.591631023427,66.4150364435191,3070.69156033259,115388.621144672,14.5410641171803
-2.94568189201657e-15,18.5456037914972,87.6025984468643,21.7609966137186,4.41906976927105,1.04810418209775e-12,6.81896624579303,1314.36441701275,333.369262436837,1720.96710272339,415.718089432916,67.0799457630767,3102.62394961275,113800.564562057,14.5470371116239
-3.03108609307168e-15,18.7190772989098,90.6909804264585,21.6852966362224,4.30726228854572,2.33998165110208e-13,6.82695087081691,1328.48782513066,335.248861239518,1738.63430348523,419.788099682907,67.7363516519575,3133.63921401886,112385.340312595,14.5530217178105
0.0060718362965502,19.0441062275532,88.099379102057,21.9007541802722,4.08049150070703,0.0160186137548713,6.84627047268698,1266.95214592005,323.805144151798,1656.4252262633,403.107758184901,64.4699568230166,2991.57011749955,101940.375956287,14.5590365188866
0.00912954220008184,19.283395794678,70.6767910125583,21.9837476749355,4.21997890908395,0.0722934596658068,6.86706478913286,1269.28119651915,322.51190020075,1659.41502948151,418.054389481705,64.5871219495853,3004.11764418592,100517.549639968,14.5650420103223
0.0122202852334169,19.4603415542482,49.2307889563966,22.0369697282162,4.53870066692443,0.128849399657435,6.88458359821693,1288.82685361671,323.629759224435,1685.49734971059,442.430395926619,65.6277463074432,3058.76673300564,98614.5855990555,14.5710532688144
0.0210761015832285,19.5907645348686,35.0342508939189,21.8994076143741,4.88643478332935,0.218984715133393,6.88035337710907,1311.69758982013,325.184763669028,1716.09205577407,463.548878710058,66.8523615058186,3118.52992451099,96752.8915277951,14.5770720428334
0.0225765749544195,19.7033590381103,28.3598140800012,21.6110706870151,5.22973524150378,0.305235241440808,6.86164484924891,1333.03118523691,326.456390290268,1744.65030012678,479.847130083869,68.001183113899,3172.12424616088,95068.3141801212,14.5830987338845
0.0229282475362359,19.8188170097009,25.0807886387622,21.2859290539218,5.54846567033475,0.380995119837046,6.8394596237148,1351.7285020746,327.246330245453,1769.72782052955,493.49120447731,69.0157925822851,3218.51729207968,93671.5340129621,14.589134157825
0.0227569790868318,19.9528400925874,23.2369754273028,20.9484858035167,5.84683106530561,0.446772086107537,6.81705530483409,1367.36839296259,327.486586496929,1790.83648183496,504.906272001303,69.8771845777794,3257.13863247443,92643.0268301468,14.5951795008584
0.0223835106384293,20.1076448831615,21.9565359626116,20.6032873945485,6.13602370202958,0.504172280769794,6.7950280570323,1380.64316170716,327.289881567807,1808.92553326588,514.470558014531,70.6228815288442,3289.71161110413,91794.5092272652,14.6012329992506
0.0219349976452499,20.2743788298742,20.8377005332449,20.2569284961804,6.4268298235101,0.553812259267844,6.77345838482461,1392.82080225137,326.856477297988,1825.65771403525,522.848511165971,71.3177826890968,3319.29884165518,91050.9241540201,14.6072934818725
0.0214786781680385,20.4503361467715,19.7449218312464,19.9183571261911,6.71671441919577,0.595853463519502,6.75263354992059,1403.15232217612,326.046923152143,1840.05360041704,530.00371747208,71.9217527291929,3344.2898357301,90643.8879634313,14.6133640039262
0.0210843444629634,20.6419578390871,18.7319663360297,19.601034070164,6.98740050000033,0.630882855507099,6.73317452823417,1408.60557833994,324.267414848188,1848.21085580114,534.975176670059,72.2784356698729,3357.71714820832,90846.1886876176,14.6194487694058
0.0207769465612133,20.8481034046881,17.8340958726992,19.3130375900279,7.22980240650665,0.660027211486102,6.71539106189195,1408.5318727051,321.327036301969,1849.34575011591,537.611636424397,72.3554640460842,3358.12218227136,91312.652941757,14.6255423193577
0.0205540286991391,21.0586271814083,16.996385222858,19.0478867087138,7.44735953216358,0.683720189118847,6.69925807092801,1404.44407828314,317.520777875469,1845.42101716697,538.507618955281,72.2302823877756,3349.06315976387,91960.6595576616,14.6316422763351
0.0204074779824659,21.2588804447079,16.2335394735642,18.8317454775518,7.64615189210769,0.70234509093965,6.68460416113932,1398.19992491991,313.390004419062,1838.77144133042,538.370791958994,71.9954886771045,3334.95982424622,92626.5209006238,14.6377456625055
0.0203013300625726,21.431354930474,15.7237483487313,18.779789216083,7.83925646243458,0.715844005426946,6.67105229903917,1392.50292079587,309.867620555516,1832.7549837325,538.239805770815,71.7844421624836,3322.3208008033,93071.8122023845,14.6438491910276
0.0202215098113097,21.5730591267669,15.5844430266309,18.9568803781365,8.030708939202,0.723589834039264,6.65854090440653,1387.84437560655,307.319964401173,1827.90667076148,538.304173047224,71.6185121941213,3312.40634005435,93523.4091333427,14.6499550318773
0.0201869270095376,21.6914729749284,15.7678394102345,19.3154555760719,8.21183144572412,0.726500074615396,6.6472191941339,1382.57201174674,305.349520297527,1822.10289658311,537.9425042374,71.413405624524,3301.30917072275,94077.9595390242,14.6560637185181
0.0202332867229746,21.798610710637,16.142306745445,19.7660547216679,8.364263353443,0.725939690654383,6.63752455478839,1373.89259490008,303.300426013683,1811.71542705799,536.092260574337,71.025333558775,3282.3931789513,95059.6376018888,14.6621776195122
0.0204237594167783,21.9113923442475,16.464197673135,20.1871696122989,8.45789392498226,0.723313305780193,6.63033754496394,1358.04076431115,300.413230682489,1791.73182766101,531.269434122468,70.25633499911,3246.66179292915,96821.2593716693,14.6682981009662
0.0207779426652056,22.0256861790128,16.5445245870493,20.5070717223668,8.48544454682596,0.720140040128892,6.62581991539574,1335.26107109459,296.584507118,1762.43620283719,523.563513732853,69.1182358529607,3194.54252835309,98901.4114615207,14.674419081809
0.0212703146745222,22.1208298991655,16.4185518468878,20.7489369239742,8.46419628682521,0.715593907485131,6.62356817933871,1308.94958628472,292.319013555071,1728.33733355683,514.346574590114,67.7892534252054,3134.02372445981,101089.175252662,14.6805380986683
0.0218917782098962,22.1687713739008,16.2133322893695,20.9362342101102,8.40768668891601,0.708282202435814,6.62329991552442,1281.61417056335,288.022563994381,1692.74056922535,504.624786247227,66.3994223993156,3071.00156449598,103326.470941782,14.68665448999
0.02265107688208,22.1273838875619,15.9760337756159,21.0226009221698,8.32338643366815,0.697923862890974,6.6247310535571,1254.63796819343,283.79144466369,1657.38397000883,494.907562120388,65.0168898969187,3008.52488221345,105528.731337784,14.6927676513637
0.0235523145326809,21.987083591066,15.7205101505538,20.9815212714197,8.21701596759958,0.685129596284565,6.62750658128117,1228.66689820403,279.654420925723,1623.08712876915,485.444015844676,63.6740581729112,2948.01974036489,107628.658852623,14.6988771508521
0.0245826095609118,21.7757207044292,15.4681183944823,20.8414796508814,8.09332199920458,0.670686754914489,6.63132713948579,1203.99671049473,275.718638273923,1590.29746045545,476.400822041003,62.3890922336214,2890.30942119129,109600.695367845,14.7049827078279
0.0256653322927155,21.5388593076744,15.1764622052832,20.6538930610836,7.97456463889808,0.655874491614796,6.63524356831015,1183.38508040043,272.453183498307,1562.79536449707,468.950821394464,61.3119795648886,2842.07243374892,110861.263473105,14.7110822794587
0.0266645388436346,21.3405416881875,14.8148271253964,20.4987667343063,7.89458990624332,0.641523613541175,6.63791017100821,1170.75738380068,270.53434169383,1545.96266809344,464.743268574761,60.6552624461933,2812.80903389779,111082.655649391,14.717174808528
0.0275326436432383,21.1941937588599,14.4286576351147,20.3931994594241,7.85129074951035,0.627655930621034,6.63932885469481,1164.60202869387,269.76252190595,1537.81537036813,463.187995783532,60.3403139890827,2799.01599529928,111056.119326077,14.7232623120568
0.0282874207803469,21.069260755648,14.0381295012843,20.2904512282978,7.82453915892175,0.615551235748211,6.64001185762894,1161.21864716637,269.476889738956,1533.35788487963,462.765127675159,60.1702751909696,2791.81429691384,110953.799650034,14.7293448035517
0.0289332159994525,20.923041230099,13.6175592507786,20.1529067993766,7.8027083977818,0.605913047111684,6.64024800971775,1158.57547190555,269.169723098211,1529.79407817114,462.617102533516,60.036361539414,2786.15767935515,110957.428243807,14.7354222848711
0.0294868991433895,20.6979078099154,13.1226456598192,19.9623533787445,7.77965350590045,0.598919023714896,6.64020171107282,1155.67991135831,268.386519841063,1525.67386975084,462.302911853417,59.8843515270908,2779.33604357269,111100.220514861,14.7414943045456
0.0299460706595631,20.3948123114329,12.5376425400474,19.7268109027359,7.76138654678865,0.594659324049116,6.63960851757441,1153.32629538472,267.203035852584,1522.05789488456,462.132824420231,59.7567539032744,2773.18582288976,111113.436589509,14.7475594850258
0.030304478323849,20.0620167779918,11.9021297273983,19.4699157382266,7.75597465081859,0.592627747008103,6.63820020338972,1152.51016519492,265.981853893318,1520.38015723597,462.520476370058,59.7082153299814,2770.31982446423,110981.572343019,14.7536172044825
0.0305738936414526,19.7252592780807,11.2904733875297,19.1967579605277,7.76389121174892,0.592289614528767,6.63599622845133,1153.13715024308,264.903635000282,1520.64752639016,463.455583432821,59.738168625939,2770.80214542732,110756.545526453,14.7596670542924
0.0307702073871133,19.3749731606879,10.7965048696288,18.8833510589062,7.77921428366257,0.593004119109612,6.63328549724271,1154.1843867523,263.944730996844,1521.66975611844,464.5800266901,59.8008235358982,2772.51530187823,110581.999885728,14.7657089157997
0.0309159965298999,18.9976385331887,10.4544856413682,18.5246523581279,7.79342096119549,0.594141575956571,6.63048160892149,1154.49257984822,262.932269740274,1521.92684481781,465.429997642981,59.8364622263037,2772.75328617406,110557.493085289,14.771742552612
0.0310352934556754,18.5919548006355,10.239421717816,18.1408510241444,7.80028673994078,0.595346968044904,6.62789738298181,1153.47841686356,261.707735577259,1520.53914250861,465.727537204824,59.8093216737388,2769.96501206242,110699.734966786,14.7777674649083
0.0311520294312234,18.1834335733037,10.0488791527898,17.7320312111766,7.8005945306735,0.596679307595487,6.62553343205259,1151.57998969781,260.18278473713,1518.03040086635,465.625602630457,59.7389398082235,2764.99578911665,110863.658969989,14.7837826438878
0.0313132113924663,17.826472351976,9.70133898243179,17.2621913429999,7.79699865909994,0.598773305208217,6.62321907233503,1149.48160112178,258.169369940304,1515.30971151144,465.38685567907,59.6599727832874,2759.22874928149,111017.434998089,14.7897874273535
0.0315688089769271,17.5277633460468,9.18172486036312,16.718766765783,7.7825890889232,0.602069466787368,6.62115920304067,1146.49475086911,255.501791390018,1511.45930233754,464.713670621951,59.53592554666,2750.98169025254,111390.242535617,14.7957819393434
0.0319405734497451,17.2516004036737,8.60656402666912,16.1216015491487,7.74855000945068,0.606212834311343,6.61975881115872,1141.56123760347,252.191231560236,1505.0618753195,463.171865003008,59.311401826745,2737.87716440144,112010.259943575,14.8017656790731
0.0324150037963438,16.9874331613306,8.08326087739093,15.5140546634665,7.69262546731125,0.610368554960669,6.61923424059528,1134.55119727816,248.458468202331,1495.89863377894,460.692924308661,58.9772861278317,2719.73616094437,112831.445682744,14.8077378992308
0.0329504559667987,16.7606583769906,7.71345452899451,14.9708356798529,7.615894731086,0.613141043932727,6.61975365915899,1125.84162313828,244.694881231906,1484.35830274415,457.389914583128,58.5467577495628,2697.56607375764,113835.713928451,14.8136979306583
0.0335368345583864,16.5787891189947,7.50987673815621,14.5101148889164,7.51799353843991,0.613193619480883,6.62155506087672,1115.54079386358,241.104665966466,1470.53228180224,453.296320402144,58.0220135622922,2671.7058990854,115059.970694579,14.8196452456547
0.0342020072129202,16.4246063488125,7.41977500191862,14.0948333390484,7.39729074126733,0.610310771778409,6.62478422973699,1103.60650309545,237.786799451039,1454.3702186836,448.400827001644,57.40040354204,2642.14349144537,116501.082153213,14.825579204119
0.0349774237435483,16.2494183925417,7.3385116030894,13.6835324460891,7.25873374911111,0.605278665123872,6.62918759291453,1090.85005564138,234.833637416548,1437.01650035382,443.070404969231,56.7281674924386,2610.85360925831,117939.015022101,14.8314987110795
0.0358974853737427,15.9656522006774,7.10617754328729,13.2321750345234,7.11471152775347,0.599904146800385,6.63403219386523,1078.87471020128,231.915024430084,1420.81726406109,438.065742483818,56.1034565559797,2581.45840925064,119101.186242965,14.8374026921925
0.0369798397678861,15.5690623530858,6.71776069455181,12.7424023708316,6.97024219791924,0.595606936223429,6.63889277486967,1067.73478117357,228.716320209921,1405.92044869614,433.443185203064,55.5340990718832,2553.93751728299,120122.563955188,14.8432909594559
0.0382034216797284,15.1230915470537,6.27634852372791,12.2485862556462,6.82502512091486,0.592632490739672,6.64372722134659,1056.80266279057,225.335453237305,1391.39293117055,428.902746231655,54.9805726596962,2526.83386198398,121024.329636031,14.8491630616752
0.03948051291495,14.6769891381993,5.85474793240312,11.7559577426951,6.68676910137007,0.590865596319584,6.64819999186447,1047.01379674415,222.084606333621,1378.48246418021,424.815025919014,54.4902059614421,2502.4763659559,121576.007984865,14.8550180818466
0.0406664395906841,14.2674922804081,5.49629763239742,11.2381691632121,6.5710712006355,0.590040059655306,6.65165134126486,1040.362561885,219.270912334555,1369.98620409482,422.036022792296,54.1729885033611,2485.73341683958,121508.443933981,14.8608550488712
0.0416710669760824,13.9024242963927,5.20069164188257,10.6996336197456,6.48524443419136,0.589754912300426,6.65377694054792,1037.64734692572,217.008250424827,1366.96350086099,420.893297155882,54.0713695735171,2478.48199485109,120988.935263338,14.8666737269958
0.042461233609812,13.5717301717398,4.94929253179024,10.1685572817944,6.42879751761554,0.590284271975398,6.65451686608836,1038.72221868881,215.307959893938,1369.09759918572,421.287165917663,54.1737354541166,2480.26439443798,120083.96912437,14.8724736655579
0.0430544330767151,13.2788771582116,4.71975511047029,9.68395992446558,6.3950189322656,0.59175868051492,6.65410335753816,1042.56089428705,213.937067784631,1374.87076346607,422.747821998748,54.4209957808168,2488.42846505417,119112.901137727,14.8782548841231
0.0435746758353008,13.0358890463767,4.48570986145554,9.30078547508436,6.36464508766898,0.59414793626942,6.65333259764995,1046.40103256939,212.245330217996,1380.40322249716,424.075131468252,54.6606257420048,2496.04861890775,118615.847245228,14.8840179343474
0.0441060562209531,12.8300302612988,4.25359837505383,9.01734116658483,6.32331401346598,0.597604952352415,6.65280400602857,1048.27481376303,209.931966122577,1383.05168509428,424.445109028115,54.7875361957109,2498.44382798129,118551.630981683,14.8897622757909
0.0446685312163234,12.6358245986894,4.04152517255627,8.792379170497,6.26713599767437,0.601377231173092,6.6528256127781,1047.65098651965,207.206417651219,1382.19882379591,423.664383044358,54.7753073252487,2494.67447061374,118900.042049776,14.895487341189
0.0452484702069886,12.4436461114837,3.86615297375568,8.58199838360977,6.19920281867356,0.604692975606552,6.65341820272735,1045.03193004156,204.40665283561,1378.63930740241,421.985003381907,54.6539544600906,2486.26763500519,119420.153962926,14.9011921026842
0.045775123691605,12.2608148540631,3.74320181164996,8.33225684331471,6.13070641043509,0.606938533935107,6.65422543871935,1041.9524094181,201.582955982647,1374.69206375501,420.153846329047,54.5169051207252,2477.04171028033,119766.588963898,14.9068753622978
0.0462659445608281,12.0945908710437,3.65619445076814,8.03949480062624,6.06547752605827,0.607684262589832,6.65515843344005,1038.9417800868,198.590290687258,1371.13361860635,418.434887475278,54.3964205762674,2468.17479176195,120084.728720735,14.9125368777804
0.0467900676291654,11.9466609793003,3.58345085149691,7.73754150039062,5.99965542998443,0.607473177495099,6.65631504746893,1035.69750413463,195.405657930426,1367.41351383225,416.654897827998,54.2703737010227,2458.80102563768,120411.201213365,14.9181762060667
0.0474052730802151,11.7857565839277,3.50456349450258,7.43140601925477,5.93060452925224,0.606905040610736,6.65773122321989,1032.06236090185,192.150086095374,1363.21895012323,414.707831809307,54.1257256865245,2448.53496572876,120762.679026222,14.9237928626205
0.048163889107572,11.5435356336897,3.39674978707941,7.09410045987149,5.85890458688025,0.60673469697449,6.6592687399014,1028.30588651665,189.044699772768,1358.88049616191,412.681333249342,53.9753223515038,2438.10769403395,121058.570549824,14.9293861929764
0.0490271297700367,11.2200232936139,3.26869246766024,6.72467324639767,5.78891541558801,0.607348090572829,6.66066507298079,1025.16699112379,186.187086582416,1355.38615181048,410.86909242257,53.8585319255162,2429.25175009197,121182.068579755,14.934955488889
0.0499212074408126,10.8663765244878,3.13831520043232,6.34546905609166,5.72533987950289,0.608289605718328,6.66176634491188,1023.27846876621,183.553025152086,1353.58302558486,409.533596527387,53.8091382422674,2423.37754323561,121103.529156232,14.9405001978516
0.0507465569941423,10.5186308670533,3.02887849672164,6.01025198225029,5.67095588961269,0.608840168891799,6.66254663806444,1022.92383155107,181.050408630708,1353.84032872637,408.794252094017,53.8417464260831,2421.04727634757,120827.811287704,14.9460198246106
0.0513587949801595,10.1997245430094,2.96838095024831,5.81174476591877,5.62712906758602,0.60777358567122,6.66312958614085,1024.08674042425,178.49121929204,1356.11925665469,408.65517070266,53.9546711988882,2422.0734939977,120403.736777186,14.9515139465768
0.0517521152250555,9.90892068138581,2.94250635977302,5.75073685226817,5.59382149613399,0.604579124014253,6.66359698538031,1026.62000132071,175.866542572811,1360.22372359186,409.064326176135,54.1400155109994,2426.12342345131,119865.391145356,14.9569821168016
0.051982146540387,9.63341510164684,2.92671922092742,5.7603070453873,5.56996248635931,0.600234614151044,6.66383803329276,1030.3969379176,173.304669988057,1365.99848374863,409.958459498103,54.3915905210989,2433.01432247432,119236.576067637,14.9624238721913
0.0520234847855663,9.42211955554381,2.9425798146805,5.81916285834398,5.54652653134435,0.594694797609019,6.66426360606425,1033.77025849541,170.806063881474,1371.25270614446,410.673229043472,54.6218256124988,2439.05235154774,118961.182899114,14.9678395370515
0.0517751002274088,9.4042282258038,3.04846426156844,5.95742598435585,5.51190154974509,0.586531630117523,6.66566913901987,1034.49031857081,168.396179084562,1372.98460896673,410.341568562236,54.7106220895269,2439.22639816872,119223.733499403,14.9732289858147
0.0512728480620355,9.59324969591371,3.22855147750007,6.17873006341683,5.47124081810767,0.576238392951376,6.66780352565143,1033.43548826682,166.17010060832,1372.37077293025,409.351176215482,54.705409786161,2435.60594865117,119460.336365516,14.9785906903995
0.050626202081445,9.89843094701563,3.43491883121161,6.45462079898267,5.43378772435878,0.566238100970643,6.66985637978349,1032.39941565048,164.098995796758,1371.81094491609,408.40760226529,54.7028442343707,2432.195168591,119589.03287581,14.9839240067021
0.0494655864645891,10.2525681988286,3.91500135840683,6.89461685450413,5.3857208917859,0.552990438751734,6.6730464946416,1029.00939325383,164.396795072218,1367.65350105182,406.373436338009,54.5432057491684,2424.7450444691,120582.311518356,14.9892301356686
0.0474381562759864,10.6210051496554,5.27290012732459,7.7787987753659,5.30674011780275,0.527710410327936,6.67990383984571,1019.02456811234,168.575096480831,1353.96424109499,401.589719079402,53.9783511801354,2404.62244114544,122819.637472348,14.9945090076205
0.0455573001899828,11.0058377034225,7.61431532032077,9.11187434957717,5.20418336154907,0.497338489977038,6.68914696583668,1004.20534328011,173.095364092524,1333.88116395344,395.119692669106,53.1540234772167,2374.10292301637,124961.689395539,14.9997577984444
0.00686300053108747,11.4232560288685,11.6788419352474,10.6690171068017,5.12990776886194,0.413404634783997,6.70207440937494,988.528484121502,175.411523092976,1313.15948647205,387.877770736415,52.3145673577126,2340.23465743023,126778.174699847,15.0049757812134
1.0317950391619e-12,11.9673832490449,20.5872921694603,12.1210557142612,5.3316269761293,0.095113621757994,6.73154858803067,1091.27258399709,191.016762277208,1450.32264680695,425.311186666043,57.7709417033233,2580.39944128405,137480.878138825,15.0101541597843
1.01110519663987e-15,12.5929937800831,28.2708565506486,13.5300678857317,5.02317636284486,0.00213506861787091,6.75957023239285,1090.48934966973,195.47716837286,1448.82327756189,423.189002228606,57.6713705772396,2580.43217599704,138696.746644674,15.0153097440228
-5.04556023740662e-15,13.3414201058831,34.513533456599,14.6897955494417,4.64926893752278,4.78214747066928e-05,6.78046652040516,1078.44116395974,200.845296049421,1431.7676163871,417.761909272213,56.9350543951269,2556.07213157221,139678.307543952,15.0204334501308
-2.35970297275893e-15,14.1425490507549,40.1344523242325,15.662752765945,4.35164822120984,3.71291269430932e-05,6.79630543498778,1071.83104006111,208.237019287521,1421.68626577576,414.827123498159,56.4625645964301,2545.34737362367,140397.736997147,15.0255248273106
-2.08119297636845e-15,14.8887436936728,45.1724926352684,16.4567907186468,4.12405131052721,2.42656956830236e-05,6.80791629174085,1072.16370693687,216.588954914507,1420.63774431242,414.699227368237,56.3489139723338,2550.72587672999,139939.71849244,15.0305823482395
-2.25085546916104e-15,15.4535401166411,49.2332195294014,17.0166516525629,3.95729729031537,1.06925653784594e-05,6.81643252817133,1081.22579850788,224.910647336751,1430.98898460556,417.937099796548,56.7013945996351,2575.37798162057,137984.302050327,15.0356050903953
-2.37605752258765e-15,15.8596405139509,52.5002569548998,17.3883207423321,3.82961802490352,2.84547889635554e-06,6.8232556615276,1096.64589435688,233.100752000856,1449.61168179944,423.468778110964,57.3940719863393,2613.86325851857,135647.67960801,15.0405938196096
-2.42669176791996e-15,16.1925021248581,55.4166573066149,17.6534950180476,3.72229742749429,5.75997583303008e-07,6.82941345311061,1115.49003017633,241.51834687377,1472.66323745296,430.071963769034,58.2664960097249,2659.8970306331,133140.614841186,15.0455482807046
-2.46081635214968e-15,16.468597960409,58.2794076398211,17.8355765772715,3.63498347736404,1.20025717160454e-07,6.83497542038353,1137.7733066792,250.056852327483,1500.28812473941,437.840799524372,59.3219784713878,2713.60051880741,129969.880805042,15.0504670709353
-2.51243545375394e-15,16.6661940239083,61.3176761592372,17.9346380591846,3.57033909277818,2.46907554896388e-08,6.83982236813903,1164.06288802055,258.216669053765,1533.38758452074,447.157409658667,60.5970478695893,2776.10163162158,126170.813702221,15.055349274422
-2.58163813122731e-15,16.7959199941766,64.5783138263727,17.9752834970394,3.51726702262649,5.20162078829544e-09,6.84443810127773,1192.0818485679,265.743149151553,1568.89438760326,457.192135388681,61.9690617858638,2842.11987926048,122643.325804234,15.060195776955
-2.65905950402771e-15,16.8854395042294,67.9877367612522,17.9855608073386,3.46427481404277,1.13899699108079e-09,6.8492947291766,1218.78907464328,272.531259658499,1602.65599010077,466.750491352625,63.2721028976567,2904.67455113678,119519.661163795,15.065006534216
-2.73559002476694e-15,16.961919942833,71.4107455196668,17.9717482202553,3.40275958997079,2.58651930415943e-10,6.85470349859731,1241.4805599498,278.284865243099,1631.02706673089,474.766334668768,64.3615196897166,2957.44935064944,117203.735118078,15.0697826198351
-2.80241999809024e-15,17.0536421052478,74.6056716403165,17.9135293893867,3.32489632536243,6.01990399442868e-11,6.86091248735436,1257.38722444885,282.454228509009,1650.33170949297,480.160218556991,65.0924979143185,2993.85329103307,115879.642277594,15.0745249990937
-2.86009733999569e-15,17.1627491749941,77.4959781017564,17.802652606505,3.23450491061538,1.4060582598585e-11,6.8676687467004,1267.91773470956,285.125309603379,1662.48064264049,483.487413104412,65.5420511734033,3017.13774116283,114909.576324751,15.0792316888678
-2.91294933288849e-15,17.277540436922,80.1790341065635,17.6569575559396,3.13922934517084,3.24887121538617e-12,6.87459030225445,1275.99398751883,286.813685338445,1671.37710844156,485.88156041754,65.8650998686044,3034.22997910562,114141.657716131,15.0839018461419
-2.96118899452389e-15,17.4014982476147,82.716570953128,17.5138601694802,3.04130064579896,7.3606020582724e-13,6.8815452993211,1282.34692425391,287.79552429189,1678.04912490797,487.630989298215,66.1012935255587,3047.02349119841,113628.354251115,15.0885353365075
-3.00186145710685e-15,17.5531323868948,85.0916727333351,17.4303164755751,2.93938653563981,1.63522474771274e-13,6.88855244584654,1285.97719542434,288.055092030791,1681.32560580769,488.379203209204,66.2023519125406,3053.4404463867,113500.515101034,15.0931323371709
-3.03247397500022e-15,17.7328053279974,87.2375716969585,17.4146504918824,2.83272455611428,3.52837956316492e-14,6.89560776734859,1286.1144672524,287.507127131361,1680.23772659422,487.841591793522,66.129488981949,3051.75736420759,113736.623973295,15.0976923839867
0.00526156327368328,18.1109385349794,83.8403662057149,17.6037732464869,2.66744004567969,0.0145303263753409,6.9108244139659,1214.15949243099,275.768940857288,1584.07657271817,462.845909631518,62.291680682163,2883.57731676501,105081.866380269,15.1022276632051
0.00783517107233501,18.3230386857107,65.5711388314423,17.8264908234214,2.79944392804437,0.0655013916819316,6.92892069963279,1197.34525144664,271.913134921516,1561.79888582581,469.421172067717,61.4024478096643,2851.06746824761,106051.81293868,15.1067117765335
0.013151428821616,18.4462091246578,43.9382273087615,18.0460907409595,3.05210274701628,0.120383124823697,6.94279096014047,1188.59301768979,268.757765723631,1550.54699257203,481.82436295966,60.9653111715962,2839.00221316934,107145.850421951,15.111156476109
0.0208490126835739,18.5264449200352,30.8407124039291,18.0643480221714,3.28996362919094,0.209501030937369,6.93348029157343,1179.24871533311,265.328841700913,1538.57539923834,488.263673203835,60.5101626114475,2822.04217617646,107893.97094229,15.1155600818041
0.0231483225741763,18.6125655413199,24.691652569033,17.9996499178698,3.49136489744574,0.291653099307874,6.91378990606804,1171.08223723882,262.131360114612,1528.08282537331,491.233749083038,60.1183415422247,2805.45226128983,108184.555853902,15.1199220629115
0.0245032285411138,18.727422218546,21.6335520151399,17.9288451389978,3.65968070805367,0.360837343341766,6.89342427923703,1166.93059469331,259.662816097798,1522.85578103023,494.228266208208,59.9357145544883,2797.38459494935,107860.618095765,15.1242417346702
0.0252194101135141,18.8636801721229,20.081693104448,17.7915475763373,3.81896182177221,0.41634014398582,6.87435081951899,1167.8229415213,258.028265050951,1524.30527611901,498.221842098609,60.0178104534044,2800.60022604385,107081.053887674,15.1285191011751
0.025602135725017,19.004925324742,19.2931416792627,17.5694642087582,3.9805643266625,0.459390339907903,6.85668227774761,1172.02188287964,256.906696974755,1530.14994108521,502.771927034383,60.2749272475406,2811.14611503973,106258.34668961,15.1327548269747
0.0257904616706758,19.1414345155722,18.8167477675065,17.3075363081626,4.14514902326648,0.491972155241127,6.84041229203551,1177.49671365936,255.959636638175,1537.70640036002,507.306449593295,60.6010250365563,2824.38032318101,105468.729917658,15.1369487741231
0.0258516805137667,19.2912824204621,18.3849126385393,17.0789333954403,4.30959096473709,0.516222400819452,6.8255695652474,1182.80166226656,254.995795534392,1545.10190725827,511.420208254308,60.9210601742933,2837.07097158157,104862.799625526,15.141101045453
0.0258484954625836,19.508074274912,17.8300493371361,16.9961673464447,4.46821515225213,0.534402066631093,6.81216683094409,1186.55615232728,253.903031783249,1550.61557697731,514.636848822167,61.1647612439446,2846.19326384713,104548.474466931,15.1452116678643
0.0258158836933971,19.8059326106842,17.086705240782,17.0836090579219,4.62007751344566,0.548655606477678,6.80000925692211,1188.81337028333,252.721925422807,1554.34690369065,517.020546450066,61.33536804471,2851.94887791212,104334.317238858,15.1492797545872
0.025771667764364,20.1530201694107,16.1670237992331,17.273110079197,4.76784957586554,0.560362377227876,6.78879002753026,1190.32889659872,251.526341717537,1557.22833973834,518.909683516643,61.4707892615792,2856.04028253434,104185.640771352,15.1533048472977
0.0257350960543308,20.5092671560229,15.226690223185,17.5082155958908,4.9107868651085,0.570341587197753,6.77831424338274,1190.97090055758,250.231345380777,1559.02810519412,520.25210099935,61.5610782116732,2858.05502542868,104196.729090453,15.1572868854466
0.0256923437736192,20.8286073168197,14.6076618654732,17.7679257447184,5.04812266203002,0.57862232604502,6.76849694463987,1190.57444987496,248.713939739455,1559.50433064408,520.969940589173,61.5929095077994,2857.49939758649,104311.734880681,15.1612253618723
0.0256131544109547,21.1046022043207,14.4074536211012,18.0543814615287,5.1849567732819,0.584776625585954,6.75915282544066,1190.12618866855,247.127025633439,1559.94389323572,521.512914789916,61.6164720831712,2856.70653883863,104315.35035611,15.1651193075168
0.0254982562916614,21.3672341118385,14.4512789979368,18.3748000095876,5.32562752303926,0.58899789300982,6.75004076054578,1190.46686626569,245.698004745627,1561.44282880001,522.281156299833,61.6778447876909,2857.75037112504,104236.014458135,15.1689684751664
0.025386489595206,21.644669543384,14.4963136732492,18.7146203932881,5.46764201095479,0.592105061106769,6.74109008388434,1191.07127449995,244.568105815535,1563.26530787821,523.059690671156,61.7500531380688,2859.52456904555,104208.781108066,15.1727729369589
0.0253273963254353,21.9608316448086,14.2324675641633,19.0287992545146,5.60587304550972,0.595432001774834,6.73228033684669,1191.21935160539,244.06068701748,1564.35847450206,523.51395420824,61.7927084964441,2860.54273358917,104270.583840251,15.1765324858808
0.0253341731648977,22.3154020857291,13.6034882212415,19.2968097088031,5.73830636647126,0.59998246377065,6.72352314728996,1190.80801744601,244.257227710124,1564.56116064941,523.589515860465,61.7995379804559,2860.60467508285,104368.626997026,15.1802466570021
0.025387908531539,22.6883323584301,12.7990549486663,19.5328405426619,5.86608123248247,0.605608803790332,6.71475185372488,1190.08638379617,244.916555773691,1564.26911155787,523.418739047964,61.7854974419603,2860.16697109276,104474.204279327,15.1839150581284
0.0254604329867503,23.0446782899761,11.9845788025081,19.7562694597122,5.99259580463587,0.611874163136136,6.70583634462949,1189.6433586621,245.86086000815,1564.36094229938,523.298713055614,61.7849738270612,2860.5414736304,104493.024896654,15.1875371358345
0.0255245382372312,23.3282295313778,11.2441708310472,19.9881779391035,6.12260240639989,0.618451617607969,6.69657748403344,1190.10658196532,247.008045433202,1565.80491391614,523.554529462496,61.8362683546501,2863.24225778397,104360.819592903,15.1911124287585
0.0255710142737493,23.5254989610947,10.5996003373046,20.2329373918952,6.25676074190917,0.625078404609869,6.68693920037553,1191.41795527979,248.322128700655,1568.55337055912,524.166017407072,61.9375810260363,2868.14193373424,104185.668746147,15.1946409342161
0.025603747486865,23.6666991784092,10.0387246458593,20.4774598293192,6.39268319275392,0.631826871541817,6.67699663075077,1193.12018931283,249.790212783563,1571.92107203575,524.899957472201,62.0620302562159,2874.10422166065,103998.44270888,15.1981224559358
0.0256329252101134,23.7967321701613,9.52425555936955,20.6894553388829,6.5276304781325,0.638893005527248,6.66685142660875,1194.74660630046,251.289454323727,1575.18278137137,525.521774173219,62.1823815486391,2879.86619516256,103853.403998488,15.2015568584491
0.025680754574052,23.9785648120723,8.99182435987459,20.8078086470018,6.65821224283232,0.646693747560938,6.65660934954818,1195.8820250345,252.525854182167,1577.65350441957,525.823512126559,62.2749483499446,2884.13094914581,103790.167229672,15.2049439718987
0.0257569803761321,24.2275356157803,8.42364131138212,20.8151588861803,6.7835869604774,0.655732943148058,6.6462624132746,1196.58197209571,253.424402416955,1579.37410495981,525.82034558207,62.3425271256831,2886.932569941,103744.777740954,15.2082833584165
0.0258553752277366,24.5103509556172,7.8538013551823,20.7467973026904,6.90509443873087,0.665879784272783,6.63580009404567,1197.12288594812,254.153951195922,1580.78115560216,525.643536099166,62.4006571383821,2889.09228789285,103703.34844167,15.211574712104
0.0259576264769726,24.7814988330634,7.34465004751604,20.6380860414956,7.02441569380776,0.676558812099737,6.62525863357258,1197.72340948183,254.814451871018,1582.27190599326,525.412867761303,62.4625854673991,2891.2917268028,103637.967103074,15.2148177019437
0.0260229615184246,24.983074272088,6.98449000209809,20.5136006852187,7.14404780873021,0.686493335775517,6.61474749189608,1198.5509809497,255.351361455927,1584.21756937445,525.248903925322,62.5399861555822,2894.03368669818,103529.67046676,15.2180120264375
0.0260372283073644,25.1027999160716,6.77695886310371,20.381385524718,7.26465560395292,0.694379143575547,6.60446696717403,1199.51884348075,255.717087686754,1586.53886079842,525.146877027066,62.6290217575261,2897.13933960456,103424.528565447,15.2211575520579
0.0260216668561738,25.1733203878295,6.6590139828155,20.2371383602112,7.38447148811781,0.700385045444007,6.59450556087833,1200.42001793449,255.929860745968,1588.87995994171,525.011352851875,62.7172736943617,2900.07718379961,103334.804359546,15.2242540677416
0.0259981174532369,25.229530005453,6.54020447985664,20.0805429791253,7.50670731746717,0.70576668080612,6.58457352525517,1201.87417973727,256.081995312113,1591.99768263456,525.105564870394,62.8367013708415,2904.25229418899,103092.552334469,15.2273009255616
0.0259862129204129,25.3061940004798,6.31369942242498,19.9241033441298,7.63945051190298,0.712413061785611,6.57403938300514,1205.18210385755,256.322873867537,1597.59498804211,525.985729375478,63.0562651700215,2912.68770942575,102577.187757605,15.2302975827425
0.0259952242657793,25.4136867882927,5.98433574023869,19.7772231903558,7.78186160740925,0.72145027406542,6.56273200604387,1210.09604451438,256.625833394314,1605.34212651513,527.517681020201,63.3627551913588,2924.78706845898,102027.696288406,15.2332443789958
0.0260176340169857,25.5375951933917,5.62498382805781,19.637699641579,7.9277704319445,0.732733084688811,6.55092233681813,1215.47971533235,256.853947722177,1613.73878043183,529.195713802892,63.6958504298421,2937.88132706674,101507.566191021,15.236141266104
0.0260195438945096,25.6587556909054,5.25963850419305,19.4951598788457,8.08501587280508,0.746412575594985,6.53822262132847,1222.25391439435,257.1308108092,1624.01939286978,531.432724437552,64.105231345554,2954.16220803154,100694.064820525,15.2389871728131
0.0259497255284888,25.7613175310054,4.88465673286306,19.3397982378833,8.27413636206978,0.763083043037408,6.52355745468929,1232.94762538444,257.847373870587,1639.54682651226,535.33595920009,64.7262748580491,2979.64597981741,99353.197403946,15.2417810811616
0.0258011036528331,25.8468960981845,4.52342241278592,19.1750648755984,8.49658751624385,0.78246194870093,6.50680036797028,1247.12289618632,258.994382670998,1659.73778881914,540.688389201078,65.5357570279065,3013.31870068146,97961.6209442009,15.2445239004663
0.0256009260912822,25.9261469821491,4.19514383400983,19.0082827675855,8.73866073126249,0.804497970382388,6.48853322153063,1262.44254921181,260.235786495292,1681.49046902898,546.44342500324,66.4091884299656,3049.63124318015,96658.6238411119,15.2472158590554
0.0253729705157084,26.0019803813808,3.89430650200755,18.8214918951969,8.99018094193434,0.829535288946801,6.46915252301326,1277.38986728157,261.259642874079,1702.78103289906,551.919416186894,67.2659654729454,3084.90101973483,95515.1365910402,15.2498570753071
0.0251461042620915,26.0672195803578,3.60580274131712,18.5581741838108,9.24336314144173,0.85801424124636,6.44893818042696,1291.04995884058,261.742225741569,1722.35406416544,556.694779667818,68.0573989959037,3116.7675573948,94581.6974229902,15.2524476813471
0.0249338140303229,26.1174613195695,3.32503096478268,18.1942213035509,9.49608137519686,0.890449787649786,6.42790071489182,1303.42232114015,261.612978795064,1740.19291209651,560.749540564519,68.7835074758618,3145.15063247254,93763.5390277653,15.2549872408068
0.0247334250207944,26.1563444606245,3.05882150889651,17.7578886724237,9.75057271934783,0.92657277937757,6.40596609627176,1315.00041273651,261.049312431065,1756.97352705263,564.291918591999,69.4705721148371,3171.31297930425,93026.3265405031,15.2574754798849
0.0245634133597968,26.1957901406659,2.80801457663345,17.294979250795,10.0036265708202,0.965641514435462,6.38340044627546,1325.54484282164,260.159269993303,1772.38944130808,567.217043444232,70.1052658701539,3194.80405257093,92462.4088972822,15.2599127094451
0.0244836443818817,26.2579194199402,2.55571390393826,16.859462637523,10.2437055726251,1.00795711134611,6.36072907852497,1334.01291238057,258.898048886823,1785.04606764875,569.060650556635,70.6308763156673,3213.21792117115,92168.8906478644,15.2622993383693
0.0245180061203566,26.3517958353864,2.30244306255338,16.4721664153019,10.4651516071649,1.05481539505761,6.33805548680132,1340.2789416022,257.273548322373,1794.76894008394,569.755915320521,71.0401208189319,3226.26193574817,91999.8365477554,15.2646345758819
0.0246450131800549,26.4681556649191,2.0629756927469,16.1162827345496,10.6716421168821,1.10581206270829,6.31528780987567,1345.08683090519,255.378262544541,1802.54389692336,569.639090937214,71.3726109002324,3235.69204148623,91893.3790097484,15.2669179417238
0.0248389277691328,26.5890549070404,1.8401707094191,15.7649164802433,10.8771101585782,1.16049063643356,6.29183301964256,1350.18116988616,253.423582034972,1810.71947779579,569.489255221301,71.7226887571575,3245.65061447458,91590.4928387958,15.2691480450513
0.0250530695322468,26.690605006958,1.63400207069013,15.3907926490992,11.107302603714,1.21976347802355,6.26625457119144,1358.42512811558,251.762990077981,1823.18503113389,570.54909834571,72.2465166774775,3262.95206483742,90834.5349952102,15.2713233845056
0.0252480736585553,26.7665273635865,1.45366572102579,14.9878426723272,11.3680339729858,1.28271471922963,6.23835207343918,1369.97062772429,250.434152088613,1840.1616052324,572.880823331671,72.9530137090563,3287.98366529323,89991.6979483312,15.2734453556338
0.0254390500135574,26.8280233716969,1.29858872719073,14.5679764922725,11.644284729322,1.34813325090054,6.20907842796623,1382.54728114979,249.165165934127,1858.57281919729,575.513516226242,73.7189406458058,3315.36432314395,89211.2584605587,15.2755146349676
0.025673827010331,26.8854340375435,1.1660083505311,14.1378349363012,11.91509434243,1.41563093390522,6.1796141420018,1392.18441152809,247.395381586322,1873.04403587025,576.786421990301,74.3294922253974,3335.64758677377,88706.0405949467,15.277532487922
0.0260873083308094,26.9419981447295,1.05192007150245,13.6877552888215,12.1489943690077,1.48719556564691,6.15140919258961,1391.46377761598,244.004343192153,1873.5503357112,573.656678006002,74.3841328952316,3331.18192227635,88704.2288602686,15.2795004321557
0.0266205420293917,26.9936765900516,0.948302762826143,13.2061679134772,12.3387603981372,1.56223737135309,6.12497477488369,1385.28227045051,239.799894372658,1866.69476034265,568.148231617064,74.1450103497209,3313.66465850051,88901.379946815,15.2814165241096
0.0272098426805469,27.0365215279455,0.854099099249556,12.695331686108,12.5027462027959,1.63744040708767,6.09980693057527,1378.56538889425,235.505177467615,1859.12901899708,562.304915107865,73.8772697052708,3294.80966890613,89137.0115320323,15.2832795281183
0.0278257457257134,27.0703986968921,0.769053520614965,12.1691371904689,12.6660143524615,1.71039178542635,6.07490683108745,1374.52490973009,231.566673635044,1855.20214382319,557.462652499546,73.7546547022155,3282.24959816048,89178.5103764373,15.2850880770189
0.0284276494709213,27.0988023948059,0.693742839497129,11.6487067153669,12.8583980772533,1.78152292684916,6.0485890571518,1375.67388996518,228.318562308027,1858.34380915347,554.653802164952,73.9143686890582,3281.96270012312,88793.9402913459,15.2868409286816
0.0289907297740447,27.1267065610427,0.63077621336492,11.1471386104821,13.0869398448014,1.84996420122315,6.0205749046943,1381.2845474687,225.669407841858,1867.58282525509,553.575467032131,74.3176924066474,3292.24003272921,88275.4133781464,15.288539421468
0.0295824247211881,27.1559496414967,0.578488933896917,10.6619432657648,13.3345366952579,1.91597038120462,5.99178107583677,1386.92222497568,223.004766015196,1876.89922268629,552.437901858331,74.7242684739452,3302.5633566147,87764.9015590304,15.290184261281
0.0302045088039424,27.1883745534416,0.535638586606427,10.1857572003575,13.5834500343294,1.97992554342811,5.96315303647179,1390.87444293306,220.119587920728,1883.95351875284,550.547864469483,75.0405110215428,3308.87979059835,87367.7681868031,15.2917760182722
0.0308403488215781,27.2314869826131,0.502484436388738,9.71405001289705,13.8189643997528,2.03995851843194,5.93580966862529,1392.23572492023,216.929396759349,1887.49805841725,547.557060768845,75.2162375425109,3309.06506308435,87183.5084739058,15.2933152728461
0.0314909014699765,27.2893275706139,0.476347575156671,9.24541768383023,14.0383878010026,2.09468041848542,5.91013101028557,1391.52347821522,213.518395296863,1888.22601660397,543.690457850613,75.2789022016782,3304.35664034578,87093.5163576339,15.2948013086921
0.0321518836188942,27.3583255276753,0.455162051415035,8.78060711476175,14.2493661005274,2.14386328699053,5.88572118498204,1390.1363039169,210.06313102949,1888.03928494195,539.508698551754,75.3043785439526,3298.0595954268,87031.8789960174,15.296233630806
0.0328240360363294,27.4330119293371,0.438046836578252,8.32626491566162,14.4608721779151,2.1874879095758,5.86207183198271,1389.17759952371,206.684510713378,1888.43826942421,535.448476321729,75.3526450624815,3292.76429320705,86934.2892050956,15.2976118062007
0.0335030231892489,27.508756572534,0.425138057497588,7.89959320482728,14.6822834759606,2.22574858832725,5.83862864570676,1389.41200719011,203.429748551425,1890.45393043398,531.812816072741,75.4652735423762,3290.23069802622,86735.8166035921,15.2989354380228
0.034209018531657,27.5841740305152,0.415700753139373,7.51193933003074,14.9153764249532,2.2584206396083,5.81533456529928,1390.67412493423,200.255236488655,1893.85299412946,528.54148937634,75.6330036467108,3290.04674809357,86506.100940255,15.3002048461861
0.0349794583245836,27.660470691172,0.408585770274138,7.15981635093691,15.154190770406,2.28528108112978,5.79257664853289,1392.18584426927,197.087753170251,1897.5763925943,525.335860502457,75.8130241010047,3290.39900435858,86283.6654989121,15.3014202184058
0.035765493807569,27.7425313055719,0.411621091082042,6.84530839563021,15.3773698235127,2.30152604181591,5.77235895740615,1391.8746377092,193.745122794305,1898.80151138924,521.445002005419,75.8911574368599,3286.49197049894,86372.3830130939,15.3025830532941
0.0364159064862452,27.8392554031225,0.443536888373829,6.59413971027054,15.5403135950216,2.29279383548167,5.75960580730005,1385.72232167692,189.859893884804,1892.05096421006,515.496925950998,75.6458103845449,3269.06326484044,87196.45119079,15.303694962092
0.036983526779089,27.9504612508065,0.500877701756605,6.42195870025871,15.6295019032869,2.25119042507896,5.75649644352091,1373.3795188204,185.424471094624,1876.85072350435,507.507083023661,75.0568419007974,3237.4079486166,88342.8098611683,15.3047531800222
0.0374881028618297,28.0681177442638,0.575198258951632,6.31711964890831,15.6704168778061,2.18157998223634,5.76083501268862,1358.82541549585,180.867632416312,1858.62850397805,498.968184545826,74.342229670574,3200.8294678243,89547.1972237343,15.3057563267442
0.0374794707109508,28.1768630079996,0.701075447845107,6.35395860565674,15.6866659962677,2.08181298605137,5.77163891627585,1345.49949200898,176.692321353755,1842.02092769779,491.197543246566,73.6888312614802,3167.43380745358,90844.6881077923,15.3067045339471
0.0360562101562458,28.237966435571,0.99635578627431,6.81912210901162,15.6986206109284,1.92698075203482,5.7919228010542,1334.66662048291,173.431365818811,1828.57822264613,484.97249961583,73.1605651492735,3140.49433716562,92350.2285733175,15.3075980673867
0.0337422225633181,28.2261000915307,1.53927539970388,7.88793880429093,15.7171297167743,1.70740403322372,5.82290482074852,1323.88387290893,171.008904777195,1814.83747147976,479.640045366092,72.6205033354852,3114.47735023587,93926.7192509868,15.3084366785165
0.000663567916379835,28.1540815806127,2.93937326305141,9.46712254825651,15.8327598972038,1.30910175995598,5.87310211046215,1311.43897351725,169.073404465508,1798.46136320701,474.120143959706,71.9708385802751,3084.98682110209,95498.9186583536,15.3092203806475
2.21657117904014e-10,27.9832095460741,6.55797151015444,11.4034070837011,16.2970759457569,0.393727811488389,5.97419994581559,1342.7921633814,172.044181738801,1841.68450795001,484.049801687689,73.6751844353428,3157.27880667518,106557.780779494,15.3099468266019
1.27684462902866e-12,27.8728997151521,16.3126784550763,13.4149042683305,15.8908100840258,0.0448935026401467,6.04233866671034,1320.44444182297,171.616442729722,1810.40154851361,471.729327238821,72.3641041510988,3103.34673190615,108934.287293623,15.3106221053166
2.16938316182933e-15,27.7895057125996,25.9830047541893,15.3972531592369,15.1043422092268,0.0138318347559403,6.09209828078724,1304.08784491545,174.655087480245,1786.50971532443,462.813124443469,71.3312014862329,3065.48025407856,111393.575341428,15.3112426040746
2.63563426168261e-18,27.7090873097905,33.4277969742035,17.3241581280147,14.3461536655482,0.0122357643103545,6.13956808053532,1284.47244517379,179.111653404849,1757.57128168053,455.035146369471,70.0904259449267,3022.16806308058,113732.665213828,15.3118083632617
8.41901831118692e-23,27.646085065352,39.7773210909663,19.0660477567688,13.6989177930302,0.00990482474885181,6.18034617175518,1266.76018423972,184.374670733309,1731.00053170523,448.567854804821,68.9497120975142,2983.90455134426,115282.649616209,15.3123193221131
1.6492220470904e-25,27.6650439535665,45.1023856150926,20.424700546565,13.192240671571,0.00673710243852057,6.21198159042425,1258.06725222839,190.078808316543,1716.86711304581,445.268457254245,68.3172520578338,2966.33530658247,115585.153253922,15.3127756086574
-2.16670781775418e-26,27.7813473174043,49.4922650024349,21.4198619867634,12.7889880640723,0.0036807797249403,6.23707526464341,1257.22408004505,196.087021519376,1713.57903906946,444.628758708537,68.1263121294661,2966.67648340401,115480.730539903,15.3131777117209
-3.74169612640296e-26,27.9563125914053,53.2771616978803,22.2036395412354,12.4358103117494,0.00157554221378832,6.25920261729635,1259.73193507808,202.518750054507,1714.81672707199,445.047218862836,68.1185818478038,2974.73853822433,115196.575440077,15.3135258009439
-2.94947558157568e-26,28.1485151368434,56.6999233626211,22.834087805161,12.1212331846944,0.000473969371753829,6.27912404781621,1264.44038786229,209.224969503903,1718.9916945701,446.100335444747,68.2294986744423,2987.79908432564,114552.433080374,15.3138199171846
-2.09608752937599e-26,28.3176496141308,59.908641479812,23.3077021564781,11.8539590740224,5.83396037637547e-05,6.29635254730165,1272.53053101884,215.708159261926,1727.83761381034,448.252539239216,68.5316064451238,3008.28188584147,113443.894174489,15.3140601419502
-1.61885876511269e-26,28.4570234121157,62.9600773593893,23.6490066435789,11.6246113850581,5.3066363800987e-06,6.31160828502255,1283.39325204295,221.779624884833,1740.54157067259,451.292577583904,68.9927996512483,3034.69832302267,112215.791533095,15.3142466540483
-1.39622180478806e-26,28.5851074731332,65.9063113939714,23.8964806870866,11.415021601743,8.92132417548262e-07,6.32599714260907,1295.39078189068,227.588681690293,1754.81874764175,454.639157834582,69.518283268121,3063.43277828823,110983.494162463,15.3143795714829
-1.27046002114523e-26,28.710072262886,68.8315551724852,24.0651399158699,11.2263271468713,1.77293129981443e-07,6.33936093628456,1308.87269467936,233.248091232111,1771.17196354774,458.516788291052,70.1263734817204,3095.43746035288,109510.511133538,15.314458972722
-1.16536770409405e-26,28.8269754503619,71.8909929097509,24.167273736499,11.0726201629764,3.77811296595121e-08,6.35080072784507,1325.59194609546,238.830195981758,1792.06930559098,463.625683886426,70.9157766780897,3134.82082468026,107637.334400479,15.3144849982861
-1.0618130368681e-26,28.9343289873035,75.1781278381086,24.2345752759375,10.9461668566986,8.7054839646463e-09,6.36073696249249,1344.69403865928,244.280599316548,1816.33028659709,469.657221550428,71.8395136459806,3179.60689488075,105794.713682342,15.3144578425084
-9.61685806973874e-27,29.035761713586,78.6613141632773,24.2924536370844,10.8285007649458,2.21097577797864e-09,6.37022583869748,1363.88447629201,249.438319499553,1840.76306555883,475.758890219736,72.7704318536199,3224.44354390055,104112.468120229,15.3143776458918
-8.68700299807053e-27,29.1413736962197,82.2150816276195,24.3509719060793,10.6968631202585,6.31816650596521e-10,6.3805620295086,1380.27190168211,254.06653885713,1861.35380745898,480.868734981055,73.5489494635299,3262.57644201922,102963.308917842,15.3142444394754
-7.82854789717325e-27,29.2709174272769,85.5729156997461,24.3962556985853,10.520750860226,2.08026305657702e-10,6.39346852420565,1389.98687017048,257.752450644436,1872.74774705483,483.59045416905,73.9629968672587,3284.92610504699,102686.841091841,15.3140580552203
-7.04299701924468e-27,29.4291567297182,88.5545055198245,24.3963211434575,10.302798034565,7.83471876212969e-11,6.40873646129884,1390.61418358185,259.8936553132,1871.7178178069,483.098934637044,73.8867182952584,3285.70484997536,102726.309109306,15.3138185745565
0.00384186339988011,29.6992076894792,87.2936317345118,24.8629680046615,9.84162688841397,0.0127979634567911,6.44612381514237,1340.38928450265,257.306939665204,1801.20449742996,468.145192910657,71.0483091594412,3170.84026739474,93635.385472481,15.3135248368265
0.00524693900581866,29.9097660929189,68.1027970957206,25.0766188000572,9.85625938722931,0.0547256586291505,6.47969955816589,1335.40384763393,258.066052674332,1793.40139727805,481.424119256016,70.7360896653721,3168.29836445775,93462.4175501947,15.3131796007644
0.0132012551034726,30.059670954338,44.7442366790036,25.1252084691743,10.1269321278993,0.115520196307531,6.49959376998842,1344.55383801166,259.35846234883,1805.67450877155,503.598795285521,71.2407838411832,3200.97199298692,92631.0466031327,15.3127822841166
0.0159454258682614,30.1549537368457,31.1201385027141,24.8463596603668,10.5016453227497,0.210696787237691,6.48626453469446,1359.38232994245,260.973932741146,1826.18328290606,521.408778239618,72.0852908134983,3243.27484421764,91683.1302473866,15.3123328563186
0.0166333334487822,30.2203506810569,23.9005257878299,24.4797506721966,10.8719559333221,0.304023624857991,6.4608397444676,1371.95026761847,262.234153401771,1843.75914851128,534.023618403407,72.8181279386292,3277.74723075406,90820.7925617169,15.3118313264696
0.0169647282018821,30.2767319505375,19.7652967514039,24.1162326221318,11.1796661682234,0.393201900054708,6.43431598253928,1378.45272790732,262.795088478298,1853.04527640941,541.633462148146,73.2227084882484,3296.35609617004,90442.4103893719,15.3112772725915
0.0171998472668015,30.3362833203559,17.1570120083903,23.7275126422935,11.3914570333261,0.478051240063414,6.4109659505809,1375.85878958252,262.33967157718,1849.79246425854,543.822196291819,73.129568401567,3292.34856562019,90981.297038116,15.3106699505481
0.0174420818195775,30.3941545504659,15.2673122861012,23.2797780198229,11.5152604664879,0.557440754073948,6.39150994388049,1365.9836159694,260.885716267198,1836.48028875178,541.838235412283,72.6383467376586,3270.17913971531,91858.6331635229,15.3100101602439
0.0176840471706899,30.439804435747,13.6931300321013,22.7841886358815,11.591299716382,0.628104204120084,6.37494982310801,1354.27556661059,258.919626043033,1820.61711448527,538.378287649937,72.0477784170427,3242.97106934204,92786.4758491697,15.3092985253939
0.0179168068834506,30.4578220316995,12.3231926936909,22.2895696565822,11.6551093901965,0.687001528072703,6.3603424793787,1345.1650576236,257.024509254944,1808.32945516955,535.586560515416,71.59955654177,3221.52475031567,93525.0396968086,15.3085355730109
0.0181038411136753,30.4152610723079,11.2525663301226,21.8727541083319,11.7358479392514,0.731872293913497,6.34688282810064,1342.34691613022,255.828778285503,1804.76482660851,535.114589560233,71.4947829223105,3214.9057167141,93873.0049139596,15.3077217744438
0.0182719643176123,30.2999215694463,10.5091363848121,21.5694621364047,11.8372131927344,0.762746517122497,6.3345873471658,1342.86811611034,255.010989040384,1805.95313413326,535.817965134262,71.5736989978625,3216.23980360448,94093.0635472161,15.30685699339
0.0184776057193713,30.130217773488,9.96685952596159,21.3551638496297,11.9423400690174,0.784793646571497,6.32364638008989,1341.82303554553,253.909300930582,1805.16359084402,535.731781012988,71.5696547523414,3213.85026458879,94290.5913652162,15.3059412723828
0.0187028081576726,29.9298908385556,9.53515778693145,21.2300452871939,12.0426111682267,0.801776691066313,6.31397571797639,1339.26439532195,252.603753259123,1802.36011087142,534.8964204857,71.4832571630883,3207.82902558792,94466.2491579883,15.3049748067815
0.0188994408402899,29.7212727612775,9.28237555223211,21.2752441196691,12.140102200488,0.81442593503915,6.30538129280792,1336.37966183118,251.411958588109,1799.02312506952,533.795095978291,71.3754020229485,3200.98760147031,94605.6201998975,15.3039578267076
0.0190426255963592,29.5136580152094,9.23522338771515,21.5311797765753,12.2396580901633,0.822165619812577,6.29771818258619,1333.86633491648,250.500378882046,1796.0485887618,532.724117974033,71.2824886157392,3194.99419794895,94718.7115236665,15.302890531224
0.0191431289693321,29.3031319097055,9.31560269812227,21.9483293804992,12.343660290592,0.825868406234914,6.29071754236175,1331.84542999767,249.813822043992,1793.65385871614,531.771732160321,71.2126660546766,3190.15482170445,94804.3781171446,15.3017731403859
0.0192545352027767,29.1062732938216,9.43607612224381,22.4221347142022,12.4267703780223,0.82657404865981,6.285398493484,1327.7439630494,249.05736040995,1788.40448136358,529.914074921703,71.0266533677096,3180.47521970146,95378.8981147176,15.300604969472
0.0194899115513871,28.9938232770807,9.43607083181258,22.7586500826375,12.4293352273961,0.825958316201813,6.28436695513812,1316.08664029547,247.685837516356,1772.93627284822,524.910822461569,70.4266154215335,3153.17315343637,96978.0971488526,15.2993853772034
0.0198977802074888,29.0123788471273,9.17267603807068,22.8353058038886,12.3423438773863,0.827373339314983,6.28754435259104,1296.97259052566,245.634643035795,1747.45967886398,516.799875456017,69.4203111690016,3108.49456543472,98833.9532667517,15.298116055214
0.0204456513170657,29.1353427446057,8.69824360066754,22.7092318481983,12.206498327287,0.830409268049912,6.29294053470601,1274.98857579369,243.333710995164,1718.1982237719,507.458449113139,68.258306600327,3057.17781365296,100645.230224155,15.2967977492659
0.0210826882380129,29.3106861287065,8.1672146677297,22.4911562315168,12.0639607351323,0.83282524411121,6.29873750780017,1254.75721697521,241.330630950216,1691.36230624516,498.751507665173,67.1905767847,3010.05646656919,102053.140239213,15.2954310824378
0.0217392188429528,29.4903954965113,7.70781374486412,22.2605343201306,11.9526395030751,0.832768221802437,6.30326383069262,1240.13018103734,240.131082149511,1672.10274389395,492.259788628651,66.4245712917422,2976.18801030155,102797.303565397,15.2940165015494
0.0223863042201259,29.6621938974756,7.39977944021922,22.0393596414029,11.8717718963721,0.828852822289246,6.3067046114628,1230.16868391429,239.68451116858,1659.10196696042,487.646091544171,65.9076047728384,2953.39002063592,103352.692214955,15.2925536612963
0.0230290406994955,29.8428272191028,7.2399499732737,21.8055727105322,11.7991871202102,0.821978032290706,6.31003575887143,1221.81182238075,239.628834349582,1648.21700493393,483.692153526426,65.473455524537,2934.47101596406,103850.347226778,15.2910426487061
0.0236370469519931,30.0407120178825,7.1726501867127,21.5453013619098,11.734231216776,0.814028039799455,6.31306619303826,1214.75760938607,239.883413327538,1639.04442395834,480.277670853186,65.1074708288099,2918.6941870978,104114.310289954,15.2894839277354
0.0241496841737054,30.2473616128536,7.166864232587,21.2771102438811,11.6938884113236,0.806070448758137,6.31485119464211,1210.50871308965,240.611013158343,1633.57594279017,478.010641722787,64.8927976451162,2909.54814120365,104003.680259796,15.2878779524626
0.0245442357145374,30.456212816082,7.20214678407,21.0124681066255,11.6824916255852,0.798155761016479,6.31520665280974,1209.16564047865,241.818296108299,1631.93171561281,476.937625816247,64.8352345263691,2907.25497802422,103743.21892903,15.286224761131
0.0248381535027604,30.6674291010959,7.24179614333857,20.7413770615391,11.6929615828923,0.791007302789452,6.31440978417762,1209.78911763655,243.348439819501,1632.87923100548,476.683140624454,64.8840250144176,2909.60779995738,103394.07786212,15.2845245690033
0.0250419606646935,30.876736059421,7.2155905067764,20.4643009573346,11.7303613723211,0.786105224400989,6.31200826768504,1212.70030101099,245.150722813739,1636.94588004536,477.381965314419,65.058967400991,2917.38445987752,102771.126132179,15.2827779399623
0.0251544913633086,31.0744317262324,7.05035332665489,20.207187677274,11.8095182168526,0.784987400631803,6.30701634591187,1219.11570458546,247.297197818291,1645.92065866454,479.52698907545,65.4301727008538,2933.52643845648,101760.388324906,15.2809854327815
0.0251857427271343,31.2573117575173,6.7679108879003,19.9826239218646,11.9273164521906,0.788058768095938,6.29947700743767,1228.43431266927,249.723426330851,1659.01355219726,482.857247584403,65.9653983058778,2956.63508028952,100681.693274663,15.279146973062
0.0251519437457546,31.4280004985779,6.43626359898718,19.780250937909,12.0689089859709,0.795058409857645,6.29013405831132,1238.99704203486,252.25745604674,1673.89584518397,486.680641542541,66.5721571994124,2982.73452279652,99641.7554762185,15.2772627019263
0.0250651348349596,31.5849818715274,6.06142314828512,19.5878379456907,12.2317942870914,0.806236515693846,6.27904314350495,1250.48620747995,254.795122670917,1690.08540474966,490.847079616798,67.2323741310523,3010.96649593416,98528.6836548941,15.2753331644134
0.0249472934715893,31.7221697508513,5.60010816522689,19.3980032580121,12.4239100747138,0.822865952669496,6.26555611492432,1263.69556271214,257.285332093238,1708.64866421159,495.637850478783,67.9897670562278,3043.05970042044,97250.6582803538,15.2733589903977
0.0248180402998576,31.8391573175442,5.08311120674882,19.2109428839024,12.6418167496664,0.845901336502964,6.24962181130404,1278.29458213602,259.668357373333,1729.13369783977,500.874629093529,68.8262031610541,3078.18975027477,96018.4218320557,15.2713401278604
0.0246818313739406,31.9407806661228,4.58055320625488,19.0307600344043,12.8739452305577,0.874928832023705,6.23184207182446,1293.12088005954,261.893844297241,1749.96114875869,506.072058287069,69.6778915903488,3113.67141359635,94897.2118589776,15.2692767054452
0.0245389397400434,32.0287139550605,4.13444520305167,18.8535268455344,13.1080868152475,0.908723667185183,6.21300635479609,1306.99471931178,263.858035163519,1769.51927296967,510.761134881824,70.4806571571223,3146.74671957005,93993.7245958222,15.2671686118035
0.0244023203298918,32.0977172326967,3.75469923963089,18.6601069497323,13.3293719867834,0.945781753246139,6.19410351913423,1318.60860719162,265.333315810669,1786.00196592752,514.438153358334,71.1642178990566,3174.26725901216,93399.288123123,15.2650156220798
0.024286625959196,32.1442965485555,3.42437991112556,18.4397780145546,13.5342180055475,0.985492787374826,6.17543273473454,1327.9153727616,266.252835811432,1799.33671975278,517.096237099761,71.7268578061002,3196.07649410644,92949.9049674993,15.2628184585814
0.0241949676242021,32.1720933477046,3.12998324135801,18.2008466875629,13.7286990683655,1.02758067518615,6.15674367163512,1335.80251042789,266.75938905486,1810.74599658156,519.08513334691,72.2165837000514,3214.30464319733,92579.0725306149,15.2605776573163
0.024134422738769,32.1886681148284,2.86071282891123,17.9513107351808,13.9200565524354,1.07180035024879,6.13772059141659,1343.16968883209,267.015072427837,1821.46607049197,520.756437217643,72.6813465336178,3231.11899329061,92202.9681063267,15.2582938973995
0.0241168537933523,32.2043365460514,2.60473844325125,17.686529599916,14.116511453862,1.11872203726604,6.11786688994565,1350.93865498997,267.144131350728,1832.75369684178,522.460369305634,73.1700963595503,3248.69356644491,91744.5238841292,15.2559679254411
0.0241391494404496,32.2250539050124,2.36839275182853,17.4040650800876,14.3178569026504,1.16843432632911,6.09718374099946,1359.12287694176,267.170747098897,1844.6190111256,524.194049190643,73.6824965992756,3267.06366335748,91305.7800975319,15.2535996648558
0.024197818453209,32.2495487996062,2.15775583396395,17.1093749359534,14.517542524254,1.22009998925249,6.07615966076272,1367.03441984288,267.042856688166,1856.11621903556,525.702597463908,74.1807612855504,3284.63287770679,90925.7345507377,15.2511892263882
0.0243064635417577,32.2618047811539,1.96566726296724,16.8047941942318,14.709209816276,1.27351438445003,6.05518050446967,1374.08474600519,266.664545063331,1866.45882666713,526.773159409349,74.6338013926646,3300.02166921167,90633.5215229286,15.2487367400477
0.0245066105124016,32.2196401209837,1.77584570742116,16.4837308332676,14.8858011387785,1.33010274305909,6.03440043775708,1379.79693964716,265.85500481375,1875.05626542984,527.222896313363,75.0182850308986,3312.072553951,90454.2937019997,15.2462423343151
0.0248028212036249,32.1007184050953,1.59012549331183,16.1405029960031,15.0449400832242,1.39157058565938,6.01367575050755,1384.17538853113,264.542352572544,1881.94841375508,527.040951627937,75.3359269308048,3320.76601591458,90337.0245744758,15.2437066107894
0.0252100831045044,31.9217900176569,1.41802619483224,15.7773777192027,15.1895749829897,1.45817329107175,5.99282861219431,1385.45612646752,262.459658954509,1884.70161656247,525.571916824305,75.4886299258743,3321.89876026139,90254.4678048867,15.241130094387
0.0257293765103744,31.7102834321372,1.26382044254915,15.3975968529725,15.3225399206817,1.53062854163484,5.97163796844621,1383.3072207631,259.616119451131,1882.80374081791,522.698778120096,75.455523165626,3314.67714202036,90178.7673013246,15.2385133351944
0.0262876858344697,31.4910475823889,1.12813061353309,15.0009416259628,15.4505494356755,1.60596735246042,5.95016819391046,1381.49950652542,256.668193102609,1881.31831627199,519.829512222321,75.4407645145937,3308.02477673737,90083.683783583,15.2358568966609
0.0268606519921882,31.2747727933213,1.0111470988143,14.5878681235279,15.5776600392669,1.68093722132352,5.92866536930025,1381.10193248072,253.800607302924,1881.66306075761,517.365865725415,75.5017822507502,3304.45548257775,89990.5239427967,15.2331610349501
0.0274557875684522,31.0579150531645,0.911201942567771,14.1615431223008,15.7038712771662,1.75377329628497,5.9073932957165,1381.50767012337,250.932057933013,1883.03290678774,515.093711397174,75.605807467738,3302.56783224901,89907.92422561,15.2304260711352
0.0280776055371982,30.8419944237587,0.825834789561101,13.7211627850412,15.8314610790815,1.82454289209825,5.88623611442366,1382.12944627496,247.968466491881,1884.67536724405,512.811083249318,75.722077963336,3301.02209211489,89783.2388546045,15.2276527760848
0.0286917457469342,30.6469210792525,0.754277387893114,13.2577543940773,15.9685339959906,1.89349042502533,5.8647328826625,1383.53485770942,244.985588139961,1887.42440218191,510.748391362601,75.8839443210892,3301.22241028527,89555.5959179822,15.224842057134
0.0292867301993678,30.4847548546514,0.694753795837676,12.7678244775865,16.1177272877371,1.96023913126722,5.84280347430391,1385.47896742737,241.956750484098,1890.96559558423,508.826605507265,76.078584353584,3302.62204978899,89300.6718357528,15.2219938343006
0.0298742501135871,30.3479167679596,0.644413369047142,12.257617398709,16.2743537537965,2.02476125657755,5.82071302559775,1387.35568714966,238.820860562612,1894.44929188627,506.816760204605,76.2716740151739,3303.78476133107,89054.4300121292,15.2191082227113
0.0304590935137361,30.2261263084334,0.600746604934783,11.7368253834723,16.438362817537,2.08786642001363,5.79834720605499,1389.19271361783,235.604361003433,1897.90212574521,504.722335160538,76.4642704954672,3304.77824920054,88764.362625954,15.2161860745311
0.0310264830624724,30.1136482396369,0.562752812899653,11.2188581986695,16.6177204591368,2.15067813009445,5.7751000502468,1391.63222392099,232.432784225382,1902.22524827307,502.779823555911,76.6926009055005,3307.16687232062,88362.3431994796,15.2132285281554
0.0315726772148163,30.0079040605598,0.530167900422531,10.7118229505017,16.8147887948417,2.21318065775507,5.75083809103871,1394.6664847428,229.337328702669,1907.41869438998,500.988612402681,76.9564600204823,3310.96768401377,87933.2786964461,15.2102354077945
0.032117909136898,29.9084675768835,0.502098473212673,10.2141992962273,17.0238587788038,2.27481379783093,5.72596026869931,1397.68051963761,226.239297305558,1912.62325343837,499.12415368112,77.2210361855641,3314.71816588778,87519.6533504711,15.2072067297849
0.0326897021761357,29.8244192298347,0.478862504137679,9.7218699789788,17.2269655268182,2.33341334567714,5.70179340852131,1399.31179086259,222.972903102226,1915.9328196337,496.693771809647,77.4087040504573,3315.18465081937,87322.4743010911,15.2041406110324
0.0333496444184548,29.7884149912614,0.460202994676258,9.23074808696114,17.387896851247,2.38421725600336,5.68109360895321,1397.22947977347,219.276807298409,1914.08911025517,492.866020752242,77.3860148306205,3306.86053992278,87593.6543661743,15.2010342547428
0.0341476813296214,29.8277853980332,0.443261250693544,8.73815919729516,17.4949092191927,2.42563868345752,5.66479918447306,1391.44248938109,215.161964404874,1907.08426004338,487.661072257135,77.1514690626671,3289.76438579147,88054.1437253754,15.1978911637545
0.0350533440518099,29.9377163360466,0.427192445353558,8.24631855487254,17.5674442797784,2.45865757506849,5.65169228593614,1384.67603967818,210.973911416017,1898.68606824456,482.062924589043,76.8576757729895,3270.33078617678,88544.5138629619,15.1947138255463
0.0360080885746722,30.08302145829,0.413559941975848,7.76348343020114,17.6347706691091,2.48408260897442,5.64001769460034,1379.59473522818,207.052933764933,1892.58631886161,477.034843981494,76.655176676117,3254.8619738156,88862.7930857167,15.1915047139235
0.0369044751782059,30.1978514989144,0.406584552455822,7.30350197196024,17.7328217542281,2.50309938489684,5.62760029521153,1378.74073018071,203.732947961795,1892.3040082831,473.497878862865,76.6886381868574,3249.37686102267,88805.4684146752,15.1882661461274
0.0377387088059664,30.245190537391,0.405818102135444,6.87522628870559,17.8692670746661,2.51431005119352,5.61422994543643,1381.95153787116,201.013205125247,1897.61353819984,471.405832168615,76.9498762517061,3253.51414714893,88621.2087498703,15.1849963145611
0.0386562580686805,30.2411814710188,0.408531789138225,6.47683339121162,18.0221878475027,2.51792590722476,5.60114269515147,1385.02493937422,198.352990239293,1902.7155567826,469.301167136638,77.2026004648965,3257.39052544479,88433.9876019582,15.1816943923625
0.0396361169924623,30.2161452532213,0.41916294892932,6.11373361356012,18.1614767696263,2.51158362858972,5.59044150928807,1385.85562113531,195.499954918825,1904.69930527962,466.4633658134,77.3271510909971,3256.06823801064,88468.3522101683,15.1783584064394
0.040541246084401,30.1956577918231,0.449906593972235,5.81705792889122,18.2505739157396,2.48528160163211,5.58581535312489,1382.22268368171,192.170178380205,1900.50468226955,462.2211791415,77.1976122852595,3244.38824992674,88980.2868568988,15.1749860802747
0.0414152976488122,30.1911835705735,0.496745094582725,5.60774138952817,18.284208266959,2.43383701839462,5.58843884455452,1374.40544153834,188.362879291697,1890.5334224468,456.754791972402,76.8294077393295,3223.04440861125,89671.35151412,15.1715812111177
0.0422620763509253,30.199400839455,0.552971686336263,5.47529779855165,18.28590529729,2.36074865166049,5.5964132844352,1365.71626299424,184.474727916138,1879.36310407353,451.167253320202,76.4085372693987,3199.78286756148,90376.390646084,15.1681461762648
0.0425772837285185,30.2154685707927,0.651329379635059,5.48408604618632,18.2761098535025,2.26178987535054,5.60928071913233,1357.73335710493,180.8148380933,1869.12833240942,446.048400012325,76.0204780469291,3178.37812139601,91124.5488487164,15.1646812702676
0.0413065089837591,30.2447429748148,0.891396629143376,5.88837504039074,18.2752573053427,2.11266011475476,5.629964047273,1350.70749379679,177.740060834842,1860.05593564249,441.796185476299,75.670200135421,3159.73366948672,91987.1809373614,15.1611864674144
0.0389083720458929,30.2916006993717,1.31541582434098,6.83500524496197,18.297632602146,1.90153080744781,5.65974141619137,1344.82367638996,175.442816655132,1852.33626839607,438.682966505622,75.3638242510396,3144.47324396008,92864.4333686999,15.1576630369098
0.00199773464738555,30.351208507414,2.36832686555747,8.23700275781142,18.4385922197651,1.51127429809336,5.70750116582304,1338.94869850471,173.65434388198,1844.41766216042,435.979078896221,75.036309878808,3129.64771042425,93707.8910220866,15.1541117482899
7.44774174018914e-10,30.4380075117918,4.90835445096629,10.0233320607698,19.1114620542842,0.542005537245974,5.80346342817196,1373.57406227775,176.412509772643,1892.33556336277,446.425331576024,76.9447904751479,3208.94931792726,104141.869283227,15.1505457828604
9.04472395339501e-12,30.5122810507545,12.9771723076001,11.9357194182924,18.8738673128149,0.0742602267776806,5.87820841696803,1350.21777931752,175.326089236571,1859.22163244186,435.377214650178,75.5280544257011,3152.79496382365,106164.90029311,15.146932743719
5.52052741440076e-14,30.5965191006977,22.3004181080057,13.8717333790748,18.0877833996486,0.0208027085389841,5.9291010657174,1340.28396430413,178.847339793978,1843.77502061537,428.742239367155,74.8180795530416,3129.40645151442,108400.559794392,15.1432932760115
2.68080179153123e-16,30.691143655116,29.299957524633,15.823349718671,17.2737644898292,0.0186824764000301,5.97866900145412,1326.11350354067,183.875142610882,1821.93023592568,423.198813394368,73.8438246337753,3098.60815261192,110592.968991875,15.1396290187719
1.48210945569011e-19,30.7752782866894,35.0597076771774,17.6077903120604,16.5640830294149,0.0160603497076445,6.02257485886939,1310.73018482629,189.44933139359,1798.22388138917,418.123258694409,72.7975593011283,3065.84446816423,112037.331124244,15.1359424128171
3.25924616881108e-23,30.8062339756087,40.000350031027,18.9280904667675,16.0110371098153,0.0120638529515081,6.05671439606652,1302.96127482391,195.287399897655,1785.15527363709,415.476500900947,72.189348099594,3050.450219681,112204.992725159,15.1322348818817
1.40661707755069e-26,30.7761275470961,44.3321095724156,19.781273672681,15.5747458630086,0.00749375018745361,6.08364396749401,1303.47650995944,201.447304525233,1783.64105540057,415.289160581758,72.0525432418767,3053.8473564582,112010.661425418,15.1285036248471
-3.67374530699302e-27,30.7101515968912,48.2430965135243,20.3735136954262,15.1871434803777,0.00380639744726437,6.10778462091973,1307.09818149147,208.039490826603,1786.36117611882,415.965595458762,72.086505388763,3064.39511664031,111706.86236704,15.1247482287061
-4.16064276895004e-27,30.6235560044663,51.8149608450047,20.8362060389942,14.8123142591879,0.00157348905608852,6.13146368890583,1310.61106398318,214.855321602881,1788.80726719754,416.552010930651,72.1105627328642,3074.71858807187,111500.172562431,15.120968458239
-2.707264836925e-27,30.5141140891938,55.1331603814002,21.2211761571172,14.4294882760939,0.000480415369684912,6.15578472593475,1312.1780616841,221.151327980241,1788.49531089135,416.453351228703,72.0325157356298,3080.19927144981,111535.66382775,15.1171642508442
-1.76422950885963e-27,30.3809296255967,58.2381537655073,21.5203740097721,14.043459444899,6.73793800833219e-05,6.18033654818869,1312.43166017935,226.637345832471,1786.36604731702,415.826820055794,71.8938072284197,3082.07557994524,111541.978809324,15.1133370694091
-1.3877414324361e-27,30.2305371028872,61.1515560638456,21.7187949661556,13.6673804555489,5.45260358298645e-06,6.20438521128121,1313.01864843844,231.654244750373,1784.70686386983,415.147453442357,71.7823814390084,3084.26823127808,111458.067634195,15.109487681735
-1.25939498277568e-27,30.0822862412205,63.9193168392181,21.8349904450412,13.3170001833712,6.84528385455328e-07,6.22704093883067,1315.72990773444,236.501966316781,1786.01493558364,415.074246944449,71.7930437560559,3091.08124517571,111034.497473615,15.1056175635736
-1.17867758207439e-27,29.9727441079779,66.610452490948,21.9342710119262,13.0110964857939,1.18737676849342e-07,6.24718720759776,1322.51995227643,241.310739065161,1793.01802284189,416.346887204974,72.0306464977759,3107.0798698265,110110.235248579,15.1017280542904
-1.08330743152869e-27,29.9102494577624,69.296953931357,22.061246299011,12.7400030320618,2.28745137585597e-08,6.26536252737009,1332.35970602989,246.038745225938,1804.27156430065,418.65104497263,72.4354168814001,3129.91357029562,109114.506648803,15.0978182355508
-9.75167268438318e-28,29.8749366915495,72.0020376221082,22.2078670241101,12.4824023373168,4.70946496265028e-09,6.28277918741589,1342.81041557226,250.530108770153,1816.37907826274,421.185591233235,72.8726706911479,3153.9666920141,108183.066723021,15.0938880444784
-8.68710841051259e-28,29.8582385022363,74.7174740242016,22.3492085534818,12.224508044011,1.0273144838614e-09,6.3002081139218,1352.18319294333,254.611168398887,1827.01402018019,423.392883045018,73.2507451429388,3175.32389580437,107448.825622308,15.0899372763776
-7.72153299687198e-28,29.8735288898501,77.427267459838,22.4542881706365,11.9559151745494,2.35172003876518e-10,6.31822055436316,1359.23437316959,258.083451592896,1834.49751559237,424.868898844722,73.5026469796729,3191.0844382845,107006.923545549,15.0859657612855
-6.87484467244037e-28,29.9269378100941,80.1092293849819,22.5112391478635,11.6789189910746,5.56402337742354e-11,6.33666175954681,1364.22527755731,260.896860015169,1839.21979750036,425.700703791708,73.6444332026809,3201.8259426303,106686.533383462,15.0819747508561
0.00438814959592081,29.9756973829797,78.4788426491734,23.0368117848987,11.0912048199779,0.0142084985921147,6.38088757428882,1314.02680868638,258.453415721205,1768.21771078219,412.522645267364,70.7260391754433,3087.67095355512,97203.8574455562,15.0779499272961
0.00638510602764882,30.0599961215479,59.5929688862624,23.3325048953359,11.03006162651,0.0633019255756237,6.41761568296644,1311.42254355409,259.814027174788,1763.32304146935,426.568580266307,70.5150464196874,3090.547919838,97000.1929666954,15.0739219449473
0.0163463070874279,30.1319248033585,38.2393566144934,23.3675271122549,11.1953205996419,0.141735417426127,6.43752190515232,1316.14279722114,261.319144309459,1769.168886639,445.212748379165,70.7618269772432,3111.89809646797,96853.0564645014,15.0698763974665
0.0189956580673689,30.1731182374049,26.656025234082,23.0065052434053,11.4089126823648,0.249232697475883,6.42822102204833,1319.05538341113,262.612279158664,1772.95154851958,456.791561549253,70.9411820511883,3125.56932451123,96749.0194343654,15.0658138767663
0.0199592722364979,30.1951168452744,20.8190312961202,22.5278332767668,11.5783974593943,0.35303470478554,6.41085362373264,1319.55997974551,263.765868893627,1773.55623341038,464.027692142506,70.9971884167552,3131.74266808393,96681.7896057805,15.0617349476057
0.0204772785537653,30.2109616523543,17.719108339158,22.0421029227357,11.6934659943179,0.448417059823537,6.39345068593761,1319.03249118633,264.819775605151,1772.77802814177,468.757431286456,70.9987455848288,3134.26537706466,96580.9121352094,15.057640524724
0.0207949834200143,30.2243288517064,15.9360753530922,21.5577735659567,11.782884395873,0.532845576854065,6.37728290334919,1318.9985655978,265.756435782388,1772.71093170019,472.161520336124,71.0314815472288,3136.94558665572,96382.5051943614,15.0535315204441
0.0210026390773746,30.2346885812567,14.7829234255702,21.0691171911598,11.8687331827707,0.604416016462892,6.36233026484849,1319.81254858204,266.563645145896,1773.86063881749,474.900869549598,71.1164563880253,3140.91216726819,96180.336427021,15.0494079934709
0.0211435686509317,30.2417940107038,13.9287327008,20.5821501391204,11.9577269466533,0.662613411755318,6.34870704424729,1321.01657151171,267.268291273684,1775.61124160912,477.268555189545,71.2276391816842,3145.43785080929,96002.5595883188,15.0452703119973
0.0212482614084811,30.2403153995624,13.245775398609,20.1173541685386,12.0470376260617,0.708292635055058,6.33669894622027,1321.94484073764,267.832096627903,1777.03947298887,479.280324481466,71.3261632361336,3149.13498704771,95918.4673073004,15.0411186058455
0.0213320019509391,30.2147099948957,12.7621828764338,19.7144208473117,12.1286595113357,0.742840141503214,6.32671201161531,1321.8295317187,268.07836766672,1777.04767914449,480.731774319401,71.366144612448,3150.1397057864,95988.9505512661,15.0369530376024
0.0214003780682413,30.157945134666,12.4552128511619,19.3902286804589,12.2016620413555,0.767935028177005,6.31871086079457,1320.73719173727,267.953276992675,1775.70597293763,481.656052419682,71.3500435602885,3148.54697678761,96101.0753555083,15.0327747991372
0.0214625086007541,30.0773060363148,12.2109013808235,19.1269621652195,12.2708297127653,0.785707721235025,6.31223728440636,1319.26217467676,267.583673642007,1773.84711343342,482.301837947033,71.3121307283093,3145.82999403788,96212.3889026699,15.0285847110088
0.0215224212090262,29.9932366484568,11.9862697677294,18.9272085002536,12.3403522485492,0.798186962727721,6.30681117803716,1317.86611119557,267.168250570473,1772.12159899337,482.890196231258,71.2797517336296,3143.22888859867,96290.1413705722,15.024383519567
0.021564568070486,29.9449181376603,11.8775687633943,18.8489755336708,12.4144770077958,0.806363191510142,6.30207191461256,1316.91205488594,266.980723852293,1771.02994785901,483.594833993254,71.2748536102416,3141.79742394866,96309.8617449029,15.0201719211051
0.0215815503911313,29.9480164409274,11.9330482425359,18.9172597545093,12.494279846473,0.810520508256599,6.29789761031472,1316.35811616087,267.111169426474,1770.50881475103,484.423596540388,71.2954915905379,3141.51752337906,96313.6745012812,15.0159502345761
0.0215828784275757,29.9847976542996,12.0966140147823,19.0944881087643,12.5775301206908,0.811696666114483,6.29419294648563,1315.90365501373,267.430663311158,1770.13964264301,485.278440876296,71.3239141508329,3141.61409653291,96317.5279233967,15.0117189169314
0.0215930632664064,30.0436575673789,12.2985679595362,19.3274207708214,12.6514959719405,0.810897796626688,6.29135290275635,1314.35332585499,267.797682906075,1768.31246529174,485.706533051531,71.2923199763015,3139.29745023538,96540.1518923001,15.0074772806907
0.0216565878033919,30.1382351641059,12.446607428899,19.554786693338,12.691556708871,0.809080400170424,6.29035044162539,1309.5605780389,268.160371389054,1762.18354965684,484.875858594014,71.0802692496443,3129.74236405262,97184.875562975,15.0032248102069
0.0217830080665186,30.2776366795667,12.4847768847262,19.7469797080264,12.6950583925203,0.807476942900738,6.2910872510455,1301.67291769722,268.584785035814,1751.99750865157,482.831337064547,70.6956044820083,3113.36386599509,97932.4631224357,14.9989639649774
0.021948818742305,30.4522386951737,12.4536893015527,19.9191146483758,12.6786755260683,0.80580152339089,6.29275328963549,1292.51384169729,269.144843448812,1740.19566081064,480.259506855722,70.2395905410574,3094.29328296439,98665.2057299018,14.9946959999966
0.0221512660884915,30.6370528193735,12.425859491284,20.0774589928114,12.6454648073741,0.802933097815435,6.29528883499193,1282.67454923776,269.792568093258,1727.42345712322,477.340569149606,69.7417725054975,3073.65599752723,99511.4581229676,14.9904208898635
0.0224201029216473,30.7861152814608,12.383611316243,20.1798849738922,12.583356438606,0.798410151495883,6.29927722661244,1271.48989828734,270.309366233176,1712.4539637693,473.772805855841,69.1567002965163,3049.45951199328,100594.065755763,14.9861387486789
0.0227705798414651,30.88051996467,12.2862879485091,20.1996106595534,12.4917017017829,0.792983540674697,6.30463808080493,1259.05864743689,270.610199772531,1695.30255764227,469.609008988048,68.4866552490381,3021.76190966295,101703.33595742,14.9818511184697
0.0231899849623781,30.9405520708403,12.1531688459371,20.1567550859568,12.3812169134288,0.786824300608736,6.31086591743652,1246.22762555523,270.836731663139,1677.28155199358,465.227150608639,67.782913331583,2992.76260150362,102766.674456284,14.9775588293604
0.0236564310794934,30.9896043568221,11.9737773820628,20.0839758426703,12.2651059200723,0.779923107801927,6.31736982352941,1234.285642204,271.1847266502,1660.38624978236,461.168476589807,67.1235765348,2965.77190329025,103642.586274254,14.9732628520477
0.0241493685760636,31.0425079539396,11.6648882064102,20.0152707217566,12.1580319977094,0.772784182489665,6.32339980109005,1224.60422292448,271.760078351919,1646.76894616654,458.004098619342,66.5929479432166,2944.25999634564,104224.408097478,14.9689639717523
0.0246639985891124,31.1012387086657,11.220543577722,19.9591716868866,12.0611578715752,0.7660526130149,6.32881075984821,1216.97454675505,272.517562173486,1636.21167367228,455.658936637549,66.1814796982787,2927.78574470328,104683.688128333,14.9646621044911
0.0251975751232779,31.1590003944348,10.6999673451251,19.8984209762879,11.9684626964448,0.760387101233401,6.33380777629407,1210.49286276281,273.378279243263,1627.3415765723,453.756943176703,65.8352003308722,2914.09816856965,105060.585702881,14.9603576408534
0.025714866853362,31.2144388214344,10.1292211367702,19.8030588231534,11.8902116597912,0.756575736061599,6.33780685332447,1205.94546729554,274.349397401477,1621.13594701236,452.584577291562,65.5963662250853,2904.88505344031,105110.425080107,14.9560518607006
0.0261551675743655,31.2778592469006,9.53803328844256,19.6350359680163,11.8487423673384,0.755030430436769,6.33968758154325,1205.1372817341,275.441401874311,1620.05704833644,452.846397769051,65.5675767074929,2904.24690298395,104671.404660773,14.9517458391513
0.0265017159826292,31.3530917231304,8.96222041546159,19.391671815171,11.8442165406883,0.755432703635081,6.33946932540887,1207.64624963493,276.578213538084,1623.53752631784,454.381962821713,65.7261893761285,2911.18101841771,104095.261844547,14.94743913185
0.0267751801361826,31.4332817141261,8.40835102861066,19.0985523455958,11.8623200440867,0.75813261627484,6.33777180620481,1211.82689371989,277.673596750667,1629.32655940597,456.539904043263,65.9797577558986,2921.88167745524,103483.847328962,14.9431319878097
0.0269770432028436,31.5074214179623,7.81649453194128,18.7783573729524,11.9091281279707,0.764338261519167,6.33412512448289,1218.12539340142,278.863145139403,1638.01955643675,459.471619611401,66.3528494643864,2937.43585657392,102566.458212418,14.9388259455958
0.0271024272770256,31.5622666895855,7.10480243079583,18.4526987669042,12.0064843781858,0.775781316810435,6.32720057507893,1228.50496246821,280.497661732997,1652.25486235639,463.901385161924,66.9543888742611,2962.49443727387,101165.019794925,14.9345225143278
0.0271764178023115,31.5969676848726,6.31929833662856,18.1308265128215,12.1504189956436,0.793429044129903,6.31696890549776,1242.32483855172,282.550874173632,1671.1495163595,469.543030737072,67.7485803072112,2995.55572829968,99722.1097027177,14.9302209429666
0.0272249574724613,31.6203905620326,5.56297522425413,17.8081772108004,12.3203152885166,0.817509927157682,6.30432493495257,1257.36442301422,284.687930085098,1691.71031803253,475.518786092711,68.6126335245753,3031.36265006323,98367.028557547,14.9259212843449
0.0272548496386819,31.6393938294486,4.90647529122893,17.463923912962,12.4955115182101,0.847203094995578,6.29034073756387,1271.5142675305,286.571457223389,1711.1038796218,481.005299942955,69.4299036572897,3064.9221420363,97312.5508813154,14.9216229224313
0.0272701637568634,31.6568113527283,4.38532923585755,17.0516618171242,12.652471609007,0.880386150920579,6.27644941964909,1282.5691203677,287.864147652667,1726.37000842427,485.155625248483,70.0779151366547,3091.035432287,96725.4192795658,14.9173251079146
0.0272736466609474,31.6724017351112,3.97180781120234,16.5552345092152,12.7885188792655,0.91547243362048,6.26304523031459,1290.57775518855,288.541908873107,1737.59385863967,488.001818621725,70.5597455921411,3109.81996855656,96310.8546936923,14.9130296864976
0.0272677973718831,31.6857386098904,3.62800045634648,16.0025622215539,12.9154834484374,0.951660779155766,6.24969676221041,1297.04966338579,288.828985432481,1746.81287864509,490.127741970316,70.9593749722791,3124.8420718245,95970.1520870164,14.9087377533541
0.0272583161639265,31.6933680857198,3.31949965327063,15.4351808995252,13.054053606139,0.989195700620302,6.23538531752108,1304.22832980901,289.039133270543,1757.06207499528,492.401416294703,71.4023587924117,3141.39450672432,95390.1881973711,14.9044517905844
0.0272337245832922,31.6861150926038,3.02114297993682,14.9011772733756,13.2356314408889,1.0297670613869,6.21833418931538,1315.13352660858,289.556487381864,1772.44529401867,495.987533386763,72.0589482874552,3166.58852354048,94306.0745515747,14.9001744793714
0.0271820394360783,31.6621182125932,2.75000519329141,14.416168698149,13.4604960614816,1.07324896159218,6.19851407820433,1329.4762081141,290.377967704576,1792.55699712104,500.770342181069,72.9130088383215,3199.75478570921,93169.5687064431,14.8959040407757
0.0271173848709182,31.6276893476867,2.51889322777762,13.9615496109686,13.7050035325505,1.11832451471371,6.17728454046552,1344.69223738229,291.208936296284,1813.89643569126,505.772895726234,73.8199385683446,3234.8713022835,92135.5676851146,14.891639891279
0.0270711775134057,31.5893473879435,2.31166722524378,13.5235826480953,13.9538220055289,1.16529620317799,6.15537618920727,1359.28085005143,291.821273508263,1834.42645729036,510.42058452503,74.6954263507017,3268.38098475288,91220.6096217579,14.8873822671916
0.0270969196652399,31.553059899494,2.10067158518083,13.1088209026392,14.1996379118658,1.21660606176487,6.13277749464088,1372.79058592276,292.049266905893,1853.55123184182,514.514074900657,75.5148913554768,3299.14114824634,90420.9167978189,14.8831315552801
0.0271957596158152,31.5210732005033,1.88896021536166,12.7225361123404,14.4403846216056,1.27455306052296,6.10922359243174,1385.30951718512,291.856850675152,1871.39955277723,518.055429182689,76.2836878608575,3327.31318253142,89710.1117033739,14.8788883881663
0.0273409371833191,31.4916509266165,1.68971996988276,12.3587473830983,14.6780760075449,1.33871653811279,6.08467975830359,1397.08841002047,291.328515749242,1888.30453104412,521.143899154583,77.0154977078288,3353.52123403755,89071.5371174692,14.8746533669364
0.0275180958392026,31.4544674309979,1.51282195335499,12.0040829411821,14.9068729149466,1.40673861062147,6.05981150769503,1407.55042042709,290.429966021705,1903.4751293704,523.589582961295,77.6776951814969,3376.4493054125,88633.1237095667,14.8704252551806
0.0277474478049522,31.3821115478353,1.36058193852163,11.6353592688425,15.1076445513843,1.47535531562666,6.03610369488381,1414.98790464881,288.867941139752,1914.60505525928,524.791681543263,78.1753264725718,3392.06810976348,88552.3297541363,14.8662020479584
0.0281231865131721,31.2583523917145,1.22374424415283,11.2395383288576,15.2734078751446,1.54445005690615,6.01398507424404,1416.49240526421,286.037532978516,1917.76263354557,523.715930448917,78.3470369165482,3393.42650754886,88620.5967580116,14.8619866973237
0.0287213039388961,31.0924764189779,1.09734770064038,10.8225500690138,15.4109079048189,1.6186659926079,5.99248144130429,1410.6220278514,281.650549037221,1910.98282911774,519.844194112013,78.1117535937614,3377.0687490133,88729.9718144749,14.8577813198647
0.0294043689027928,30.9023185260138,0.983891794684196,10.3998027156749,15.5311070758168,1.69499293663719,5.97143262053954,1404.44170029358,277.078076921206,1903.80932131704,515.747296979303,77.8602620377859,3359.8343187562,88868.5959587397,14.85358671553
0.0301280783026197,30.7051409470641,0.886528231215601,9.98850501497003,15.6399612946096,1.76773138336702,5.95134307591239,1400.08611906927,272.805963164355,1899.03400205067,512.197589254397,77.7074411925247,3346.77661820521,89047.4346044468,14.8494033344933
0.0308885434076103,30.5089880069171,0.804839332916698,9.59785628899196,15.739030819094,1.83314301537247,5.93269603826965,1397.83618035706,268.936767758385,1896.97546976644,509.300949786359,77.6667873983736,3338.5466241251,89256.4531497424,14.8452318780001
0.0317153365209965,30.3116144582793,0.73664138686491,9.22702567362719,15.8279217629387,1.89015996910958,5.91570370133764,1396.14737000225,265.185505126006,1895.56082730046,506.516258140154,77.6530157190196,3331.49889445718,89489.7514981375,14.841073001066
0.0326178661284499,30.1161676388172,0.676985977547863,8.86910574520272,15.9192995898592,1.94163864322064,5.89932767033778,1395.0394178564,261.476723855482,1894.89691562012,503.870993767216,77.6701684763773,3325.70821293331,89513.8203241796,14.8369298894066
0.0335080712892058,29.9402459369277,0.622886160995302,8.51342004533828,16.0473719764125,1.9919507808343,5.88113617591333,1397.86082140723,258.270528996663,1899.65577288432,502.582872085883,77.909837826518,3329.1529202959,89062.8278334779,14.832806276079
0.0343573745257431,29.7902222796624,0.576006575579553,8.15507937221915,16.2207739323049,2.0422150879919,5.86047920316434,1403.67792791822,255.407086743285,1908.60794916576,502.310860805928,78.3211152408131,3339.65217611536,88468.7544044403,14.8286994554121
0.0352140624568189,29.6564709755142,0.535685177465886,7.79609496841502,16.4187580799263,2.09208387748357,5.83849772623749,1409.61262628412,252.484660331635,1917.79023831218,502.00688550974,78.7410466033771,3350.3917651945,87884.9413554086,14.8246081334977
0.0361011812995007,29.5343415259073,0.500475810786325,7.43716432510225,16.6269627372526,2.14169653101142,5.81593755252585,1414.52583171015,249.345435797021,1925.60805081431,501.251844812897,79.1041639601213,3358.64872606043,87322.5626132283,14.820532634611
0.037020156188047,29.4314108107449,0.469460524044556,7.07510360832788,16.8430088210964,2.1910676545404,5.79291931923476,1418.55451353187,245.983012180587,1932.23451316717,500.090244668079,79.4173352393747,3364.71020684553,86763.8056512524,14.8164737763445
0.0379779137467881,29.3535773107973,0.442075725407723,6.70769105783944,17.0685270533959,2.23953319762133,5.76943993854576,1422.11440502868,242.445018387046,1938.23614242317,498.669261381377,79.7034904741847,3369.54423542872,86216.9035000967,14.812432037005
0.0389972424960449,29.2977482887845,0.417886654159411,6.33622463370637,17.3042702778473,2.2859760618162,5.74561007889344,1425.45032650624,238.78797997214,1943.94580464279,497.076818946838,79.9760661948054,3373.742256382,85687.2878333822,14.8084078857268
0.040101465691408,29.2547611234771,0.397902473388184,5.96392690607971,17.5451137217889,2.3281299259448,5.72203835094559,1428.27142986207,235.001620519114,1948.95674998905,495.219436749613,80.2181097579625,3376.63981684756,85250.1027656471,14.8044003469595
0.0413116470774392,29.2102603288225,0.384367609283875,5.59436660738314,17.7773707253883,2.36180423865858,5.70010958121194,1429.6657948222,230.975661092008,1952.00003586594,492.805079010387,80.3773183707484,3376.10219657333,85006.1360446364,14.8004074045563
0.0426846964376646,29.1571906168706,0.375515907421084,5.22970785643366,17.9952113664639,2.38410524972417,5.68060781740624,1429.63525728446,226.715305718063,1953.06613002699,489.86121832703,80.4531269970807,3372.14209645552,84851.9902332557,14.7964311714034
0.044262694379136,29.099074165827,0.369193600969761,4.87173817749158,18.2038942538625,2.39429477684817,5.66337367149729,1429.1239418357,222.360706112143,1953.45201087724,486.720678486421,80.4983188774356,3366.99107360681,84724.2584749723,14.7924735509476
0.0460774664871432,29.0394331744324,0.366010902240912,4.5420017696318,18.3909586953954,2.38930211203541,5.64955358372728,1427.45942903968,217.876431033006,1952.24417263246,483.159663603432,80.4737309256569,3359.12380905945,84842.9460416038,14.7885303386276
0.0481551260029949,28.980677799843,0.368550091563895,4.30656615244098,18.5096355039953,2.36172933246085,5.64285986171736,1421.31763711568,212.940005527754,1944.91105203345,478.085869657248,80.1900643003394,3340.88771412207,85567.954224026,14.784595080979
0.050477237912813,28.9309587241195,0.374898634576695,4.21381097678721,18.539331242627,2.3087533114646,5.6449347565371,1410.0610481862,207.544158769826,1930.61296638587,471.339747875948,79.6113354700954,3310.91289130968,86587.1534259061,14.7806768903131
0.052863103343408,28.8971491591342,0.383413457206526,4.25150274315439,18.5037413913286,2.23348345720744,5.65406104920073,1396.64408732814,202.067415983625,1913.40756792064,463.944774613759,78.9053538605224,3276.12815290301,87679.065116109,14.776781710199
0.0543514877712172,28.8732438050501,0.422020901079194,4.45019703990137,18.428631027833,2.13170146456451,5.66958906883874,1384.41126355354,196.971805409478,1897.80007873872,457.117623097113,78.2591894975619,3244.35484488295,88874.9891021636,14.7729098217246
0.0531174318977995,28.8393469477271,0.569067512422222,5.00821043361354,18.3348697175186,1.98053395232754,5.69428190795486,1374.00811696776,192.476120207181,1884.45150254743,451.432555287774,77.7017561645298,3217.20867061118,90289.7890786059,14.7690606202445
0.0496827480791083,28.783501185797,0.853012541959232,6.05990857834363,18.2371341451927,1.77149827144654,5.72905615349876,1362.74344525481,188.309627734735,1869.51854147513,446.2971448601,77.0770576481072,3188.50205334869,91807.4406554401,14.7652360262052
0.00599367003564284,28.7109632014964,1.57124211096502,7.54642887741116,18.2242550820896,1.40563931637242,5.7811430567442,1349.85722959466,184.33155104536,1851.98566228472,441.269926804019,76.3421072453781,3156.33903165387,93356.6172592955,14.7614369315143
2.36715710707047e-09,28.7396018020943,3.49416061006323,9.24665920285713,18.7376703281494,0.497653083055497,5.87796748666728,1376.42263768463,185.430314490002,1888.43199109783,449.678790354618,77.8156037460367,3216.36326985666,104299.992756058,14.7576784000502
5.5813550040231e-11,28.7156373164983,10.2486354599193,11.0267101330157,18.4623670843014,0.057542478543246,5.95114914485501,1355.59269266638,182.957943727857,1859.11173767003,440.312222469544,76.5586979878093,3165.65670424673,106346.549219489,14.7539272880791
5.24940966116679e-13,28.7090744360522,18.4256064266476,12.7265664443793,17.6888803252029,0.0175106401262357,5.99891699093035,1347.80117069985,184.832833166395,1847.19786175965,435.131240333428,76.0053670348913,3146.85084630852,108434.859073883,14.7502030115103
2.60760812506407e-15,28.7301727126297,24.7825512890081,14.36114304713,16.9069439818928,0.0151672642710979,6.04506987455722,1334.16367243188,187.83550264956,1826.92582938319,430.027102934193,75.0988618305485,3116.68766509264,110414.342270463,14.7465063211859
2.03707000150265e-18,28.7690480905041,30.1034557213447,15.8245467736453,16.2266229907222,0.0125045910565866,6.08568744729105,1319.1618387996,191.396731542522,1804.64238487559,425.179275427706,74.1110963838704,3084.18470701115,111646.69782859,14.7428393656846
1.72091739007325e-21,28.813188816847,34.6403201050386,16.9388136172991,15.6985175374766,0.00893284893729182,6.11720218209696,1312.41619235474,195.584697875264,1793.75273062382,423.021701323554,73.5991739033332,3070.67441733629,111655.338896781,14.7392034126058
1.89730198487487e-25,28.8559183149755,38.556892801242,17.7179216214844,15.2900972410842,0.00531294423252481,6.14163464442415,1313.90181937237,200.310247351317,1794.22343169802,423.403557804839,73.5596917243225,3075.94739148756,111257.290021825,14.7355959149365
-4.35177906641408e-29,28.8978536726341,42.0808621645552,18.3007172275118,14.940477516079,0.00261273894538539,6.16273721998485,1319.03447557102,205.554346202693,1799.66009593878,424.85969761663,73.7255787193463,3089.65782108341,110704.35078232,14.7320164489113
-5.76358374386265e-28,28.9405823245437,45.3662216260533,18.7728936852573,14.6192411632405,0.00106362158577254,6.18232984790395,1325.05980325818,211.037862789322,1806.26302247471,426.50304606999,73.9403096242126,3105.42665440757,110115.955278704,14.7284650845303
-4.891217711935e-28,28.9842920185178,48.5063075937312,19.1790332091345,14.3119715346612,0.00029893231280657,6.20116818762444,1330.7884243088,216.03400952171,1812.47504937272,427.937977891656,74.14390142816,3120.11972750135,109579.18821477,14.7249419734915
-3.31339120015578e-28,29.0285074797792,51.5161462729118,19.5299920139399,14.0159699874642,4.04017607337235e-05,6.21942885973516,1336.29529871273,220.284073218869,1818.44030151441,429.180506485606,74.3438626786931,3133.74585257061,109015.542514096,14.7214478810865
-2.39473911103151e-28,29.0728089615488,54.4102209023321,19.8230626105308,13.7320957114,4.53726161870854e-06,6.23714778874374,1342.11267642966,224.112612062025,1824.87122996407,430.389143171138,74.5664933477213,3147.70950364969,108423.582986449,14.7179833134134
-2.0108480558559e-28,29.1168913588581,57.2413844247823,20.0572695731222,13.4686287253101,7.58227670287023e-07,6.25386667747941,1349.35187641169,227.801532056488,1833.30345576413,432.028422935667,74.8720615051641,3164.77492947675,107606.005820211,14.7145496160455
-1.84896825953307e-28,29.1607209695426,60.0940286256803,20.2434569803207,13.2409202816468,1.60496025758918e-07,6.26869762934266,1359.66919863141,231.467867651526,1846.04978062598,434.737655266071,75.3548313541455,3188.8287929245,106414.837348176,14.7111481676782
-1.72825071581219e-28,29.2046925886083,63.0260703244389,20.4082351084884,13.0415669468941,3.79749211306005e-08,6.28202522150756,1372.31105728348,235.054719316501,1862.06817440436,438.279599868623,75.9718552133027,3218.14133772371,105203.16527245,14.7077781246301
-1.59408217200093e-28,29.2491139818593,66.0285392674991,20.5691304027136,12.8518659377212,9.90352268330779e-09,6.29486160475341,1385.2086782062,238.409969488606,1878.48618882441,441.949871319278,76.6054273987696,3247.92473161641,104088.736689508,14.7044393349278
-1.44950070408763e-28,29.2944244023664,69.0528372255783,20.7180088123011,12.6596466301272,2.88115197621498e-09,6.30785427400124,1396.93617457934,241.39437078671,1893.32504109303,445.258539904118,77.1748884199272,3274.85191772094,103165.977450905,14.7011315763764
-1.30826584526234e-28,29.3416954193559,72.023987503047,20.8190333309914,12.4561105300978,9.56248293821304e-10,6.32146099871402,1406.36189548845,243.865728025947,1905.01557023825,447.824660890882,77.6164950241381,3296.26478852394,102507.67329464,14.69785457686
-1.17924214133881e-28,29.3911070665626,74.8835237539542,20.8528186189338,12.2426178528782,3.29401862786408e-10,6.33557430705087,1407.27145417129,244.851280324827,1905.12206602287,447.660180411681,77.586294985535,3297.65394789172,101985.593542084,14.6946093677579
0.00428299097723303,29.4749428698402,73.4399508105265,21.3419895155516,11.7598507179237,0.0140186655050476,6.37244547182019,1364.2174282202,242.105508946457,1845.08569991201,436.96703274747,75.0888955864407,3200.42893078571,92322.3575333994,14.691381378267
0.00647573234682548,29.5356554996015,54.264262008602,21.6095214711523,11.7792733497299,0.0629247686459252,6.40453650711233,1363.93371374752,242.713891482033,1844.2661443129,452.440029214854,75.0555745040835,3209.18120027467,91863.1149475215,14.6882021710937
0.0171024754731019,29.5719942426791,33.4679526792603,21.5910070768862,12.0496889448973,0.152977562919075,6.4144643510709,1373.19061049264,243.522107870811,1857.0889786523,472.426412898255,75.6071959527251,3240.78980094375,91288.6273355581,14.6850577829302
0.0188445819535233,29.5833839854525,21.971476327196,21.2363110235103,12.4007443411446,0.267837892395234,6.3947200274129,1383.07481113259,244.016954245569,1871.07053164397,486.157472520592,76.2227349512845,3269.983559398,90722.9951418409,14.6819479065048
0.0195385971251792,29.5778883613131,15.7120348023738,20.8141455754652,12.7178885282036,0.385033390555233,6.3664438719798,1390.34262956791,244.052922244063,1881.53841678208,495.23264025658,76.6996405007046,3290.77986860911,90215.2017441982,14.6788725705654
0.0200091992778715,29.5659372558829,12.1221225667771,20.4023323439866,12.9750328982216,0.501876974544217,6.33734982874865,1394.71206096959,243.677796460533,1888.03111148464,500.909410341096,77.0147177038259,3303.32021786527,89797.4183922806,14.6758318796081
0.0204012946701116,29.5600742413015,9.92233012852222,19.9949173219581,13.1858629558448,0.615258357566191,6.30930054688175,1396.79086699912,243.005375879329,1891.35944958701,504.15560572526,77.2005795994112,3309.48801966156,89497.6290464121,14.6728259383819
0.0207356709706127,29.5658913527261,8.44649943088747,19.5786547527994,13.3719904502233,0.721641912400491,6.28245403922576,1397.57224872384,242.152060512938,1892.89027847113,505.868288843722,77.3136549392755,3311.93863024743,89265.0268869155,14.6698555060038
0.0210342906825261,29.5795807951338,7.34625034246148,19.1560935644034,13.5501409999006,0.818600948735632,6.25667279382083,1397.98147285431,241.194928729059,1893.91178321531,506.841175062191,77.4066989842105,3313.11056575961,89072.9401682404,14.6669212151271
0.0213195322212322,29.5936167178302,6.45357597961407,18.7487484236129,13.7330371213658,0.905755071790681,6.23164997438205,1398.94390815809,240.177035506715,1895.70475779714,507.667640902173,77.5322027880786,3315.28979172402,88816.4300786663,14.6640243775956
0.0215860689177796,29.5984739367858,5.72029965203312,18.4036024997481,13.9353746409887,0.98394706982666,6.20678271473687,1401.58005698896,239.115257898385,1899.79649434788,508.847746614806,77.7533908490264,3321.06525285793,88379.4879722027,14.6611665212461
0.0218423665225805,29.5902843127866,5.10797005118375,18.1465663229166,14.1601913463477,1.05429601376589,6.18192490946431,1405.63925466152,237.961660263202,1905.8321140193,510.305054398456,78.0557992232944,3329.83368440685,87900.4186203277,14.6583470141282
0.0221252566731632,29.5723995498166,4.5624093895527,17.9618068349798,14.3975247867871,1.11982175293285,6.1572001672998,1409.87025520015,236.651782279568,1912.0981545916,511.592584484997,78.3685477685946,3338.72923927887,87446.2019730462,14.6555656105726
0.0224438548634744,29.5508372256406,4.09861211646821,17.8429567877765,14.6257411526696,1.18264761678167,6.1333669310136,1412.32005190677,235.177051135287,1915.90320034906,512.005169018717,78.5798629325014,3343.32698098881,87263.7318287685,14.6528201170722
0.0227337401186372,29.5331931242149,3.81584266906697,17.8370348824437,14.8097313192535,1.23828131187092,6.1128400112663,1410.04113129895,233.647715236978,1913.15208118044,510.498017489708,78.51933325486,3337.02126737893,87663.9986244801,14.6501076635313
0.0229603931660004,29.5232741204764,3.70234326885531,17.9777007494776,14.9435631612956,1.28019137392757,6.09698909084126,1403.00994353933,232.260625027119,1903.78749043617,507.166805619708,78.184004483496,3319.94515095668,88304.1619565121,14.6474324621938
0.0231293902709882,29.519408976649,3.67709041237603,18.2417827594639,15.0493655125374,1.30798227046213,6.08481611879285,1394.82395244429,231.279689419525,1892.75702477337,503.379245987414,77.7783810839477,3300.4664449071,88984.4957147583,14.6447972251192
0.0232812418678641,29.5126358374347,3.66142802755989,18.5724153365289,15.1473646023115,1.32464136106104,6.07481999623453,1388.28969439094,230.820461323505,1883.94525358102,500.137510401765,77.462493247397,3285.02925647599,89589.9406696473,14.6422032577834
0.0235050914011112,29.4819827525466,3.56784862347623,18.8792868655494,15.2485529928023,1.33727060270316,6.06532570349337,1384.12189754674,230.817901393603,1878.40641056645,497.644386367328,77.2779225070134,3275.23160505,90030.4668335538,14.6396513498055
0.0237920310172029,29.4157206603791,3.40299566430839,19.1163874951482,15.3510361927633,1.3510095994209,6.05558078384644,1383.0226764967,231.374923222897,1877.12649204357,496.108635703316,77.2641211367463,3272.72806985229,90411.3319913951,14.637140974973
0.0241123985979433,29.3211097039268,3.23143146012897,19.3084760949018,15.4479397839326,1.36524012312128,6.04600737826527,1382.55469447465,232.215963765032,1876.74302715383,494.701302436545,77.2831222682529,3271.82667086996,90782.9556818352,14.6346720847849
0.0244346212816957,29.2141912458045,3.11860980917832,19.4872465500895,15.5168037477466,1.37670464503817,6.03825370115921,1379.00998106201,232.90990410833,1872.11660811644,492.165888764004,77.1238191564674,3263.83924074748,91466.0742749558,14.6322432819714
0.0247512906041877,29.1186971146069,3.0875928258974,19.6347642535756,15.5138347867056,1.37896201233171,6.03551189221705,1369.79946843955,233.063155086537,1859.60712892934,487.635648068341,76.6370669402032,3242.58825614591,92832.8724793687,14.6298535800557
0.025126112950869,29.0496775888181,3.08821577031618,19.7007429370244,15.4311038822577,1.37209980343235,6.03822000157515,1355.33446307035,232.45469625835,1839.77043500562,481.293286914529,75.8473458154192,3208.85014762699,94420.0068707689,14.6275063447702
0.0255299273051743,29.0030766607824,3.08656606887162,19.6727191498888,15.2999851226313,1.35923428643664,6.04432407425632,1340.87294552319,231.656408966124,1819.85517077023,474.984921388641,75.0547138578116,3174.91938044225,95997.0137838636,14.6252029585758
0.0259896414023884,28.979131356914,3.05783663418806,19.5738950976782,15.1580274623056,1.34241286681693,6.05160317783488,1328.27249381514,230.892089272178,1802.46116874777,469.373984811996,74.3660500871592,3145.19840468874,97284.6760338719,14.6229443316859
0.0265900219564657,29.0021879365049,2.97607558597091,19.4354629436102,15.0374997494507,1.32889429914121,6.05734638290011,1316.584917979,229.956916135006,1786.3358455944,464.118420104768,73.7290213868492,3117.43925263873,98048.8971440705,14.6207309667814
0.0272767385530645,29.0826940814485,2.8683051401866,19.2771110435177,14.9404295200189,1.32089478748132,6.06107227214182,1306.83980133827,229.070049070987,1772.8746868712,459.531453955388,73.2010231415732,3094.07785229923,98607.7124574909,14.6185620359925
0.0280065921805124,29.2051713899441,2.76102944749403,19.094232643403,14.8516250902207,1.31564401312447,6.06395017988291,1298.46032950034,228.255272829845,1761.26727741783,455.403880247492,72.7484242977756,3073.8119266249,99069.3131423087,14.6164374797429
0.0287793082930762,29.3517900317167,2.65172317628,18.8752784505114,14.7600382883583,1.31204704168075,6.06671561456534,1290.70610000647,227.438692534832,1750.53297348915,451.485665146076,72.3306086677468,3054.95881832669,99516.6298828302,14.614357392085
0.0296345758937208,29.5091050301041,2.52081067232964,18.6155890647773,14.6572691965301,1.31114126933434,6.06963792495478,1282.90192952993,226.530121809332,1739.85559742072,447.542423375891,71.9132208839157,3036.03605614073,100010.997404454,14.6123219555849
0.0305828540814849,29.6723399874388,2.36614528637977,18.3147104840399,14.5456848021837,1.31508697635107,6.07226271061801,1275.12018697272,225.496847861279,1729.38409454148,443.585207713489,71.5025984887389,3017.22019041589,100440.546746521,14.6103317133182
0.0315879118374297,29.8434025570576,2.20164274368623,17.97676903516,14.435004042886,1.32418354069635,6.07403961967899,1268.14278996521,224.404581798483,1720.13716497328,439.872936859985,71.1418747466993,3000.26083506031,100772.869833108,14.6083870203601
0.0326121025760569,30.0036209900172,2.01936473600575,17.6038264434323,14.3624382413715,1.34082343408579,6.07269475546836,1265.01287862328,223.57267507737,1716.21605173567,437.457305219123,71.0033124331345,2992.1685570592,100436.495265589,14.6064891880946
0.0335174515320988,30.1025437183947,1.82703196543289,17.2015948515077,14.3888731167985,1.36954610062943,6.06436534435742,1270.55598071438,223.604031540566,1724.14784346176,437.988798234589,71.3606079038676,3004.14390829818,99026.5441506653,14.6046393422586
0.0341752395507572,30.1279919014009,1.6597074354234,16.7862585309243,14.5125286513244,1.40809069800669,6.04941261809959,1283.74456022308,224.486686768887,1742.48357014412,441.087353540464,72.1535848004702,3033.81679509584,97410.3408214813,14.6028363914313
0.0346209898873136,30.1087771195796,1.52211189788972,16.369276435849,14.6894222985427,1.45246957360398,6.03071703871925,1300.07025281117,225.717906022838,1765.07793449041,445.194008566647,73.1256635034275,3070.71454793486,95856.0038648914,14.6010801161815
0.0349080179676668,30.0518018431855,1.41538479135187,15.9552525731466,14.8685330736766,1.49943333978324,6.01144321479825,1314.8460067473,226.68117924351,1785.55563307245,448.695004945577,74.0112363393149,3103.89665509737,94860.4132535956,14.5993694692461
0.0351736694635034,29.9167207157048,1.33260747710351,15.5448400933973,14.9838660833296,1.54393528189206,5.99584242399102,1322.57621508297,226.55064302399,1796.43642086663,449.725240054186,74.4996099073444,3120.47047281364,94862.4708733432,14.5977032817356
0.035551217964904,29.6785438900001,1.25041606522075,15.1314889452881,15.0255683207702,1.58729120615659,5.98429504346667,1323.25685427039,225.160746215994,1797.75426577693,448.299106501475,74.5935324320077,3120.35080471263,95164.7806093589,14.5960836177709
0.036011382935934,29.3583265621805,1.16458685937387,14.7143294925539,15.0312620148449,1.63276552159314,5.97433474010396,1320.89306456246,223.026748690914,1794.99068496897,445.77592591877,74.5212423001782,3112.89757982425,95502.9121450845,14.5945115380377
0.0365227321442707,29.0104250771158,1.07144608637509,14.296701888171,15.0524744794541,1.68324939348324,5.96279659942997,1320.31197222425,220.873051387481,1794.72442739816,443.788340609486,74.5559719317873,3109.43895099659,95352.7243541513,14.5929884938422
0.0369917868578295,28.7196978584406,0.97235021355421,13.8782358948324,15.1525161867128,1.74390087844216,5.94551592311662,1326.97184709392,219.518777236275,1804.38892329432,444.154098843492,75.0069237171139,3122.76236242805,94281.9439483841,14.5915157354889
0.0373232452432619,28.5126604150898,0.883002376116922,13.4632954402593,15.3323982913279,1.81324076297676,5.92260000084893,1340.50155383524,219.040108941217,1823.44421527877,446.72011731143,75.8507086980977,3152.04607048336,93037.4830492621,14.5900920125712
0.0375775794880565,28.3519310802126,0.806715791426282,13.0569537211148,15.5475462246788,1.88682969637934,5.89709096836238,1356.33680578202,218.87910056634,1845.64094888461,449.955865925855,76.8264198365573,3186.6535638678,91882.5043170468,14.5887169184736
0.0378117058130069,28.2045613855379,0.73906719025224,12.6573789567116,15.7687135672026,1.96369999829836,5.87071416362341,1371.69342033867,218.617746758084,1867.19743072919,452.931337129932,77.77684928762,3220.06979934795,90876.2917219441,14.5873904597994
0.0380640095739394,28.0575040778943,0.674521989438248,12.2584331973939,15.9829604820634,2.044525132826,5.84405530236282,1385.52952011501,218.028986961046,1886.74148900472,455.294166612091,78.645148556162,3249.84179485127,90044.1770904933,14.5861127045602
0.0383310892080703,27.9108463292793,0.612045545524494,11.8555535639715,16.1897264523361,2.13014905488629,5.81700240098214,1397.95510591309,217.081495668085,1904.44976917643,457.073420247366,79.4389357583014,3276.21234488561,89318.7497801842,14.5848840186772
0.0385994334740203,27.7688882011098,0.552547647886881,11.4481758488299,16.3947763742849,2.22053722996124,5.78923949302257,1409.43230698344,215.855687069246,1920.93716776923,458.419762613094,80.1839956673887,3300.25707897056,88664.5256332972,14.5837047141842
0.0390644475446691,27.6335793294274,0.49738511364425,11.0331602841263,16.5965034054419,2.31701830325206,5.76067887540894,1413.66079632134,213.512820910572,1927.56786251168,457.322748337955,80.5182172312241,3307.29381442385,88115.2592233706,14.5825748625142
0.0396628725954874,27.5032637696286,0.449415852704149,10.597800295614,16.785949700443,2.41996597225252,5.73175573365717,1412.71094805679,210.437766797536,1927.15357460876,454.456783962469,80.5588186678813,3302.2124217037,87719.3764521309,14.5814944555757
0.0402364332045613,27.3774377237014,0.411742451159948,10.1348474948804,16.9650449149561,2.52341837020505,5.70317079587868,1411.13038802374,207.296157295319,1925.90671843995,451.287784612721,80.5657033034249,3295.64444069085,87400.9803350899,14.5804639539171
0.0407611146710055,27.2576227008958,0.38416481176271,9.65003685684594,17.1415516629711,2.62220191188892,5.67520665177438,1410.47477742377,204.284020935624,1925.9539571012,448.320390390835,80.6274551412461,3291.20592364391,87120.5910582289,14.5794837224382
0.0413081827030445,27.1369615074276,0.363175338776455,9.15510553686731,17.3162932782384,2.71351202464657,5.64824725109353,1410.59415550805,201.38408622594,1927.07211240549,445.517067166389,80.7341478109403,3288.53849635796,86912.3488797428,14.5785538489849
0.0419519322496405,26.9907597108199,0.346205860187985,8.66300806893412,17.4807990599773,2.79619237288645,5.62300431188852,1410.52154065969,198.510764296542,1927.88806307969,442.582270127909,80.8277182248795,3285.38358959531,86830.9828854538,14.5776743497385
0.0427322933138159,26.8037634459181,0.331584831430683,8.18075734744825,17.6300963357715,2.8703492991115,5.59980983046271,1409.77782332411,195.626457642948,1927.71403338876,439.378048069002,80.8790661211657,3280.62385347681,86817.9583018792,14.5768456547373
0.0436525158697456,26.5837453781419,0.31847671410354,7.70832826196111,17.766175833974,2.93650651550089,5.57851458609837,1408.62718807195,192.756929555639,1926.92162871357,436.000444509352,80.9036803578149,3274.88378269469,86840.4210980342,14.5760681046919
0.0446982827074417,26.3577596506356,0.306438381262058,7.24792977320159,17.8981375923083,2.99561016646296,5.55848560626098,1407.83416827651,189.956957034556,1926.58988527107,432.698730422581,80.9468001542275,3269.9422017953,86796.4221781528,14.575342200822
0.0458295603039746,26.1763369487051,0.29556946059105,6.81252892907408,18.0439276140714,3.04969589939106,5.53841786950189,1408.66776802883,187.29849690571,1928.50238778951,429.872860888035,81.0833017113179,3268.72223481881,86562.8900445077,14.5746684336491
0.0470496452106142,26.0650403275556,0.285997654370015,6.41197716081922,18.2084791796386,3.0988484481434,5.51801587151756,1410.97403021821,184.733731847828,1932.46700879391,427.474253055606,81.3047238374158,3270.8623264728,86274.9546403353,14.5740465621824
0.0484232230909919,26.0075661541735,0.2774679543283,6.04376571301241,18.3809339595927,3.14171843518652,5.49809825615829,1413.33757108052,182.136382317206,1936.52771803844,425.064352903559,81.5282260367833,3273.10281702715,86005.4824290987,14.5734765201719
0.0499729658642659,25.9797207939389,0.270185393946452,5.69817713901214,18.5567175590359,3.17752386379934,5.47904899470429,1415.41765051574,179.500379747129,1940.19768768522,422.53721931634,81.7330287231333,3274.661884402,85710.4684498787,14.5729585604139
0.0516684169890729,25.9637162820186,0.26520250230259,5.36099127041662,18.7441672243453,3.20614985425012,5.46041952156038,1417.86574793675,176.901046799152,1944.35796122152,420.095255299034,81.9562747199188,3277.03484120221,85312.0644226623,14.572493003549
0.053525735654149,25.9503850253834,0.262092497748893,5.02544307347808,18.9475068756256,3.22655616246489,5.44212175547203,1420.86320848874,174.360149562749,1949.25028447607,417.796411616486,82.2078648872429,3280.63593441605,84883.5794522701,14.5720798006109
0.0556001758473689,25.9389235885193,0.259974806182126,4.69585385801508,19.1614080528636,3.23723766698683,5.42467553547975,1423.90473950303,171.831573782284,1954.17935560766,415.486571038182,82.4577304523591,3284.3044233846,84467.5105294666,14.5717189648521
0.0579253016639805,25.9324957916196,0.258521825373772,4.37997846397846,19.3804805078033,3.2369516069413,5.40856898607296,1426.64341730614,169.285588852119,1958.66928251985,413.06005034352,82.6849823189905,3287.24601469524,84073.5026522967,14.5714105911729
0.060492217713841,25.9342974944079,0.258074790235261,4.08601159649646,19.6021435099393,3.22429029032445,5.39416172879077,1429.02164152451,166.727385850255,1962.63766941134,410.503013517984,82.8854215534746,3289.33494010647,83702.4731306668,14.5711547956037
0.0632800123374221,25.9454384287296,0.258358915276827,3.81880932470969,19.8256767762187,3.19788985268305,5.38170198226074,1431.12950732258,164.173887300112,1966.20501790444,407.847532438392,83.0635331129265,3290.78351978337,83350.2985514594,14.5709516995867
0.06624119351419,25.9648623422397,0.258992088943165,3.57851845255268,20.0508066940204,3.15691349156642,5.37133035834661,1433.07611268284,161.635162559574,1969.5213394745,405.1290494897,83.225197224729,3291.84310435909,83014.9217740231,14.5708014146369
0.0692148208950219,25.9873427382952,0.262885790286204,3.37964544090643,20.2576083875281,3.09729557056362,5.3648330816816,1433.54305386009,159.01367167382,1970.74814399253,401.990408822527,83.2921968493321,3289.50748798144,82946.6735345442,14.5707038582612
0.0718810442772997,26.0031387120831,0.276748494701796,3.27508944786476,20.3884533238831,3.00860211557262,5.36721875552377,1428.83157958253,156.037449123862,1964.71363079918,397.451169075394,83.0454014146843,3275.34471259993,83567.6899397399,14.5706593153882
0.0740909144109999,26.0102804002623,0.298901485345105,3.30091309876111,20.4167773299435,2.88820542490461,5.3805443350675,1417.80163759626,152.614148347714,1949.79489422398,391.270652855498,82.4168449172545,3246.76000865373,84558.5585028277,14.5706686878344
0.0756245454343984,26.0145087681411,0.326008516369257,3.43913028480223,20.3717105627959,2.74488613529049,5.40181499269617,1404.43736293361,149.071187278457,1931.50149990259,384.581357082611,81.6412059445197,3212.8511221423,85646.7176295809,14.5707322338227
0.075542774152419,26.0229146494405,0.376877869839133,3.70182274684673,20.2899111806536,2.58299053530218,5.4283318245943,1391.69215797203,145.686284339551,1913.96402624034,378.282385163523,80.8945517134315,3180.46784370524,86774.6009169238,14.5708499237772
0.0719896624241413,26.0463712077502,0.510922993306667,4.23413844970139,20.2007543968809,2.39026147011724,5.46067025632886,1380.94820728773,142.702396239536,1899.18733918855,373.077916749284,80.2619623589325,3153.13771319516,87974.793643278,14.5710217516331
0.0658507435622721,26.0919174951063,0.750697096599605,5.1473072845462,20.1219899988764,2.15767109688877,5.49952035322773,1372.59762085709,140.241111333039,1887.77962775964,369.33644424667,79.7703351336489,3132.04019301878,89216.3827089114,14.5712477000481
0.0174971926145593,26.156817632424,1.29572024899195,6.41359398091918,20.1266737850758,1.79426665960018,5.55217318005415,1363.83507911779,138.011128460624,1875.85135240522,366.160424303964,79.2536748486542,3110.65404620447,90477.9078752249,14.5715277590942
4.44206285715923e-08,26.2766587764525,2.60143998009058,7.80341050746137,20.7120880300852,0.904343719618103,5.64137508300972,1383.42521734245,138.299708702915,1903.132718175,370.887018328263,80.3755483125907,3154.03106942072,101232.643997636,14.5718604742182
7.3410841224878e-09,26.3569141001063,6.58295445802702,9.37331198929008,20.7384301672142,0.210966831791851,5.73482605408949,1359.9786460031,137.0377331946,1870.2550840491,363.393722462062,78.9433117599053,3100.03406244108,103342.911868656,14.5722492898895
4.94356323372216e-10,26.4282666726634,14.337426223539,10.8542956103864,20.0542845390218,0.055828474196259,5.79379576856871,1355.61800889186,140.230705910336,1862.73591985666,359.164398209382,78.5739553760518,3089.49775176808,105636.642366221,14.5726923747854
1.12634748755757e-11,26.5013074602312,21.0097012373881,12.2780060383966,19.2042505961972,0.0447323662948372,5.84618533444977,1341.83073603437,144.479966738116,1841.58793975942,354.154831304706,77.6213148353426,3059.38861479461,107894.913816516,14.5731895703259
7.86215815515802e-14,26.5928607008311,26.4193916269685,13.5952832087981,18.4044167517594,0.0379398916421666,5.89636569911018,1330.03151143931,149.7476631843,1822.90372212119,350.78081665086,76.7701907144068,3034.83091011527,109846.357406155,14.5737407430445
3.24308847474193e-16,26.7447022598973,30.9405330041619,14.7016873729153,17.6915342062957,0.0287807224657617,5.94122443905649,1323.83863246213,155.281968862329,1811.92082221371,349.023492466705,76.2439372417538,3022.89173959696,111270.15604167,14.574345810102
3.81436396563887e-19,26.9686547298512,34.6532805711379,15.5843748140638,17.0490200279847,0.0193327654547189,5.98134526086674,1316.57248870709,160.27936204206,1799.48711695512,346.776552544086,75.6548883418471,3008.08478883103,112403.562777478,14.5750049424086
4.7689201377383e-23,27.2367063511493,37.7495447871078,16.3075687490103,16.4490586357447,0.0111625576052174,6.01866213748756,1308.15107691058,165.182257420764,1785.40485617337,344.053040084589,74.9940844252255,2990.50165452904,113317.462035177,14.5757182029416
3.32836779938545e-27,27.5070881790894,40.3411268228534,16.8917734101239,15.9110673579209,0.00540602199745813,6.05235587813165,1302.89937190285,170.285893041561,1775.69168055096,342.193710697096,74.5192621859031,2980.07603113133,113494.072906156,14.5764852740321
4.8814101034986e-32,27.7321384729483,42.617084062517,17.3352625393723,15.4817574584984,0.00208187108052171,6.07982976325982,1305.80470792877,175.348338686142,1777.44418708613,342.672236032286,74.5369759100846,2987.93329921335,112595.30383872,14.5773058313891
-4.28169846136759e-38,27.9071682852006,44.8284017959023,17.6760212106253,15.1444395072705,0.000594843313910134,6.10194638002256,1315.30386858943,180.208427368065,1788.51268824078,344.973669981907,74.9561933177832,3010.44886060461,111407.301986606,14.5781802479317
-2.47982273232015e-41,28.0573272830478,47.0910014141776,17.9493017567146,14.8543279629075,9.28238619273643e-05,6.12118542092148,1327.18518709056,184.927646462539,1802.94133125509,347.780096482692,75.5203334986849,3038.11203633536,110164.905202745,14.5791086434443
-5.74918521170406e-40,28.1940809970241,49.3618970736473,18.1626523241459,14.5843757905935,8.68027221972002e-06,6.1391558417658,1339.07522833809,189.44216592377,1817.40094672049,350.373745565591,76.0859577506947,3065.52986449673,109041.418436311,14.5800911592054
-1.26358347259947e-39,28.3107662759473,51.5292576002328,18.3045015517573,14.3157750112891,1.10996529688957e-06,6.15702621671897,1349.40867343876,193.451879356855,1829.78858926534,352.451813609705,76.5636529194433,3089.14286687614,108161.79694872,14.5811279726558
-1.65042742656663e-39,28.4030041535769,53.5542015299418,18.37293178946,14.0465649551403,2.22109333065089e-07,6.17491907828295,1358.27210487841,196.813964004367,1840.27522260382,354.186430739576,76.9613510466714,3109.1736493894,107364.147649559,14.5822189339836
-1.69130418737339e-39,28.4764344704932,55.490355440457,18.3883122549009,13.7822056713817,5.53997771205008e-08,6.19250519025532,1366.54208514227,199.630837871622,1850.06359248503,355.851042760156,77.3305967159322,3127.65260835833,106613.272655278,14.5833639821775
-1.54568653771573e-39,28.5459858914385,57.4162298661778,18.3754899811457,13.5327930012649,1.54402659682416e-08,6.20918642710305,1375.48383603305,202.106163977121,1860.88158002304,357.762895916827,77.7446155970744,3147.49734493892,105722.537622896,14.5845627651582
-1.35877603094676e-39,28.6395907809032,59.4339756299201,18.3632458371161,13.3139979934052,4.73577307615417e-09,6.22404855776185,1386.8016018354,204.548827697859,1875.06360679845,360.34595434164,78.3013909686646,3172.66740109555,104540.109671509,14.5858148093205
-1.19638217081092e-39,28.7689226244299,61.5780338557949,18.3714484646497,13.1206216013713,1.61254806217862e-09,6.23740111678054,1397.03174821379,206.668132994958,1887.88178014807,362.669026064452,78.8021650642444,3195.34184302495,103371.657591429,14.5871204743415
0.00494643694045052,29.0477652794833,59.2799286697145,18.8670055285908,12.6115539892078,0.0161690669168091,6.27752019613893,1356.28428195312,205.111799626529,1830.99612571468,355.417024916148,76.3746917876165,3105.7276256517,93096.1675162951,14.5884861793785
0.0110722719561771,29.2414763792211,39.6386549146502,19.1973993724351,12.6372727607324,0.0790654836057014,6.30871335701705,1358.56340290005,206.34667390706,1833.55374130934,371.949285981205,76.4908475845158,3120.69149685301,92470.226589611,14.5899009184114
0.0214135061327959,29.3458064956282,21.8952036276876,19.0777330205451,12.8751184916489,0.205075268285486,6.30894236627004,1364.16126622582,207.320224768732,1841.14239612652,387.742304878243,76.8544696929162,3142.2678175108,92579.743543465,14.5913715637147
0.0231595586924105,29.3472969834595,12.2382045254019,18.5978070887811,13.103925122417,0.355137285562304,6.28752577265042,1364.43287305039,207.584716038189,1841.67034470968,396.382750041376,76.9394949655341,3148.40179706636,92960.6064597565,14.5928969808037
0.0246918725332107,29.2706603284318,7.22953792248739,18.0053743603812,13.2263668297618,0.526791441875978,6.26033080487697,1360.81245470196,207.362451561944,1836.95745252856,400.342561934434,76.8095377919389,3143.51933686099,93410.4246835669,14.5944764794095
0.0262444831228812,29.1608911469411,4.90279637107174,17.4021982408834,13.2559362297303,0.713922215148021,6.23211100951487,1356.61417041743,206.985290170184,1831.48296654142,401.661747482287,76.647568958695,3135.78683389315,93734.0518619195,14.5961094108948
0.0273819639936744,29.073820376116,3.91107544472039,16.846327879543,13.2582644580812,0.892362138588452,6.20496532018815,1355.09932273541,206.731444616733,1829.69163344336,402.290054906099,76.639182045912,3133.20770667503,93761.9245224369,14.5977951865557
0.0281339422221969,29.0329108893577,3.42036575808303,16.3582523766177,13.2747598590893,1.0429591023096,6.18041317471759,1356.27931938003,206.616869079345,1831.60787598646,403.073749159126,76.7853445734898,3136.33305495396,93726.1449732951,14.5995343303065
0.0287498989935995,29.020351622917,3.09506970759324,15.9227215055645,13.3053072158846,1.16518491287856,6.15886593887691,1357.16813503288,206.367478345601,1833.1806755031,403.520588747948,76.9156807738219,3138.61254294434,93713.5840619115,14.601327024666
0.0292973767927417,29.012709052927,2.83667822059007,15.5327563388662,13.3573673337442,1.26648458724535,6.13907445995721,1358.64750926548,206.044344085149,1835.60449505192,403.978842080215,77.0817186544571,3142.08677195887,93433.7740295127,14.60317225378
0.0296812437749948,28.9963550617116,2.640967392553,15.2126140822799,13.4624257879942,1.35334494247769,6.1186974398604,1363.74301936603,205.853367572235,1842.9651394454,405.368647253229,77.4578471890535,3153.57633577349,92596.5738380778,14.6050686859503
0.0299384799730186,28.9702676789327,2.47775504002295,14.9731973028662,13.6250154718843,1.42992542718074,6.09704399903611,1371.9610814553,205.753128348347,1854.57127166221,407.58865082412,78.0154604308925,3171.96938968026,91626.4940603058,14.6070172267974
0.0301958861211483,28.9398388004251,2.31459410661628,14.7941347755448,13.8199096778315,1.50295460570878,6.07446152520153,1380.4005462434,205.521616066313,1866.48621503126,409.762456394805,78.5875888047095,3190.69411720448,90685.0641832611,14.6090182726659
0.0304664158998769,28.9075808109088,2.1677443963089,14.6697547849072,14.0175708490368,1.57600783230788,6.05193647018929,1386.40176983875,205.010980753885,1875.1148155274,411.057664074527,79.0210742311048,3203.76256495072,90040.7960867484,14.611073099292
0.0306312147071654,28.8687365695665,2.09363952740094,14.6422101130025,14.1858090461955,1.64265247510189,6.03212148685984,1387.22893984663,204.178735949204,1876.77140233658,410.726179972734,79.157995849374,3205.17328722956,89972.6669248157,14.6131836020326
0.030683396015183,28.8193181011254,2.07904452540495,14.7362404612136,14.3239193464569,1.69608796787431,6.01610998247453,1383.78506446176,203.19240419779,1872.70111978076,409.153763381521,79.0503452341509,3197.13133403771,90101.1227144274,14.6153480118877
0.03066544711856,28.7615649537462,2.08943709564542,14.9258863393946,14.453713692813,1.7377674234315,6.00248338290948,1379.28330278766,202.262818922564,1867.25634008717,407.300552879683,78.8831627726425,3186.87583684497,90246.4067684787,14.6175651443882
0.0306523175251109,28.6956808528498,2.09611957386634,15.1670902033174,14.5798051318304,1.77092150205478,5.99039669065093,1375.23482300517,201.514417387285,1862.44367682165,405.558400875389,78.7408215293537,3177.75566933675,90510.9418993591,14.6198353807625
0.0308098107778072,28.6120604326417,2.05949068519202,15.3970544194957,14.6817567946935,1.79992379494899,5.9801377991711,1370.33820062691,200.908364118466,1856.41678899844,403.450469930403,78.5415865842691,3166.73929792975,91051.9878313001,14.6221594242326
0.0311536434509173,28.5048475453588,1.98475169609836,15.575540866863,14.7478087686646,1.82985168030826,5.97148959080216,1364.26640287479,200.453914174923,1848.6899846299,400.811548814456,78.2629670318832,3153.03054746698,91692.9057684213,14.6245360999266
0.0315669823178369,28.3792562069848,1.90220005980729,15.7140230160713,14.7876427007603,1.85943916775503,5.96412929597405,1358.44380818406,200.2602434147,1841.21833657615,398.111920070759,77.9893737201274,3139.90241837739,92352.5977691169,14.6269647432004
0.0319766269243611,28.2454279634608,1.83433362190818,15.8514344052698,14.8120745436949,1.88483850941896,5.95810837113447,1352.742073309,200.22114933768,1833.8384628585,395.431411914505,77.7168348750076,3127.07604565269,93005.7008452033,14.6294450489327
0.0323107870277111,28.1166959005713,1.78816860030607,16.035630785113,14.8280251934046,1.90284496622755,5.95357320111106,1348.51153089033,200.375822004223,1828.33175648529,393.229505557615,77.5259507468874,3117.54990450473,93636.6481131614,14.6319767853296
0.0325544431655898,27.9992082997083,1.76661972143929,16.286499332157,14.8372703584792,1.91170755143801,5.95069311166496,1345.25184259604,200.609587568846,1823.98484470501,391.379598757519,77.3885725472637,3110.11768778382,94270.6740994614,14.6345598992193
0.0327388674229273,27.8894348385013,1.77221885985324,16.5870436072687,14.8376899982515,1.91233544770651,5.94944232266369,1340.85841956403,200.719011509819,1817.96507261758,389.262168325656,77.1821351588778,3100.00959494394,94909.5274414868,14.6371942235423
0.0328658163713454,27.7966585902081,1.78765057830818,16.8832721964024,14.839756649417,1.90811626250501,5.94871423197338,1337.39942906622,200.983171763997,1813.15560109608,387.422049875074,77.0273323510847,3092.02367721171,95342.8156451642,14.639878746644
0.0329965460656578,27.7577375490123,1.78403510019386,17.0843567332809,14.8674752298052,1.90555735639164,5.94618407394284,1336.55103344572,201.589171497689,1811.94918833053,386.287772548062,77.0247515247367,3090.06452347023,95362.8135559568,14.6426124727112
0.0331480763401133,27.7876713608684,1.76507180129463,17.1601298032691,14.92354097671,1.90892444870661,5.94107359614649,1337.08382284479,202.419206666994,1812.71186375917,385.489648015231,77.1041306706707,3091.36185911459,95235.0882647001,14.6453962081929
0.0333179202921243,27.8670434627874,1.73458450643102,17.1472297731341,14.9950702993807,1.91771765196824,5.93422608973561,1338.26190799823,203.398506346906,1814.39361245597,384.83597626558,77.2215730096075,3094.20548088322,95053.1819891641,14.6482301321021
0.0335035996597041,27.9638039380992,1.69375434018672,17.0814015576616,15.07421507176,1.93160245492885,5.9261699304315,1339.86755562632,204.433658780242,1816.6343754776,384.274526378929,77.3633807402708,3097.99346449025,94843.4115755042,14.6511141387271
0.0336988517174752,28.0336930105383,1.64484964447778,16.9863329736316,15.1581110084608,1.95030947507997,5.91711826707999,1341.85889995753,205.409343785259,1819.30459672239,383.788592571117,77.5258420755624,3102.47772172743,94625.8079441962,14.654048093427
0.0339081703808882,28.0589635430203,1.58765654874202,16.8680737752425,15.2474399714861,1.9738780726282,5.90702965813426,1344.31784909527,206.278357724889,1822.49412876852,383.394170711831,77.7135803446201,3107.77917531014,94379.8347165051,14.6570316738523
0.0341298670536869,28.0561645394088,1.52379014909487,16.7208632332883,15.3437894047037,2.00255108360884,5.89577754782326,1347.33931673553,207.07537625454,1826.3686699901,383.112963922583,77.9332371180604,3114.16353337826,94106.8711076848,14.660064638317
0.0343761213735311,28.0404793171178,1.4533066768556,16.5286104897539,15.4457395885474,2.03634697623247,5.88342906090253,1350.7482222121,207.769109444999,1830.76510739184,382.896140721965,78.1771588944436,3121.29256931275,93837.2207126351,14.6631468934849
0.03468857131254,28.0098022444912,1.37218887859102,16.2544801790581,15.548174172928,2.07589426078943,5.87014951215267,1354.11784584718,208.170712046643,1835.23268052916,382.626232893708,78.4256835441362,3128.20958131728,93601.6649090699,14.6662783745515
0.0350633151459447,27.9600016693559,1.28605091934683,15.8850028566639,15.6477218191207,2.12170625389779,5.8560328734365,1357.08956665125,208.167998519283,1839.33905523989,382.19776532767,78.6601669689353,3134.09120207708,93385.4581415975,14.6694587815488
0.0355040846498282,27.8940851983751,1.20350224809533,15.4447792368623,15.7438152461008,2.17336350183499,5.84119221677424,1358.25632227281,207.660636408218,1841.11513784746,381.220317012268,78.7957991555655,3135.7191575966,93187.7330055136,14.672687869341
0.0359912973394391,27.8224225016608,1.11929376603855,14.9626615111093,15.8529884175808,2.23248137647604,5.82450398276293,1359.99189070751,207.001906871203,1843.71942196222,380.344794337177,78.9686893464934,3138.50243788867,92734.8902430361,14.6759637180541
0.0364680015692795,27.764230615757,1.03092834912211,14.4673227043249,16.0116495741872,2.30370598601862,5.80328367050343,1365.71988979137,206.627846780553,1851.7427218372,380.498514905818,79.377227032335,3150.21406619615,91762.9389599966,14.6792838872505
0.0368519053710063,27.7263637541601,0.952703593318282,13.980759232762,16.224391709808,2.38637026893743,5.77736593514056,1374.77842806159,206.542123431751,1864.24642765157,381.489667174277,79.9810124838899,3169.36175287504,90690.3635433918,14.6826500324204
0.0371785167969623,27.7001042816042,0.887896539371113,13.5059170883587,16.4664586800295,2.4760670473971,5.74877337533142,1384.04120689939,206.431596240812,1876.98899023762,382.469873991652,80.596831075634,3188.8638526389,89681.5641259497,14.6860629473347
0.0374672083559467,27.6764412762867,0.841037591216041,13.0406450801854,16.6981536155857,2.56641399370958,5.72063412894976,1390.07734169651,205.967912601059,1885.32297808365,382.508564495268,81.0236232579285,3200.96723316717,89114.0575147872,14.6895262238913
0.0378151356724186,27.6523286220677,0.810711521207505,12.5851462555517,16.8568310713535,2.64639531620884,5.69802045257941,1388.688285104,204.802139516437,1883.54991012822,380.475046479346,81.0146629727159,3196.21789641074,89413.827586364,14.6930450515234
0.0383704943952907,27.6305956543352,0.780261751585809,12.12786892126,16.9260555863516,2.71389295788014,5.68214334076091,1380.50142109973,202.949978581541,1872.5614643151,376.546369124983,80.6086110318185,3176.04407443108,90043.4865527272,14.6966141093687
0.0390797551763824,27.613853923699,0.745585133644494,11.6598980577961,16.941339290226,2.77357855093827,5.67032573706779,1370.46296375801,200.833949148682,1859.11468707259,372.058622982331,80.097524185078,3151.63522254666,90723.5186865991,14.700229908348
0.0398852560829391,27.6041913401112,0.702792080505926,11.1863554767544,16.9581060613117,2.83124786449481,5.65864763070621,1363.89316083175,198.945513638484,1850.44270500703,368.453589404654,79.7940702250487,3135.02454267323,90998.4706511277,14.7038882361408
0.0406732946499228,27.6060877547375,0.651946340403537,10.7224872902894,17.0452823512864,2.89706296862764,5.64181206051832,1366.05526796952,197.768237819519,1853.676679447,367.138535787463,80.0073588300727,3138.08054428998,90436.6547827965,14.7075850522279
0.0413182840092485,27.6197087086828,0.60533025108047,10.2842600215777,17.2128116482226,2.97129025355324,5.61924420692633,1375.88275515055,197.244440261142,1867.32246173522,367.822205913416,80.6727470620686,3158.37853346637,89636.6340434912,14.7113242898921
0.0419748182666619,27.6410872936499,0.566464298100195,9.87424904441607,17.4172108680692,3.05022081498641,5.59397082233703,1385.48039126184,196.586773259808,1880.62064281964,368.412274735345,81.3237901760779,3178.02096733526,88858.6177295112,14.7151078943899
0.0426579336919411,27.6633968236064,0.534417042012576,9.48069917747101,17.6279101753516,3.13229929848498,5.56794082624477,1392.70076933721,195.624703488786,1890.66329297717,368.335046250696,81.8343748300482,3192.18726470896,88157.152924198,14.718936258387
0.0433303354469477,27.6731541743881,0.508788578299845,9.08300763697302,17.8351732349639,3.21585751865148,5.54192157939608,1397.56081742578,194.368807410235,1897.49984766519,367.596227989637,82.2063667208284,3200.94778444672,87546.5289231628,14.722809441005
0.0439882082805544,27.6632012333655,0.487528864247158,8.66954097932114,18.04095499345,3.29976034200493,5.51594206906789,1400.89141834837,192.899760648388,1902.27610084425,366.416270248123,82.4892026591443,3206.19704634706,86994.3220325817,14.7267268890336
0.0446477668658997,27.6382117288136,0.468992576220264,8.24372869920809,18.2505407950268,3.38366394413333,5.4897294838661,1403.59282566522,191.308190408804,1906.21449858546,365.026736978791,82.7358141910286,3209.96805218597,86481.678390685,14.7306880849196
0.0453501502236108,27.6088175546151,0.451517127819282,7.81378728663189,18.4678109145465,3.46756710285873,5.46304777683217,1406.24703086429,189.644610918363,1910.09997681523,363.573135096476,82.980198627136,3213.56149200319,85988.003768137,14.7346923905848
0.0461549338458336,27.5906834732226,0.433192268226125,7.38661409022362,18.6949143363785,3.5519681414128,5.43568769377127,1409.16662960787,187.905697914251,1914.35689299093,362.127456663956,83.2407330448314,3217.65204085727,85492.7538866694,14.7387390372786
0.0470908098655589,27.5922674464564,0.414594292070168,6.96594865359385,18.9309400260257,3.63662034075081,5.40773161194999,1412.31699791689,186.072527748731,1918.93675061933,360.676020684702,83.5150536705259,3222.14543625694,85012.275649411,14.7428278804133
0.0481821297881234,27.6099163128432,0.396653003193369,6.55289395556338,19.1729058173783,3.71997887252901,5.3795860530999,1415.45415913647,184.144585584727,1923.50194333267,359.161587080724,83.7879607503794,3226.5055961147,84556.6644501028,14.7469587842777
0.0494466521781081,27.6372937090346,0.380333164743879,6.14850355288646,19.4185586006125,3.80000456043854,5.35169615309058,1418.42076031856,182.144982156771,1927.82690748613,357.553619091484,84.049060612674,3230.40059204877,84125.0445621032,14.7511314155831
0.0508884696912859,27.6717527091198,0.366912966442828,5.75631510681962,19.6672957206621,3.87430851161349,5.32446942521109,1421.20582352461,180.120104527079,1931.87260108939,355.860849976645,84.2961198734225,3233.8249797016,83713.3024973045,14.7553453355524
0.0525449735522401,27.7127983499833,0.356036462181868,5.38006804074662,19.918299527055,3.94047827720873,5.29832305256656,1423.80483551814,178.100825796038,1935.61611285347,354.090949537236,84.5275091886686,3236.78099106335,83328.3241162083,14.7596003993364
0.0544707486653293,27.7596157240521,0.346868887115457,5.02167490216748,20.1695243350546,3.99648106547985,5.2736753049153,1426.16927203668,176.085653110775,1938.99412822552,352.233999606208,84.7396630221898,3239.16481309521,82974.8358786977,14.7638964956618
0.0567164132271768,27.809427641304,0.338826747370641,4.68392655828409,20.41655941278,4.04000877131309,5.25111439301595,1428.11382614038,174.047876424084,1941.77439851958,350.245295186804,84.9213943992742,3240.5709367696,82680.6909462303,14.7682344051118
0.0593230451492915,27.854961619689,0.331292420743701,4.3730840016957,20.6513470530927,4.06806493560184,5.23153745333938,1429.24134912678,171.932693872925,1943.46217670915,348.032999337111,85.0497151201659,3240.13809519899,82486.4457728277,14.772615754632
0.0622837137283185,27.8905930205872,0.323821375750414,4.09384694560908,20.8697353583954,4.07847209485504,5.21550039473725,1429.512504413,169.720534344942,1944.03900364564,345.594367011468,85.1227370845547,3237.80209417026,82355.4390562131,14.7770394705793
0.0655164862448496,27.916864345943,0.316500627120542,3.84641131349245,21.0740086330308,4.07029392219035,5.20301090381132,1429.3171091585,167.448421644009,1944.03145905862,343.028631141521,85.1630426891358,3234.43815881842,82259.1813094395,14.7815042188373
0.0688744451524905,27.9388450317235,0.310294102731469,3.6327678208394,21.262743348359,4.04220010788312,5.19435411781938,1428.66431273919,165.150790134794,1943.42496311253,340.345355448194,85.1697552508598,3230.07077829932,82244.3652996376,14.7860115740418
0.0721853966117639,27.9653475561505,0.306384670633402,3.46233891309246,21.4240392527711,3.99188651700337,5.190571394283,1426.79725124488,162.824887690259,1941.16170132421,337.379021676095,85.0962910632853,3223.03436671976,82402.4665631097,14.7905651568554
0.0753235433437797,28.0022970678152,0.303957910839695,3.33952010786843,21.5518991295207,3.92018108396781,5.19190330049791,1423.46949643428,160.479529878347,1936.89733364961,334.086783402111,84.927920807,3212.80100417035,82659.1048700122,14.7951615720593
0.0781607914459366,28.0490632031346,0.302300815328555,3.25719563698734,21.6529453532057,3.83157484736449,5.197309710406,1419.41758754655,158.163587970038,1931.63970227157,330.648768323302,84.709897210253,3201.018102963,82951.7546005121,14.799797319129
0.0804154383015319,28.1032015101846,0.306353423722583,3.21707861830573,21.7183417101853,3.72646615252424,5.2072746963837,1414.2754549106,155.862244845256,1924.88411211475,327.007023971635,84.4211248535498,3186.89078711492,83468.6821962293,14.8044778884756
0.0816052983433416,28.1633631086038,0.327798628969829,3.24618979713423,21.7042263366823,3.59543944895082,5.22584391904417,1405.46413318337,153.413363130514,1913.093604555,322.661846078517,83.9076529447618,3164.73294904718,84566.2528961632,14.809211375769
0.0818565780528821,28.2261742227905,0.364719220176634,3.35480965416263,21.5921401295268,3.43624886979102,5.25453458210031,1391.72364863242,150.665061979327,1894.5495971612,317.420589907094,83.0963842151601,3131.75347402375,85978.8406333074,14.8139840687197
0.0813658491113736,28.2876010930986,0.411825903205006,3.52005141441095,21.4086658645015,3.25997039526341,5.29016587889178,1375.62217369111,147.754836795154,1872.77129598102,311.872859388833,82.144119830287,3093.65245667708,87481.0375519136,14.8187881068645
0.0790493663362387,28.3500814860082,0.496202337585806,3.80847943103632,21.1737588126045,3.06746093460546,5.33154124622987,1360.15713926685,145.031117966553,1851.81343963811,306.758536469116,81.2293869647572,3057.20302614369,89199.2531912427,14.8236255323858
0.0728523840195347,28.4244436360076,0.70906444709162,4.5195178033612,20.8874994213428,2.83263990298987,5.38302745738509,1344.20011014475,142.695198585872,1829.99196201182,302.174872438917,80.276829613632,3020.18042970618,91395.1720329975,14.8284986949342
0.064647739297262,28.5157883238043,1.10241142005335,5.85356048010681,20.5654068355562,2.54210328883953,5.44608577731818,1325.69881493805,140.709853345412,1804.4118521362,297.928825111282,79.159581540489,2978.17488751297,93781.0632971426,14.8334029970832
0.0171249231048031,28.6185619306703,1.99767338344883,7.70701407370889,20.3054485977356,2.11334057260803,5.52484810404692,1306.38979589973,139.103752267893,1777.49916573202,294.047677561673,77.9822217557188,2934.81025469141,96178.1722772052,14.8383373828416
6.14610310966946e-08,28.7041209853619,3.93949240671765,9.60490074192034,20.6979476433543,1.17378429162478,5.6314282271083,1331.94552532595,141.243507650174,1811.7634328232,299.570531702244,79.4666511282139,2991.15044304982,107953.312308153,14.8432858137753
1.19036897090066e-08,28.9561663588477,8.16934848758795,11.7736431319393,20.5296472653806,0.378438427254041,5.7502573938705,1310.16877528276,142.415503238549,1781.02068969485,294.026968122019,78.066304261674,2943.36360668992,110820.061085689,14.8482861547123
4.69047506428973e-10,29.3857898581894,16.134661897037,13.846474477826,19.7078286976633,0.102455981364303,5.83298441690811,1299.72191615089,147.916370018425,1765.17574126995,288.941982552177,77.2952471801826,2921.60602487635,113643.856603936,14.8533168851726
5.12085335318875e-12,29.9244282687854,23.526965971927,15.8429417665266,18.6815907604792,0.0661486255774113,5.89750281588541,1281.50394564354,154.673333562496,1738.36542732048,283.456594841332,76.0302146948844,2884.38161635048,116254.684445693,14.8583777199123
8.97776731612701e-15,30.4758689317048,29.3266861340923,17.6437387647919,17.7556952749274,0.056281574626244,5.95450049332123,1262.1686736173,161.886693345467,1709.85325599464,279.104527586678,74.6911245272604,2845.73911108487,117998.676149668,14.8634669135122
8.04876073544696e-18,30.936289087972,34.0840253325544,18.9552801785242,17.011640503943,0.0428484929917914,6.00092953109575,1251.5739470665,169.318877597818,1693.19734781009,276.853529204015,73.8812385767997,2826.25287816202,118462.97419932,14.8685836687221
4.74802806804126e-21,31.2972742246274,38.1444526492083,19.7800084654565,16.4079295331672,0.0271927303243193,6.03876133644669,1249.24824371489,177.007611452322,1687.73147868783,276.178160481097,73.5693019127294,2824.65285515957,118468.589881637,14.873730472811
1.4406913516221e-24,31.6113434797317,41.7475045795819,20.3172452265394,15.8785107737038,0.0134285874285777,6.07190157230507,1250.92472306808,185.19692648509,1687.57854129358,276.204341959946,73.4920504212475,2831.85660104253,118236.155598358,14.8789076269644
1.19259481699227e-28,31.8876608027934,44.8900336581852,20.6875138724152,15.419357928522,0.00515689897390337,6.10081559385462,1256.15964247744,193.625912719364,1692.21000328011,277.093120927954,73.6269200318603,2846.93504811107,117386.987972944,14.884113354817
1.996097459417e-33,32.0958044519891,47.7341887739028,20.9718162377557,15.0575172260099,0.00159792518973553,6.12422126071962,1267.19501315527,201.562020787624,1704.86634645075,279.458479142006,74.1206552169163,2874.44535696454,115732.548242455,14.8893460915282
-1.10665710079997e-38,32.2366610994549,50.5875874084109,21.2141597967292,14.7731470857238,0.000349075265618149,6.14316476825855,1282.61779476811,208.834086047265,1723.63124614859,282.793297231409,74.8883620815251,2911.08932407467,113936.300823356,14.8946071874202
-2.02409641389855e-39,32.3357931186398,53.5552472899878,21.4143947388624,14.5268223823072,3.40471593604019e-05,6.15982656642108,1299.41623018914,215.738390018779,1744.29252304848,286.232110312375,75.7415799023258,2950.34004070658,112185.791875901,14.8998967669998
-8.46082147170797e-39,32.4108829762472,56.5441968377938,21.5594914314011,14.2898589376836,4.05591828605457e-06,6.17594589222826,1315.40770247711,222.395598343044,1763.83487426747,289.234810856349,76.5457523737279,2987.48464671137,110700.492196976,14.9052154528227
-1.37763080805532e-38,32.4703936477613,59.3714241130987,21.6215767473443,14.0380424424408,8.80919111464691e-07,6.19293746312477,1328.70339084567,228.689288327827,1779.7233940239,291.520287548519,77.188493247035,3018.46175762066,109629.423157448,14.9105639762314
-1.56072070692605e-38,32.5154809591716,61.9773610104228,21.595498319668,13.7699370007563,2.27734268145206e-07,6.21084787677675,1339.47663943161,234.499581813601,1792.23897781599,293.276998040253,77.682792458887,3043.68976758869,108730.344680585,14.915940902337
-1.48564390102592e-38,32.5468460133242,64.4558458667199,21.5110611183428,13.494981995698,6.28847025871187e-08,6.22910680745195,1348.92946168118,239.817563493433,1803.02391351493,294.817996638802,78.1019263026692,3065.79940066701,107941.225552558,14.9213454832289
-1.31198243006739e-38,32.5633676935739,66.8941364820764,21.4097682143075,13.2093153759283,1.82824853578536e-08,6.24791989564073,1356.8706088134,244.619771874749,1811.79506984068,296.077356508673,78.4340820991032,3084.32395601919,107400.579333444,14.9267783108201
-1.1372192777477e-38,32.5545566071995,69.3160506896905,21.332883580388,12.9003106009046,5.60025089949543e-09,6.26799521579175,1362.0425995908,248.769521368599,1816.81880380603,296.738692890741,78.6034878959633,3096.39529526659,107224.977788763,14.93224000641
-9.93217343141412e-39,32.5151721337011,71.6950015816604,21.2863057449828,12.569992732248,1.80728950052648e-09,6.28920583347059,1364.51502781403,252.22132311781,1818.19857595183,296.801044529058,78.6149316895446,3102.12860948701,107212.040001427,14.9377288137211
0.00515038744275298,32.5791534423464,69.5979426830119,21.6849236441272,11.8912912709115,0.0180051302557321,6.33846989563279,1311.19356663087,250.941067044113,1743.94660811799,288.443524702686,75.333498346072,2986.1998009058,98068.8966410999,14.9432638193565
0.00819580760448808,32.5213678178407,50.002295013025,21.9166633835054,11.7765283183304,0.0844016699124011,6.37787223289043,1305.64924367059,252.931714983609,1734.81737013498,303.436353657164,74.9450972480932,2983.93858698529,98196.1051879973,14.9488039389398
0.020437072311065,32.4397149158468,29.9089778359644,21.8512761025687,11.8946004056425,0.203735366141371,6.39269907686653,1306.66178434856,254.402424404508,1735.09030798126,320.852939916777,75.0056572159618,2996.54771983398,98331.6481864004,14.9543684885887
0.0227864633483244,32.3714158507796,19.1223990216914,21.4582225491264,12.040765812698,0.352801563293611,6.38046259182788,1305.56993223634,255.022756522079,1732.846664351,331.574481192154,74.9787342130832,3000.57396973446,98510.0193348497,14.9599571704568
0.0240033797163267,32.3152700480172,13.4564066581777,21.0021848707858,12.1152724225634,0.504101851402139,6.36196471378234,1302.0392986137,255.109512479814,1727.43165237949,338.085883218785,74.819227183114,2996.86381027836,98728.7085692426,14.9655694583725
0.024913900197822,32.2631751655692,10.3995754203154,20.5518746790997,12.1253826858959,0.649479041828266,6.34365252706179,1297.8692313108,254.955785940314,1721.20855158643,342.064440145984,74.6237961874304,2990.21254827296,98818.6681618031,14.9712037906027
0.0256120990838989,32.2131139388741,8.71973192582941,20.0782722365194,12.120352476495,0.780751719220672,6.32629554294591,1295.47984587704,254.844700191139,1717.45510617399,344.944945634527,74.5324423498494,2986.59217772963,98634.7747255188,14.9768587211249
0.0261071218741722,32.1664798076961,7.74550900790445,19.5655743828402,12.1304619735274,0.891510149803287,6.31011032777699,1295.27825929395,254.844628897171,1716.73381668491,347.539195469784,74.5693423504996,2987.3756546394,98378.5900334163,14.9825349220681
0.0264689395322035,32.1244207720725,7.08659578286697,19.0358509436632,12.1594473231928,0.980881964735067,6.29545864062642,1296.27452451368,254.839758558517,1717.70860305714,350.042447131326,74.6778692732604,2990.59420652172,98109.4788761336,14.988232270083
0.0267555995723136,32.0807708224537,6.56670759431373,18.52603612358,12.2030858446073,1.05215140145138,6.28239533496301,1297.75105628412,254.718539700287,1719.39681724269,352.445857235655,74.8170807111354,2994.69717013663,97853.6101297085,14.9939504247075
0.0269722420560004,32.0162572040425,6.16691015309369,18.0865880627887,12.2567604732477,1.10877023513023,6.27091139381928,1299.30838580989,254.400068255703,1721.22033608485,354.68023501488,74.9635977167026,2998.74010815132,97632.2116166537,14.9996890206665
0.0271305387768128,31.9238649579288,5.8465049122174,17.7341673421037,12.319527320084,1.15354467452479,6.26083654076444,1300.93440287915,253.882925470003,1723.14526559889,356.770260725881,75.1165038969022,3002.69629850369,97411.7075139863,15.0054473147811
0.0272711894471383,31.8147153517546,5.53076467865679,17.4437966897573,12.3909223593467,1.19060514849762,6.25167110597863,1302.7750422464,253.225556924385,1725.38344911263,358.79078176509,75.284227003338,3006.96263778428,97186.499341653,15.011224731655
0.0273849354701072,31.694010346482,5.25696191280453,17.2228505227001,12.4657941290035,1.22250764711046,6.24329288802434,1304.42563403672,252.490864552443,1727.3807898487,360.639005083894,75.4411644161772,3010.69800734351,97055.6782899765,15.0170214684037
0.0273601206554637,31.550237840248,5.19968358341539,17.1568131560742,12.53819124215,1.24567993877493,6.23652267540348,1304.98603855184,251.772155455171,1727.86105527375,362.10748116937,75.5299032554511,3011.96943310237,97109.1055419398,15.0228377089653
0.02717821824201,31.3777870869352,5.37493118541103,17.2845760541097,12.6118027144078,1.25538708660746,6.2319075210574,1304.42697355358,251.138529253649,1726.75337142132,363.280498172796,75.5468815807873,3010.79018930627,97218.2183561232,15.0286720035699
0.0269203067370451,31.184681841101,5.67979088154628,17.5547070271986,12.6903198230829,1.25413680170587,6.228858701499,1303.3561232299,250.585011221644,1724.90347170419,364.339119039424,75.5296695955643,3008.51796655999,97341.5349159122,15.0345234783803
0.0266861126236968,30.9940103998595,5.98377463200746,17.8950830019842,12.7673434123404,1.24719783145276,6.22681854520592,1301.71129287981,250.170039978606,1722.28758966702,365.21232907669,75.4768376442655,3005.08459597472,97558.394138431,15.0403921520883
0.0265946360455557,30.8533830170645,6.09593522654027,18.2303859568864,12.8279492315033,1.24089099256258,6.22546593920426,1298.69288008428,250.14544880977,1717.93116428017,365.594255404173,75.3436242802209,2998.97594289885,97942.165839429,15.0462779832977
0.026653131599311,30.7829017387254,5.99658032891511,18.5295257948203,12.8662698874783,1.24011402407789,6.22426076974665,1294.30890330723,250.658226162824,1711.88073930735,365.401567602456,75.1312117285696,2990.30130301464,98374.6681247189,15.0521795564704
0.0267843430332457,30.7607932919393,5.81545772239182,18.8128697347659,12.8894622292823,1.24331996290562,6.22303458675433,1289.30956900922,251.619909583995,1705.09019295692,364.882103883569,74.8824538677328,2980.60506188801,98811.6078111869,15.0580959851264
0.026921415667043,30.7420167157196,5.6806449100578,19.1073983652081,12.8998703406879,1.24604008034628,6.22232297695248,1283.71743202691,252.840582761915,1697.51026019929,364.153859316847,74.5950610821715,2969.78598654474,99342.1424364063,15.0640272766912
0.0270264661005781,30.656686249357,5.68040159438474,19.4255487773764,12.8920736346445,1.24394125223905,6.22303827290287,1276.8381739098,254.101544271136,1688.12068244799,363.073459266989,74.2216742012513,2956.10992210351,100044.223700286,15.0699733035306
0.0271041530174873,30.4815308240046,5.80501603407262,19.7617684403773,12.8680716390605,1.23550685504033,6.22534289178852,1268.84884886194,255.364326361846,1677.1322655003,361.701907559244,73.7707542204168,2939.91522831971,100765.547522041,15.0759325280048
0.0271750307707636,30.2509150003414,6.00139792248458,20.1042124441784,12.8348870830497,1.22223404070643,6.22870464572908,1260.60518194594,256.755081313971,1665.73032776476,360.272543323857,73.2961593119307,2923.19645905366,101450.521403739,15.0819040727767
0.0272561273065607,30.0223943397834,6.19494325582834,20.4279386522698,12.8046897585324,1.20684221950368,6.23216969401876,1253.45248178483,258.327457791291,1655.78464426404,359.170662306281,72.8835026209335,2908.99840355946,101908.802298665,15.0878864329098
0.027354629197728,29.87357141055,6.29503007574259,20.6891840188842,12.7946496000028,1.19275844271422,6.23443686266005,1248.97165652781,259.929927819189,1649.50830252429,358.872365080957,72.6351030496728,2900.76801709326,101996.922352708,15.0938784067256
0.0274623153757441,29.82411698102,6.30283464648717,20.8777527660412,12.8042655667215,1.18140366452162,6.23532025384037,1246.87167745456,261.43964792858,1646.53699323269,359.294744197629,72.535960026019,2897.80293230078,101968.349545285,15.0998807868973
0.0275689654231304,29.8349217580513,6.26600046135016,21.0142863121069,12.8228601210289,1.17235403162318,6.23540447804044,1245.83478568408,262.874645806086,1645.06063806204,360.045610367876,72.5039518891974,2897.18568312786,101896.479679585,15.1058934344218
0.0276775736041857,29.8741058144768,6.15856491800632,21.1021147660266,12.8502574200564,1.16631949586499,6.2346045621206,1245.75347756468,264.381725275488,1644.86086826582,361.07431179397,72.5286791080949,2898.7088856588,101695.648904021,15.1119153438087
0.0278191554367984,29.9307580478583,5.89058528603275,21.1210214074947,12.8933518745326,1.16610752393186,6.23215467311647,1247.38923179372,266.203719548695,1646.84523050584,362.553370756146,72.6514873136125,2904.08543482534,101300.840038391,15.1179455577614
0.0280032044630151,30.0035498126242,5.48148991036299,21.0659315950352,12.9506848017073,1.1740578369074,6.22772815557491,1250.64989236883,268.363759459347,1650.86149919516,364.409702312158,72.8661647368881,2913.07675723229,100851.051184036,15.1239842050846
0.0282121180740854,30.0926121120429,5.02090979205945,20.9516998712612,13.0164403943791,1.1898071464575,6.22162656137217,1254.80723201482,270.674030204361,1655.99863936671,366.429278684954,73.1319212268609,2924.00859752521,100392.878716182,15.1300309857373
0.0284063466562124,30.1901687882172,4.54789715033795,20.7843852759446,13.1066019718955,1.21366301407093,6.21304334110963,1261.10569684054,273.089331705676,1663.98135093249,368.999301879657,73.5258834512901,2939.63836043623,99571.0563301322,15.1360831431675
0.0285063907607559,30.2751143454085,4.09086262809066,20.5656231561331,13.2568178000385,1.24696733059359,6.2000739730623,1272.45242187969,275.758762381004,1678.72208760258,372.998334513433,74.2228701927849,2966.47296911777,98124.7845745505,15.1421377884475
0.0284784551846989,30.3385707109497,3.6902024556157,20.3097608039322,13.4673089221347,1.28815517132751,6.18290403764191,1288.2576513409,278.629285450983,1699.43008277918,378.261255170778,75.1876073923929,3003.18589369879,96606.2010022109,15.1481970948352
0.0283571958173145,30.3886294056107,3.35150922037531,20.0304510479453,13.7115723935111,1.33543973947573,6.1630588263348,1305.66931043587,281.472163438629,1722.287557736,383.941769943211,76.25005585336,3043.36079965595,95185.5935146884,15.154261641101
0.028187563003535,30.4339308945083,3.05432758157751,19.7428999837769,13.9689290360914,1.38884958026104,6.14153037890183,1322.70830044096,284.059405944513,1744.67013545026,389.44075871562,77.2938156776702,3082.51012553746,93962.5239104639,15.1603319393691
0.0280231580180029,30.4797170620595,2.77491703117331,19.4788409843952,14.2226546345165,1.44910935135466,6.11900989212047,1338.02131222585,286.123628811635,1764.82734515154,394.339215896884,78.2415361121613,3117.51789968627,93010.5540483548,15.1664087164706
0.0278854545085019,30.526823768083,2.50663136705354,19.2510314604477,14.4682478121421,1.51748089919155,6.095524806614,1351.54790160121,287.594325822711,1782.70574238727,398.597071390575,79.0912572032276,3148.21191915877,92197.3460148467,15.1724905511648
0.0277621925821628,30.5731313626657,2.25676997470719,19.046821291276,14.7110072527479,1.59389850817815,6.07083259531077,1364.034651236,288.61393426258,1799.2768701659,402.424810133057,79.8861651559922,3176.30074659538,91470.5001894838,15.1785764683684
0.0276461215957875,30.6128723186597,2.0299522677926,18.8402786161092,14.9564612937395,1.67719172087194,6.04484817698065,1376.11218358417,289.360599281124,1815.34299780435,406.012878479099,80.6618603690764,3203.26115937775,90782.4348599602,15.1846653892764
0.0275363869731292,30.6337209647967,1.82650113803002,18.5863339202901,15.2095247210612,1.76649114047719,6.01746981686492,1388.28493939913,290.015394855569,1831.53874867816,409.516880969468,81.4470164824549,3230.29910873756,90090.2891323911,15.1907561063063
0.0274340204629069,30.6300661811192,1.6474702625293,18.2670727643827,15.4694983317427,1.86070083109365,5.98889521146298,1400.3577677702,290.611884723745,1847.58833907665,412.885113340887,82.2292677608347,3257.00242118988,89449.0234325782,15.1968488291795
0.0274720099588748,30.6073347252245,1.49284445684109,17.9030428239269,15.7283691812498,1.96144729876514,5.95930930813308,1405.52168970348,289.908130146869,1854.47924703114,414.146636638019,82.604438277441,3267.654744433,88880.5929396952,15.2029435274003
0.0276297689907227,30.5733891317928,1.35171496929638,17.5151055473977,15.9829122190015,2.07218076491311,5.92836937845577,1406.48219787901,288.329348664737,1855.82037031015,414.060010824836,82.7329947693025,3268.45995147744,88314.559861119,15.2090385032311
0.0278621161782533,30.5352533522785,1.21235065411321,17.1108498573309,16.2431902041842,2.19252844357994,5.89553766026791,1408.36972051728,286.601433193384,1858.44365759824,414.081506631395,82.9210100169124,3271.12389596279,87665.2920374118,15.2151312505359
0.0281253832646364,30.4961520591399,1.08582947649104,16.6941631912562,16.5130187874605,2.32040634179528,5.86085214121307,1412.01673786981,284.806095373583,1863.45948568169,414.434025426757,83.218354497225,3277.51271585004,87031.3099959176,15.2212227749239
0.0283901065191478,30.4553344600889,0.981143229819556,16.2700036504732,16.7886999475591,2.451051729717,5.82518167454337,1416.37335483501,282.878038336287,1869.4559544554,414.830548106026,83.5611881958582,3285.28638485257,86458.4987643076,15.227313684045
0.0286340806082734,30.415592494187,0.902294103995234,15.8406479952084,17.0588669472565,2.57861330799846,5.78996157784192,1419.81811044835,280.713358419157,1874.25744823045,414.827872318916,83.8511940224007,3290.83343797092,86083.3009949479,15.2334074007396
0.0288744887261004,30.3910844276397,0.846573104193508,15.4008013937509,17.2998461705291,2.69624708704055,5.757402878923,1420.30969897039,278.142171816456,1875.13740866057,413.861822358068,83.96548053895,3289.5862856969,86078.0756163723,15.2395091745276
0.0291677823831322,30.3927183509131,0.801672083057389,14.9399519785311,17.5027643458035,2.80210324436167,5.72827017874936,1417.75317255152,275.156644326997,1871.97994485213,411.925227214825,83.8990443847491,3281.35453439496,86244.1925863668,15.2456137206805
0.0295168654031115,30.41775822921,0.760970189695181,14.4548292135521,17.6793938384542,2.89885899459549,5.70162123276682,1413.97696233917,271.962121885393,1867.22944325266,409.552686582626,83.7619974114543,3270.28892190335,86459.4603908539,15.2517167086757
0.0299033720991927,30.4527512423605,0.722699647568872,13.9565266731121,17.8454272932316,2.98878298972669,5.67636616967816,1410.75041998682,268.785440717394,1863.22045258289,407.257463898657,83.65904625996,3260.39516397938,86634.6084688732,15.2578150487229
0.0302996050539763,30.4736466902286,0.687742439755601,13.4707264133809,18.0163456479021,3.07368943979692,5.65149286301896,1409.35121217371,265.804686499498,1861.58723331673,405.405361499131,83.6630071169807,3254.52457216402,86688.2699037758,15.2639061501403
0.0306852076057282,30.4662471338948,0.657058070440483,13.0158704705458,18.1966032586655,3.15342220024491,5.62682496904433,1410.12680340658,263.105211830514,1862.74056131647,404.096953102011,83.7918791493486,3253.4488722281,86701.0853768402,15.2699914064129
0.0310979647871635,30.4357086331444,0.629932929386676,12.5896124923335,18.378858870544,3.22786028131794,5.6027840219939,1411.10966274751,260.408832462868,1864.07587014156,402.780335918574,83.9283146768332,3252.69702988333,86718.5638579799,15.2760714953539
0.0315539664702022,30.3941491108666,0.603573809027355,12.1753629930989,18.5640841375128,3.2999845967716,5.5789042168287,1412.03385970282,257.657074385563,1865.30276969235,401.387703212472,84.0598732069595,3251.71188184075,86633.9172575084,15.2821433128961
0.0320227382320976,30.3536113335582,0.575889239758051,11.7488647147791,18.7711177164681,3.37471858836153,5.55348306021143,1414.51656156215,255.031739720693,1868.68363215954,400.388974979198,84.2896695260223,3254.25866743036,86298.3708439495,15.2882022623566
0.0324756284124111,30.3197475059194,0.549283294462766,11.2994376924127,19.0071259986959,3.45386238234772,5.52586296611113,1418.44992466616,252.509708066032,1874.12715485764,399.756410846513,84.6139117189123,3260.13672339308,85874.8025379696,15.2942510695841
0.0329250262517609,30.2910504584171,0.524885917190998,10.8334309488658,19.2614217400055,3.53595086378265,5.49680336521556,1422.58634823916,249.956011680045,1879.93564878811,399.129690499001,84.9555603162891,3266.49183461956,85453.4686290812,15.3002915108648
0.0333714038880731,30.2671999541134,0.504684726427693,10.3584456818166,19.5209979280888,3.61853017070879,5.4673441868377,1425.88317618424,247.259359290816,1884.67443476101,398.2120160937,85.248951315257,3270.92690115278,85106.9546046314,15.3063253636318
0.0337940555038601,30.2561510513019,0.492196916435863,9.87583165877751,19.7730269475376,3.69715429885269,5.43882705357398,1427.56758399451,244.34033163694,1887.29882285725,396.804770132666,85.4451585082157,3271.69691671878,84908.852556938,15.3123549497738
0.0342196001861761,30.2644766070807,0.48506228193313,9.38380188187679,20.014836827484,3.76914569477271,5.41180466583977,1427.85499097603,241.227495501242,1888.10215608822,394.988457991489,85.5563619989114,3269.30877776317,84777.1410515844,15.3183776878498
0.0346743919352941,30.2901227721518,0.480422058742192,8.88294159686627,20.2531170550862,3.83508282435588,5.38583654630345,1427.6849263458,238.032962069394,1888.33902652956,393.024272063771,85.6395469621996,3265.89118582708,84660.0631973316,15.3243912727381
0.0351759387218749,30.3240083531465,0.47739049865335,8.37835297766357,20.4936297756861,3.8957436642984,5.36049652004646,1427.70250416279,234.821287486907,1888.84985844101,391.08400445076,85.7335846711981,3262.87276615206,84540.6376512393,15.3303944842767
0.0357319118056473,30.3493378095814,0.476853508029419,7.87985779359327,20.7390394106248,3.95076355696889,5.3357043923976,1428.11598966255,231.558532892823,1889.85859104499,389.224487024638,85.8499275853591,3260.63079107005,84413.2198623084,15.3363865258121
0.0363719474354825,30.3552146334742,0.478286815704174,7.39509139289272,20.9888521832279,3.99916453421158,5.3116440823938,1428.83625228183,228.196328951394,1891.20837761843,387.424688674169,85.9820551529817,3258.90217993993,84285.4105066302,15.3423670813772
0.0371345091977735,30.3440471245145,0.480799426587745,6.92560951857821,21.2403626044139,4.04011574933238,5.28859078991332,1429.65898448088,224.737024946767,1892.6346006778,385.629923128213,86.1172329630597,3257.25242938339,84163.151697479,15.3483358314101
0.038022688342943,30.3305102470381,0.489416822922788,6.47864720122521,21.4663707278291,4.06657384083656,5.2690500125201,1428.7776042149,221.105275922189,1891.73836723604,383.367223749346,86.1443853264185,3251.72195413837,84350.1850953797,15.3543032722125
0.0390532118415221,30.3486245963288,0.51314612161425,6.07811941567122,21.594599758491,4.0598263514101,5.2597078954566,1421.62970619316,217.065762686885,1882.4289174761,379.470301427979,85.7832759970713,3232.26521591576,85333.4172805804,15.3602837702104
0.040350687952404,30.4266117143468,0.545909060060838,5.73843349595409,21.5935585765785,4.01088487384349,5.26366033077064,1407.34482734605,212.683416805759,1863.56970485294,373.767643173244,84.9807381914989,3197.10195160663,86719.1149285478,15.3662571517791
0.0419004585352422,30.5628285809167,0.582174930986213,5.45367716635782,21.4994345180313,3.92602564594837,5.27804685428831,1389.97010819515,208.361086886965,1840.59214091923,367.343150143284,83.9845476390635,3155.34340420032,88204.1669148482,15.3722111824906
0.0431230447461789,30.7212618336977,0.652351876477044,5.30798437368309,21.3497062686967,3.80097109965765,5.30155458299024,1374.11255214943,204.619098873148,1819.63968007177,361.500920213114,83.0739492506827,3117.41154048894,89824.6070749861,15.3781462578992
0.042811337231571,30.823122796119,0.84571877889294,5.61563147794532,21.1659253010815,3.60482670673551,5.33793949778368,1360.74581031383,201.700246596718,1802.03363644421,356.856396730439,82.3051581665472,3085.83044981917,91731.4227990053,15.3840642642438
0.0412546815144186,30.8169495128432,1.19533210470541,6.58616857467315,20.9641062108706,3.32218766701791,5.38894765882483,1346.37042131352,199.202410274364,1783.15315606055,352.778808937667,81.4646384935203,3052.93418851509,93757.8836538901,15.3899623794255
0.00240099843144841,30.7212248803931,2.0190624510239,8.13669580162498,20.8564925360763,2.82635819133495,5.4640339036587,1329.94682863695,196.908455933981,1761.59702386149,348.698629012882,80.4840021745376,3016.11292370955,95803.5552458568,15.3958398798827
5.84423963930373e-10,30.5689013612956,3.31818448652758,10.1551533790283,21.4266565395216,1.58125935732658,5.60301467196273,1357.75346867588,199.540066565943,1799.07766370561,356.368042215376,82.1509305521314,3078.85502396663,107272.334630974,15.4016770661415
5.99149067275909e-12,30.4325974559724,6.69869830007993,12.2764403244567,21.472298246327,0.474374466249928,5.75103386155149,1335.69078302146,198.737850581538,1769.74844071143,350.540018723509,80.7158365439653,3030.4524202473,109902.277436921,15.4075196248118
1.98041055995767e-14,30.3135903066262,15.0051503566661,14.1667571299047,20.7095418869352,0.0923393139878469,5.84200124488378,1321.99563015663,201.575989133784,1751.02174677948,344.264218925508,79.7448042619198,3000.77008487285,112542.274487834,15.4133409416609
4.01892514619453e-17,30.1974729375214,23.195199041623,15.9304870113508,19.6676334148148,0.0587623934393099,5.90373471953585,1302.15427438633,205.099814495206,1723.86182477208,337.490096257274,78.3840615308856,2958.73412751413,115009.324909435,15.419140415132
1.52473121443333e-20,30.0901752439885,29.4972551025854,17.5441815427372,18.7408241580169,0.0522813190746301,5.95758244527745,1282.57145564806,209.126060276558,1696.97855650916,332.396676725602,77.0414949061322,2918.54335430821,116667.786022107,15.4249159397521
-2.00662070770287e-25,30.0297705806077,34.7009396178451,18.8008776273414,18.0035826745768,0.0409408453536633,6.00109385013903,1271.79877071583,214.009809156578,1681.77213184912,329.846176405156,76.2447643937162,2898.15551710992,117101.096621348,15.4306665992617
2.51340685620354e-28,30.0242999557136,39.2501705765798,19.703260855491,17.4106241615712,0.0261855956398044,6.03627719796993,1269.14182919508,219.746916288182,1677.29192064364,329.160430634232,75.9467732920224,2895.73966995587,117093.344381946,15.4363953896047
-2.35605243733178e-27,30.0507439453814,43.3710770335235,20.394841169768,16.8918412025389,0.0127296764255144,6.06706963338842,1270.31123138733,226.174120922711,1677.81946795911,329.292812571262,75.8796413059262,2901.92781099456,116862.495559539,15.4421027342146
-2.34586842482083e-27,30.0895913337855,46.9853304150744,20.9401554436162,16.4440212259804,0.00483203518146501,6.09392566768863,1275.12548464926,232.966102046546,1683.16000543144,330.472951133562,76.0347160710862,2916.29415143641,115991.822314445,15.4477864354994
-1.51627843677651e-27,30.1258090756754,50.1708033582103,21.3523250798041,16.100067346997,0.00157329139730315,6.11532450981605,1286.30195216055,239.645653114191,1697.03529029512,333.485890454566,76.5856059163329,2944.50406014046,114258.713063916,15.4534445547757
-1.02929541529672e-27,30.1568073448982,53.272090294254,21.6636185268567,15.8388180333613,0.00036174436750079,6.13225381763359,1302.38361773862,246.019363390282,1717.52134524912,337.713603497364,77.4429995527162,2983.13265920763,112378.976269608,15.4590789234415
-8.42333655766813e-28,30.1886615833936,56.4575057843437,21.9073588642145,15.6152907515843,3.36385040568838e-05,6.14707977268236,1319.98368907303,252.164754500415,1740.04864436663,342.096990502317,78.3952175113674,3024.7492492469,110555.339964525,15.4646898081753
-7.74766847045245e-28,30.2251370541226,59.7262811494118,22.0987892151315,15.4053565965463,4.20456054050338e-06,6.16124484362323,1337.33838523072,258.076603180469,1762.2302431828,346.135832817065,79.3324744649361,3065.47459969307,108875.38080045,15.470277170542
-7.2636333058204e-28,30.266921212917,63.101764268899,22.2426201571969,15.1959898931887,9.38008678973029e-07,6.17547295547215,1353.5682525792,263.604738624795,1782.88203442836,349.752542410548,80.2012600489483,3103.37352005477,107395.920605165,15.4758410187745
-6.69362546462024e-28,30.3129749541034,66.5928299793498,22.3465681577705,14.9833693127717,2.44129688197876e-07,6.18991486789456,1368.57349142545,268.652723758509,1801.88134151733,353.086006899236,80.9966478728429,3138.26709023048,106063.218020616,15.4813807057608
-6.06625446611314e-28,30.3618236887741,70.1797492746869,22.4248888801334,14.7679082332926,6.98479745080563e-08,6.20450206972145,1382.59109550862,273.228766616474,1819.56704922903,356.248934802656,81.7340710353527,3170.72646157412,104864.985391077,15.4868957984084
-5.45474551912065e-28,30.4042089493474,73.8015474924604,22.4973958013559,14.5395181338065,2.22644224467426e-08,6.21974846454364,1394.80167681414,277.226537036323,1834.85159897087,359.002026156796,82.364113058101,3198.88809858966,103976.07236015,15.4923876696106
-4.89499008009517e-28,30.4157283736871,77.315283932634,22.5817331507858,14.2791000493069,8.14683166819668e-09,6.23665262243248,1402.575175095,280.147189809871,1844.22017968516,360.618672604415,82.7285622044494,3216.65600413243,103554.287677509,15.4978580573673
-4.39597807328537e-28,30.3863482156128,80.6004729905586,22.6734715869884,13.9885396644239,2.86878829023033e-09,6.25506738965563,1398.32065136803,280.561567823785,1837.66412019001,359.116546123705,82.3783793272434,3206.6421166308,103334.676341189,15.5033043959796
0.0039599663149791,30.3335118267918,79.5695163761619,23.2574267908013,13.3573941150592,0.0159826898738017,6.29974380851631,1349.65104249401,276.579994006663,1772.24853063595,349.85868210302,79.3622765532385,3099.86433629317,93991.7869732875,15.5087489053304
0.00549443533479033,30.255553105061,60.4032814726999,23.6142600010593,13.301040510485,0.0709984937170423,6.33623547075509,1346.22640426314,276.761740314122,1767.11739307893,365.238484945767,79.1277942535046,3101.81589316097,93972.9350243596,15.5141435211723
0.0144432635783447,30.1504680067018,38.2525179391232,23.6543425847916,13.4952917719471,0.163813922632496,6.35425896504867,1350.77568221383,277.275761684037,1772.92685140325,385.58039142869,79.4226809801625,3123.32056154751,94066.9239291134,15.5195115626687
0.0164219816947919,30.0152957535169,25.8465989497782,23.2178515234019,13.741994117678,0.296685449505869,6.34089580032911,1355.11197055418,277.774627732572,1778.66260049143,399.348168005851,79.7369856700858,3140.66019196408,94242.75145709,15.5248522353403
0.0171626212426616,29.8548160455321,19.3385450580317,22.6130306721751,13.9276330005082,0.4317103690555,6.31896667759554,1356.90200071519,278.064548163704,1781.04599849409,408.3284174668,79.9072047317298,3149.90680331047,94480.5024879897,15.5301648292708
0.0175891599042821,29.6798232951319,15.7992134196031,21.9777840241206,14.0412850407534,0.562127079995033,6.29686069956118,1356.221072558,277.963296722151,1780.15536441719,413.98018023517,79.9304395568041,3151.92380457062,94600.4873616064,15.5354473279867
0.0178719637647127,29.5075268195106,13.7178999081693,21.3445200618984,14.1298283102021,0.683299813442674,6.27543399867964,1355.59596458922,277.572809096783,1779.42508544864,417.937794309776,79.9590414606177,3152.8987693044,94427.084509975,15.540697786614
0.0180569266356591,29.3445210209633,12.3251035904488,20.7148604238718,14.2254358227048,0.790857475636191,6.2545891505515,1356.44101231336,277.061485223146,1780.77354989219,421.301995089527,80.0790077313681,3156.4871813218,94184.9099411089,15.5459175472815
0.0181828683593377,29.1847475168401,11.2600802763964,20.086528032024,14.3326907971249,0.8826277478883,6.23476822894422,1358.2006514721,276.45597299106,1783.43376792344,424.413820448892,80.25665758909,3161.77470441411,93949.8628451784,15.5511068397151
0.0182783618006141,29.0227130728796,10.3708900806592,19.4814315053579,14.4496115353575,0.958940977419415,6.21629955551593,1360.27953953126,275.736420795232,1786.56542127609,427.341427477445,80.4552435542181,3167.54970179908,93734.0486230573,15.5562653306111
0.0183492184774564,28.856897794357,9.64941782310847,18.9645941749672,14.5741461964553,1.02119765852065,6.19933093871143,1362.402929537,274.885005843562,1789.73622809319,430.063491156712,80.6560177701706,3173.1731287712,93542.2023035682,15.5613926115064
0.0183981911597354,28.6886973292951,9.05915861890635,18.568210282897,14.706776182,1.07120181839053,6.1837732895482,1364.60684352997,273.909947233925,1792.96840107901,432.59161723399,80.860179546852,3178.70626027827,93347.2922309628,15.5664879886174
0.0184397634299932,28.5204279730885,8.50341648177926,18.2648133667561,14.8484236756875,1.11203389828585,6.16924020602557,1367.03139119175,272.837437359031,1796.47718555192,434.991649808964,81.0771744708317,3184.51600182462,93140.7815552175,15.5715509176189
0.0184911925578819,28.346459784259,7.99440061903324,18.0386760307148,14.9848262684912,1.14613003841762,6.15605932447353,1368.30127254165,271.652472833734,1798.46925868376,436.84356408753,81.2243898245538,3187.61538808775,93161.7819642759,15.5765831495433
0.0185558784274227,28.1491374602947,7.71204056842502,17.9329874621765,15.0841963106717,1.17296394450018,6.14579622847336,1364.95184400466,270.302481296274,1794.36675354044,437.044037653562,81.0918731428801,3180.38564969958,93664.2757918776,15.5815864963715
0.0186055686602607,27.9240201151446,7.69709357054901,17.9772885598442,15.1437213098994,1.19016261238821,6.13897394016228,1357.90888426492,269.124515476699,1785.39532800336,435.937041215279,80.7346267751768,3165.13553705556,94306.0350695822,15.5865571835197
0.0186274140187173,27.6830364531013,7.83523709692883,18.145647400802,15.1847920902936,1.19731802964697,6.13465017887447,1350.65247503388,268.436575904542,1776.15852587736,434.685394949311,80.3624913474612,3149.75322680077,94947.6783798878,15.5914933879443
0.0186628842651795,27.4506706687041,7.99397808623955,18.3735935460533,15.2117211755384,1.19605345979474,6.13234250135119,1343.42000240436,268.074343573956,1766.97634778196,433.367892140067,79.9901988091076,3134.64276430664,95687.8145808113,15.5963953572374
0.0187955924106294,27.2775279275267,7.98761708013065,18.5489842577895,15.2070424273868,1.19144025923703,6.13209229870762,1333.84406611557,267.609331738858,1754.75309916217,431.211378914473,79.4766614034035,3114.3236802398,96642.6947973693,15.6012633128358
0.0190448651560403,27.1895699083429,7.76138790184449,18.6165190457763,15.163670561584,1.18841815093747,6.13347622583071,1321.92394867995,267.025098748663,1739.50691176995,428.199373148962,78.8226282342942,3088.79027593684,97654.7824022876,15.6060956141606
0.0193789956835599,27.1667074854546,7.43385663747698,18.6146873624382,15.0910745914425,1.18720400640631,6.13598107378694,1308.7575738074,266.479899638423,1722.6690809952,424.676805808858,78.0932235002935,3060.54147686965,98660.2488824921,15.6108914370929
0.0197711029883382,27.1717672357924,7.13615772305538,18.6090842203053,14.9900042853422,1.18492457401824,6.13994097303333,1294.62578405561,266.029670497879,1704.53946024826,420.746449683822,77.3020340157948,3030.1742778439,99789.8247954638,15.6156510637423
0.0202247865963725,27.1625693040687,6.90999076674318,18.6624544361976,14.8489689950751,1.17891709613015,6.14624381918522,1278.90175936174,265.503164764002,1684.15521805876,416.230725162084,76.4060566491305,2996.07636205517,101158.413354225,15.6203744941128
0.0207477474563503,27.1273693417093,6.73422061140641,18.7851342062761,14.6716615389189,1.16940531569337,6.15467513822122,1261.8339857474,264.814065473113,1661.79951928548,411.217984148294,75.4191719047886,2958.69037946666,102534.661379413,15.6250601735247
0.0213301086168532,27.0844565387085,6.591256287055,18.9425836278454,14.4745784451116,1.15737061831691,6.16432421960609,1244.5540277329,264.105518223143,1639.03621454479,406.083584053179,74.412645639817,2920.6724878451,103826.333294076,15.6297074183735
0.0219105943989299,27.0631632596,6.40365085281338,19.0871204264444,14.3183167035232,1.14629033739144,6.1718619482159,1232.17954333183,263.988034279882,1622.7301160111,402.524855685993,73.7001675086054,2893.81227495317,104116.016523601,15.6343128873301
0.0223546401178252,27.0955727739196,6.12603556608092,19.1840932834043,14.296791687944,1.14076547143316,6.17216928356226,1232.15830840868,265.415881825985,1622.80660460514,403.012274848181,73.7348194329704,2895.25486800286,102794.956688107,15.6388741952757
0.0226165849473997,27.1794860992667,5.83658963207238,19.2403743613254,14.4056280162049,1.14002830761285,6.16547595412422,1242.65133086964,268.259426106032,1636.8267272907,406.951704926337,74.4046640751214,2920.86619573048,101135.459999911,15.6433948845092
0.0227344213332823,27.2909005933652,5.5821316736109,19.2704420468481,14.5823052223719,1.14368777232143,6.15478143261127,1257.36062917119,271.708137979255,1656.42574029802,412.269923563849,75.3286037378433,2956.18209115868,99482.1667329373,15.6478757234341
0.022744537121331,27.396424237067,5.36358140118144,19.271432200499,14.7728043054105,1.1520058479252,6.14261584232182,1271.44071238085,275.078716710813,1675.14454500951,417.347275975982,76.2128117607903,2989.99304470504,98301.7373366532,15.6523186243753
0.0227127706344324,27.4418869256763,5.16670884243105,19.2228998313723,14.9199190944544,1.16387802666472,6.13188008822778,1280.35060437046,277.736064109322,1686.8801357998,420.641471136308,76.7790862692903,3011.73586588775,97955.4509592236,15.6567256854564
0.0226786851092073,27.4081913314688,4.93344987562154,19.1046041299848,15.0198639614694,1.18083396439568,6.12257669907302,1284.45174212097,279.598760273104,1692.09925820722,422.245243423407,77.0498584021923,3022.11755145587,97811.003778261,15.6610936443074
0.0226381674237299,27.3211552071307,4.64481225153179,18.9228180827465,15.1061688292135,1.20392815437192,6.11295092494293,1287.06763078438,281.041515579636,1695.26672001434,423.253873193846,77.2295158109896,3028.78054756583,97672.2097107349,15.6654210244897
0.0225927518830146,27.2197977929552,4.32529823241005,18.708233219468,15.2033426626384,1.23216511200263,6.10196493655655,1290.39048943728,282.343228331747,1699.40072811594,424.425429932976,77.456025316854,3036.87986678393,97399.9060489263,15.6697066942199
0.0225447398231301,27.1510826704082,4.00124254141126,18.5050057262379,15.3277312690417,1.26473790145898,6.088945106139,1295.63947111636,283.565842013028,1706.32544220209,426.233928812209,77.8140762857717,3049.38253022317,96896.1020527857,15.6739497043673
0.0224960070268244,27.1289255141998,3.70455067176945,18.3361948171765,15.4742716113144,1.30009210780885,6.07435246990578,1302.25273537381,284.650226528759,1715.35611827712,428.518764547695,78.2722704530292,3065.08048012075,96384.5654003287,15.678150818049
0.0224525804830001,27.1322274409197,3.45051299736227,18.1944546849396,15.6258170621118,1.33653646230157,6.05927395244441,1308.81482434756,285.533150798245,1724.49787801866,430.784164405602,78.7377536041151,3080.68407876962,95945.7503916869,15.6823101729438
0.0224250030134049,27.1414479040593,3.23612796194337,18.04755756224,15.7634697055248,1.37279557042161,6.04482853325039,1313.97021617617,286.129728029315,1731.76668503266,432.52862174889,79.1183010870035,3092.93933770377,95728.3914598179,15.6864283400901
0.0224495143145619,27.1499298682809,3.04100290288381,17.8273188475167,15.8644518124177,1.40819626797554,6.03223609819188,1316.32532474453,286.275187024725,1735.04885669761,433.206786589257,79.3162309711782,3098.35569401201,95858.997365946,15.6905057676548
0.0225415310293642,27.158819865599,2.85237049428825,17.5009952518444,15.9250800187509,1.44375509968763,6.02154396089901,1316.02742554983,285.948197748816,1734.44795773975,432.825637943449,79.3363443467743,3097.12958634696,96126.5687300539,15.6945408481131
0.0226842589712416,27.1703622950368,2.67489276231552,17.099273259187,15.9584790817483,1.4794961206454,6.01212127013011,1314.27259989899,285.295438085466,1731.67550459503,431.814926735034,79.2573704921241,3092.14072195551,96443.0455006063,15.6985326516312
0.0228703644148899,27.183581258848,2.50703032859613,16.668196970172,15.9815974908113,1.51495902540124,6.003219084842,1312.35634745483,284.386322761102,1728.6509383627,430.667106972686,79.1673708353831,3086.51896850842,96661.9379861051,15.7024800436187
0.0230972561113966,27.1923952102466,2.34176414892809,16.2501511693947,16.0134767053229,1.55116103218778,5.99374841424026,1311.6782693413,283.095605630785,1727.48201606647,429.906896976325,79.1628207570094,3083.52303300802,96656.1250865523,15.7063820695991
0.0233516292446474,27.1939986687835,2.1871198204526,15.8611479315788,16.0564751360026,1.58806375450039,5.98357974319259,1312.37367631222,281.349711513901,1728.42541608474,429.593919460701,79.2551294941613,3083.47676120825,96590.9451734178,15.7102392700838
0.0236315211374529,27.1915419545172,2.04860952016588,15.4893798257065,16.1015024048193,1.6246125822984,5.97332125873528,1313.49427531781,279.198809565493,1730.11269897024,429.39715003255,79.3814269553582,3084.21696330111,96519.9324403556,15.71405162901
0.0239476688570133,27.190180783002,1.91539904391942,15.1130739740814,16.1493238287724,1.66197543891201,5.96276801738861,1314.95619299703,276.854157927334,1732.32476191802,429.260809203738,79.5325616618475,3085.59986486294,96348.82849814,15.7178183633805
0.0243094567411855,27.1962086577732,1.77336767733098,14.7073099174165,16.2107023499011,1.70358423754548,5.95085017042264,1317.6909991489,274.708525657582,1736.23920766962,429.451419657576,79.764366242388,3089.89117636856,95989.9877975737,15.7215386910034
0.0246902096482887,27.2117120023095,1.6326182684862,14.2660103256258,16.2872765486355,1.75085065753573,5.93723886147005,1321.75575308059,272.873591398085,1741.91460388663,429.961583742786,80.0800211309719,3097.26870297567,95582.3435393385,15.7252129723559
0.0250716883114971,27.234058709749,1.50205100925415,13.8014935772922,16.373095952896,1.80239991937448,5.922429343566,1326.45460272529,271.157144686728,1748.43995126263,430.571170601556,80.4368685741516,3106.07412969304,95176.0357167399,15.7288411812853
0.0254455002934177,27.2588479901915,1.37655922581947,13.3239190939009,16.4820432853024,1.85945193792842,5.90554481417454,1332.719648763,269.54201646553,1757.09502169159,431.595965007501,80.8937589412556,3118.39045378182,94505.5288372344,15.7324215368024
0.025772279647261,27.2801375731257,1.25292903412599,12.839318687901,16.6497683253109,1.92609650169671,5.88415171022111,1343.13513414855,268.271012500807,1771.3679587309,433.875959246129,81.6120815301679,3140.13357512929,93332.4415106673,15.735951978062
0.0260180820530112,27.2956820615079,1.13932007823892,12.352096987679,16.8798110062546,2.00236704278797,5.85801502471706,1357.54449820307,267.318144106173,1791.05488314852,437.347337221673,82.5824539324649,3170.93588092452,92069.6925885624,15.7394340593109
0.0262084843778398,27.3075490073131,1.03706587847207,11.8627810076327,17.1469091661483,2.08587799623745,5.82875977798624,1373.61151744782,266.415868501832,1813.01983325167,441.242271622641,83.6599593605921,3205.42467051437,90872.2075483641,15.7428684180719
0.0263724249855668,27.3169643869661,0.94429903395503,11.370436768633,17.4282747809225,2.17526262562781,5.79775590075969,1389.45912676451,265.34537074433,1834.73211240177,444.939924793657,84.7279355221059,3239.26779314585,89844.693757582,15.7462557285414
0.0265423417286192,27.3220557449095,0.858456388496376,10.8769776113785,17.7037296172512,2.269018483409,5.76626439744571,1403.64289384651,263.930697775329,1854.21935606384,447.957996183239,85.6956803245547,3269.09987336474,89075.7984458924,15.7495969324508
0.0268010008385608,27.3213295009057,0.776864356384154,10.3834001948903,17.9671442414747,2.36766808833213,5.73453939118911,1413.02145440136,261.635442341702,1867.2975690634,449.303268273521,86.3692316574692,3287.6181351273,88435.049664641,15.752891009298
0.0272477857651332,27.3156145497546,0.699687638750066,9.88811896409112,18.2206529522296,2.47644939413315,5.70173944161148,1414.13379955478,257.862002580533,1869.40365462657,447.896169191375,86.5354885283601,3286.82319869317,87861.3100554059,15.7561372125961
0.0277462176681057,27.3067143312563,0.631118760890952,9.39193684704137,18.4769986018288,2.59282029287588,5.66751818957377,1414.171513228,253.855958011539,1870.10898138001,446.003064632256,86.6369455670798,3283.43444729303,87267.353928403,15.7593343488726
0.0282263019847394,27.2967688560424,0.576545260543822,8.89895301752588,18.7560309522817,2.71079953327546,5.63164575350874,1416.38564965874,250.142750260707,1873.77289557109,444.66994425369,86.8749347066496,3285.02517596865,86561.9561980493,15.7624808613146
0.0286918599020106,27.2869425810706,0.537794351343006,8.41372695040216,19.0632907050081,2.82473063994062,5.59461357358225,1420.76167645711,246.729190559959,1880.39020717171,443.906540631077,87.2485935853838,3291.58994623125,85856.6867277437,15.7655775314532
0.0292058238619547,27.2770127579334,0.511343747236662,7.93884455360618,19.3886931864134,2.93073868981922,5.55751178859307,1425.81600133022,243.411090277037,1887.96601056215,443.248137332403,87.6649307383611,3299.70097994905,85208.4488229226,15.7686249385157
0.0298431033468616,27.2694394410586,0.493043179236105,7.47580948627369,19.7084096684883,3.02565011617835,5.52211249839486,1429.54803880008,239.923104387511,1893.8138413896,442.076596292773,87.9984862573895,3304.75184004538,84795.6886260391,15.7716259634434
0.0306835810863388,27.274561903478,0.480329969171747,7.02449584097935,19.9796251457297,3.10394122508867,5.49158427489801,1429.31835262775,235.914871024719,1894.42195399157,439.59539732553,88.0843889854703,3300.70628774203,84858.3332240895,15.7745851060281
0.0317919265806597,27.3006030607837,0.46905652137215,6.582019895002,20.1847185390884,3.16315184112216,5.4673143623599,1424.93839266985,231.349763838144,1889.56015678856,435.774469155973,87.9107308171044,3287.15907397068,85154.1222540593,15.7774983544106
0.0331715175220639,27.3459508785019,0.457724775380997,6.14791953208369,20.3416992343766,3.20423063837579,5.44824862068427,1418.79282529821,226.546904667505,1882.40888104983,431.363798176821,87.625261935241,3269.58978343822,85520.1027576878,15.7803622629413
0.034806539407975,27.4011063883041,0.446232152888118,5.73056586108089,20.4832680644453,3.22873662009967,5.43242905436244,1413.78638143766,221.928581519214,1876.80624115897,427.259891921891,87.4071170051,3254.65479781744,85745.6127682491,15.7831735147886
0.0366459138972945,27.4496547090389,0.436162178652411,5.34986720323142,20.6529849160401,3.23971906402575,5.41708574462402,1412.91067414049,217.963910829397,1876.66467220237,424.370668630486,87.4398984513439,3249.18867900294,85599.2943503864,15.7859290834521
0.0386574253275704,27.4824390627883,0.429233601749694,5.02278167882301,20.8637040540943,3.23565799374305,5.40175703136652,1416.56771380783,214.764914564205,1882.46628021185,422.811417464454,87.7462783730193,3254.10137624038,85316.5484795916,15.7886317648289
0.040920237677828,27.503065989538,0.424999153924492,4.75082102726542,21.0922323811894,3.21382186356874,5.38813552400051,1420.61677359527,211.760273052806,1888.70302911115,421.34477898465,88.0677475602231,3259.91558157686,85035.2189652332,15.7912833264063
0.043310379663825,27.5175281929453,0.429385895314845,4.5382374232067,21.3006120280161,3.16876611471716,5.37914279264543,1422.30726316194,208.577792394422,1891.74232089489,419.177374361448,88.2328546381042,3260.38229252964,85008.5393478211,15.7938872273548
0.0454714364244939,27.5268262341299,0.456696081243923,4.41294820204617,21.4358189715616,3.08704983232894,5.37977841614555,1418.53146045261,204.801551513821,1887.48748133423,415.502812095576,88.0484638975654,3248.50597653981,85570.7152907868,15.7964476101978
0.047231022580867,27.5281017249699,0.503306562003165,4.38791165927435,21.4838899072844,2.96437134018352,5.39156617866763,1409.0463386059,200.345289177924,1875.65732566373,410.363285829377,87.5014902348002,3223.79961739291,86408.4220607992,15.7989589764109
0.0484392784755196,27.5201255864252,0.562151800126733,4.44142959225078,21.4765313726272,2.8111175949715,5.41122572641939,1397.72765001683,195.663666664261,1861.42982265012,404.894119408748,86.8358102459285,3195.08216451764,87301.1613073275,15.8014176916935
0.0484617172821271,27.5194242029997,0.666358553451795,4.62923736418181,21.4365313941957,2.6299617810046,5.43719636478114,1386.36192345777,191.09122106837,1847.14594693798,399.687584982711,86.1623468580731,3166.51110578685,88359.3849726115,15.8038243305723
0.0461294475055127,27.5806370488028,0.927199223616641,5.21491870578953,21.3675400213151,2.39866503658984,5.4730645435214,1374.11524302782,186.858553432039,1831.60566425104,394.882352572918,85.4245857204585,3136.58379343249,89810.2780377819,15.8061798849936
0.0421871773511941,27.7419933868349,1.41510928253421,6.37509325627072,21.2828577446114,2.10671450284643,5.52003553907159,1361.33704567435,183.203083723901,1815.22695748077,390.859345973364,84.6431545874786,3106.36443141647,91404.5868122942,15.8084819473241
0.00507495471553864,27.9878726392857,2.61391114682874,8.0262931139859,21.2844610264546,1.65590091591382,5.58397085799937,1348.20465452011,180.032078504048,1798.24950970151,387.241775571549,83.8286143529679,3075.91620310893,92995.0291767419,15.8107297383299
2.53681066685966e-09,28.2381381857052,5.52141310566103,9.86970580075868,21.8284679010053,0.668182023902576,5.68833430174723,1372.01422377228,181.249505296659,1830.53139922596,393.689515414442,85.2893052007183,3128.98347457683,104091.442067348,15.812915278395
6.24391753992936e-11,28.5438124072276,13.8071722990958,11.8281420653439,21.5262877702364,0.117888935967158,5.77612124476052,1347.99848307402,179.740413309818,1798.39061294913,384.062544579701,83.7128882445854,3073.65136618059,106600.508733063,15.8150588593298
7.31707832928219e-13,28.8808824353535,24.3059942804608,13.6838302995314,20.5932487360588,0.0350565601061757,5.8363580389111,1340.66013146346,183.51130713098,1787.98672924536,378.636026540945,83.1241533717675,3057.80185353901,109267.408795713,15.81714806297
3.93378135592599e-15,29.2351072153969,32.5553463091908,15.4614006933166,19.5896007963961,0.0303120198047657,5.89461558421314,1324.24929069031,188.380077715579,1765.11026890045,373.197779932263,81.9383892921976,3024.17701464734,111870.620915863,15.8191825844839
1.795868191732e-18,29.5823898166652,39.3729472064813,17.0402994806911,18.7017165758176,0.0250792853785728,5.94706942651308,1307.83057101547,194.012832445051,1742.04168067144,368.714290155961,80.7441480585991,2991.51120466226,113618.899518894,15.821161506256
-2.18711759427243e-22,29.8849330779674,45.0772340801987,18.2304683413393,18.0066078213214,0.0182133835715772,5.9881017371533,1298.46913762574,199.909181110901,1728.24041531751,366.183848195075,79.9965693888769,2974.2690725501,113926.915295055,15.8230845852378
1.09707340918682e-26,30.1424552243915,49.8855278045363,19.0623600659836,17.4616260092937,0.0109287041072266,6.02026281049382,1297.52702534265,206.233995034784,1725.49635492101,365.792320226313,79.7769922793641,2975.39485392824,113786.143431252,15.8249536294028
-1.65950677389686e-24,30.3760208665746,54.0749637736302,19.6872732795999,16.986856990312,0.00533938491044495,6.04848790858345,1300.30714727233,213.124527922178,1727.5410765765,366.333069854084,79.7845299474433,2984.81972084797,113461.519950454,15.8267690266097
-1.30403281986912e-24,30.6033419671228,57.7183698319515,20.1791727240159,16.5548472362265,0.0021361213397911,6.07464181462701,1304.75341795051,220.315392639185,1731.72376909155,367.356397091548,79.8929683547251,2998.02816200572,112938.907061578,15.828530674161
-8.2140869397425e-25,30.8499340085853,60.9026541791849,20.562721785636,16.1642361327632,0.000665789162951331,6.09870942788834,1310.74981476835,227.018272835451,1738.08201048918,368.803128264065,80.1064660972798,3014.3441870265,112214.579457568,15.8302384689225
-5.79658720110187e-25,31.1212421693123,63.7890043830406,20.8500998512685,15.8107947154383,0.000102561276156065,6.12071486070169,1318.16116192638,232.964464618768,1746.48261459178,370.512772978873,80.4195779057594,3033.2436111108,111379.444932367,15.8318924516573
-4.94448625706748e-25,31.4022964487936,66.4932949873736,21.0537882504261,15.4850168672705,7.8809950399525e-06,6.14119807991448,1326.63117342194,238.483655398977,1756.35077400552,372.285264192912,80.8037905920793,3054.04226299119,110490.168287397,15.8334926237746
-4.60650723719136e-25,31.6671897888748,69.1314701697629,21.1917920189436,15.1849718702939,9.77745542159403e-07,6.16032917371231,1336.31797078402,243.82295711224,1767.8401507328,374.250171060386,81.2647097108686,3077.26539802558,109466.061635624,15.8350387668622
-4.29973904411503e-25,31.877034015831,71.8817144264958,21.2958262776817,14.915023931301,1.85723313365505e-07,6.17785472534767,1347.78687696639,249.050135063394,1781.69710091993,376.749955814865,81.8374248833085,3104.29809244873,108255.713669883,15.8365306843218
-3.92993051876297e-25,32.0268865645605,74.8255033255775,21.3932652795213,14.6665942573858,4.08571627718024e-08,6.1942239853823,1360.38097588579,254.100847755999,1797.04368452146,379.658039164286,82.4814166642199,3133.69513501064,107072.887515974,15.8379686543911
-3.53699563461424e-25,32.142356811479,77.9128631012783,21.4918812995307,14.425555447087,9.84539361273036e-09,6.21019270554281,1372.83278879785,258.84929265335,1812.19349492602,382.59133360945,83.1180360556745,3162.58985085122,105991.891621759,15.8393527814965
-3.16563253712996e-25,32.2361570125472,81.0481795896375,21.5829802910686,14.1786650125106,2.59948582138689e-09,6.22646619185856,1383.87045903583,263.131951091117,1825.47929901967,385.156979490322,83.6697296424986,3188.09642193089,105149.899561155,15.8406833316236
-2.83308609752513e-25,32.2945573364139,84.0956574050206,21.637903446712,13.9118782642239,7.60686086106403e-10,6.2437891343907,1392.08253795532,266.700887517435,1835.09070433309,386.945552454184,84.052760437477,3207.01641881136,104656.698404928,15.8419605501476
-2.54023498586396e-25,32.3081273729004,86.9824012397333,21.6402212334003,13.6268924366174,2.47413451681734e-10,6.26204583160286,1396.29528693434,269.269436075885,1839.51599389001,387.631905385146,84.1984857177077,3216.6342417382,104323.574468181,15.8431840315561
0.00348548956075143,32.4590572744785,85.6181880222711,22.0795036639548,13.0035459505201,0.015048358180457,6.3067028498213,1347.99866718686,266.867900762993,1774.08915916087,377.223458572729,81.1136494877113,3110.57478379468,94855.1724685444,15.8443584719031
0.00458939487898696,32.4588380293422,66.1487910664918,22.2727202911005,12.9708253526219,0.0646333557817032,6.34216090644525,1345.55745903427,268.068369039127,1770.35798185324,392.527736605733,80.9296158422821,3115.29205685499,94594.5278637067,15.8454736504271
0.0118735150838622,32.4275093377889,42.5767660076621,22.2059015647343,13.2102332754372,0.140608428315467,6.36190860771532,1353.13950261955,269.538995420032,1780.39571301144,414.5639139839,81.4116011245525,3144.7860227586,94227.0055904438,15.8465344510401
0.0140851632969761,32.4143599251091,28.7626942129798,21.6698683299453,13.5316705777373,0.263202630326961,6.34744973501203,1361.30751181364,270.81407105665,1791.39824416832,430.227431490153,81.9599228433953,3171.67855744337,93875.0935520137,15.8475410701165
0.0147762542911682,32.4196559642475,21.2394466716808,20.9575304026737,13.8192220877698,0.38939342091439,6.3217176528552,1366.51788255237,271.660379908203,1798.46290356987,440.607862033933,82.3345167839645,3189.15327037917,93579.0376608965,15.848493570936
0.0151397819548214,32.4183441017593,16.8645195010726,20.2284050681875,14.0464726223914,0.514143221597972,6.29443687376403,1370.16580784444,272.227760636788,1803.42379316711,447.760264882708,82.6139396194815,3201.3270584326,93197.8719605438,15.849391717573
0.0153435008266827,32.3662574170076,14.152670028798,19.5572883013453,14.2508688577239,0.634390883817779,6.26691380377349,1375.03214937187,272.73512516782,1810.01921456624,453.485158048251,82.9695047931425,3215.05592784988,92588.4078287634,15.8502352827782
0.0154558638098191,32.2465387501984,12.3401583003404,18.9635747227909,14.4624463762774,0.746196431641154,6.23914845533443,1381.44111781224,273.183989030542,1818.70864299929,458.523216542204,83.422438061071,3231.46204200009,91945.0155850672,15.8510245870285
0.0155309573558088,32.0783347708284,11.0074165260414,18.4240516695799,14.6861365375968,0.847780261138352,6.21152418527443,1386.78561941843,273.234430013924,1826.03818349715,462.536082917078,83.8133288265453,3244.8735037836,91340.8023887496,15.8517597790096
0.0155947800668221,31.8812278307646,9.93246350423937,17.9202172563958,14.9121405585606,0.938544957146469,6.18485590986916,1390.38698631923,272.870164299612,1831.11622270385,465.595359957518,84.1004763369981,3253.97035295198,90923.2802144159,15.8524411203537
0.0156708562173067,31.65974835416,9.03890832590439,17.4568240442918,15.1188876799288,1.01831795340159,6.16042280785836,1391.09426994566,271.939374358814,1832.47359903844,467.420497330271,84.2151454425093,3256.22026772245,90843.6580128236,15.8530688459211
0.0157680045223427,31.4138755056631,8.26375848946883,17.0431641273816,15.3012111271808,1.08781069853701,6.13857887957998,1389.46838127712,270.461723885928,1830.89588477801,468.214495352016,84.1935048377553,3252.92158538119,90884.1167490903,15.8536425980289
0.0158918798616487,31.147556938642,7.527967841874,16.6772809495439,15.4709522619624,1.1485309446352,6.1186768609307,1387.21250533187,268.663531372877,1828.61909566749,468.554028174756,84.1391111179983,3247.97735635643,90945.5445923559,15.8541622302094
0.0160386234474545,30.8729372350928,6.87750567348117,16.3845992978261,15.6308105201559,1.20145606034657,6.10049235809829,1384.86076681751,266.821690208886,1826.28737154714,468.642188632641,84.0810674163353,3242.72483427195,91106.0184157668,15.8546278507219
0.0161543853036027,30.6194205492724,6.53114975535409,16.2644476103661,15.773338413348,1.24272786616648,6.08498325380766,1381.93610422423,265.336547628955,1823.1874827053,468.364983568027,83.9849834091186,3236.36383008414,91472.6013566264,15.8550395636447
0.0162071536900869,30.4059137823614,6.53922084272174,16.3755005833538,15.9013537144459,1.26633817671239,6.07297513724619,1378.14064134439,264.376311133915,1818.89115271327,467.716647631412,83.8306664911288,3228.38919983055,91913.2920698983,15.8553972354221
0.0162213925343485,30.2252778716829,6.77374477985777,16.6755448118888,16.0218163357877,1.27347325520249,6.06398785888513,1373.73183667456,263.805180654261,1813.75970952824,466.841081526815,83.6353673090734,3219.31996866442,92368.1386713494,15.8557008563687
0.016226995750267,30.0597900150958,7.08742788169687,17.0731555795323,16.1310564426395,1.26915141428689,6.05742201113175,1369.4156443338,263.569412527599,1808.70921848958,465.950569368107,83.4417088090901,3210.6372222505,92899.2092278269,15.8559505201133
0.0162629349831141,29.8917507217848,7.30773122449324,17.4388603608199,16.2151425277335,1.25893393697992,6.05307674991137,1365.02566022954,263.613534728145,1803.39716696207,464.901669241194,83.2337182169887,3201.76519807721,93582.3728577048,15.8561463039287
0.016344694862326,29.7164537240875,7.37753743523029,17.7064760332477,16.2681882153915,1.24820041357862,6.05041720183137,1359.78503257791,263.788388401699,1796.72844555442,463.409727180325,82.9608259195311,3190.80544019629,94312.4131591131,15.8562882193544
0.0164495183338051,29.5410885807514,7.369540059024,17.9091321974221,16.2973738672049,1.23818406099209,6.04890926353931,1353.96243032243,264.096923078952,1789.11587813011,461.630914235141,82.642471181967,3178.4451991689,95038.1714213047,15.8563763403256
0.0165767682540995,29.3699919817089,7.36450117159939,18.0967556078518,16.3013613107538,1.22759072164425,6.04878939446805,1346.36072893047,264.39002414199,1779.04590151847,459.225599974126,82.207843373657,3162.04223938751,95880.4194625496,15.8564107752992
0.0167550077278455,29.2006156184135,7.35792943471423,18.2834479153823,16.2640735739274,1.21642130725923,6.05080181370618,1335.37733361514,264.512635161266,1764.44883705708,455.674711487349,81.5595158487617,3138.01258908927,96963.5489747711,15.8563916013416
0.0169936619584357,29.0344840235705,7.31242651566584,18.4553374129332,16.185825208756,1.20582325871225,6.05472554950661,1321.95939517782,264.569996705414,1746.6084220861,451.297748845212,80.7569810786647,3108.54858632471,98073.239858079,15.8563189059143
0.0172834684521319,28.8773132704359,7.23515794907266,18.6011187280208,16.0832872921157,1.19576765844753,6.05972727774417,1307.89375217871,264.718033069361,1727.88576109044,446.699001611083,79.9107893508622,3077.69884032169,99119.736789396,15.8561928218483
0.0176064597300244,28.7420791468357,7.11316431461654,18.7187909071527,15.9853268054581,1.18626317443119,6.06439170626313,1295.76240191179,265.178374431272,1711.68494516989,442.756452922119,79.1804023157379,3051.30645775025,99812.5495044572,15.8560135387014
0.0179327547165953,28.6516482611692,6.91558619503297,18.8216845424365,15.9305043399047,1.17852496546834,6.06663719735409,1288.58225047401,266.204671941687,1701.97369476264,440.489850891812,78.7516303383065,3036.18178171209,99920.1886630747,15.8557812865467
0.0182462505395441,28.6087709420506,6.68636715698115,18.9224485044428,15.9209825132355,1.172662078551,6.06629565502913,1285.7748357055,267.738469184056,1697.95686918715,439.682879918013,78.5874529232478,3030.96684282286,99833.5670310222,15.8554961688286
0.0185427866073143,28.5977412023632,6.46970905081545,19.0138873774302,15.9348334243664,1.16862946533607,6.06444041895911,1284.97817341806,269.549391507734,1696.51198360539,439.522157418722,78.5422646361921,3030.28219541402,99678.4993168712,15.8551583008805
0.0188193969951267,28.6185100709852,6.30522877256034,19.0694926138677,15.9405781790265,1.16559405640142,6.0627439188453,1283.51650642828,271.373024938925,1694.12716760336,439.094851533967,78.4530817937754,3028.06112996017,99811.4620057152,15.8547676840362
0.0190955337499689,28.7036037243769,6.22121428141695,19.031728942407,15.8953094198794,1.16142852205729,6.06365493527939,1278.06357710482,272.834937304247,1686.46937464196,437.287775681144,78.1202077872947,3016.77283464053,100524.536523378,15.8543242840812
0.0193884755459073,28.8690131740206,6.15507503061536,18.8663432077407,15.800283677979,1.15672328033333,6.06708871550964,1269.01233798889,273.860727324291,1674.12835647096,434.260500209309,77.5729244407024,2997.31030798982,101324.957013565,15.8538284142948
0.0196957835184041,29.0934578373607,6.05356625572362,18.5989243774666,15.686353386922,1.15267041977029,6.07137884332403,1259.11680006039,274.692696671004,1660.7461298604,430.947163760564,76.9801720311307,2975.91785444549,102062.204456671,15.853280301877
0.0200141946197817,29.3445961228513,5.83794103112387,18.2641579953927,15.6022105370629,1.15147365845878,6.07381646242531,1252.37474427969,275.684174603043,1651.61518243459,428.71143598416,76.5869835741029,2961.67045070472,102169.575075005,15.8526804007391
0.0203285096265668,29.5887314427913,5.42272303395959,17.888475638318,15.610315241736,1.15799247440381,6.0705665196179,1253.61821412033,277.235142227217,1653.15492015623,429.185463750336,76.6903733789064,2965.52782343798,101254.287359088,15.8520291909939
0.0206262715932061,29.815913213807,4.90891859351675,17.4944051645795,15.7024632073673,1.17348231962897,6.06175450997856,1261.81285939476,279.311662218061,1663.9538968261,431.962126034677,77.2230436495503,2985.11086307064,100147.788417207,15.8513265254822
0.0209020108612877,30.0365120404871,4.42498455124986,17.0889814590757,15.830993524182,1.19634345177624,6.04995799005672,1272.43018993623,281.518330832075,1677.97093475444,435.479195668179,77.9041223693708,3010.08836160563,99087.3556823318,15.8505724535635
0.0211315373128617,30.2441291583408,4.00867765927561,16.6749911964015,15.9725554219617,1.22540252035466,6.03652243090654,1283.2212146336,283.611595557288,1692.21801078911,438.977649538602,78.5961311946593,3035.31712161437,98116.7408394155,15.8497671153255
0.0212898209439819,30.4023085717992,3.66328676620255,16.2667029937046,16.121035902764,1.25929184736144,6.02195583431432,1293.55084673469,285.482538428541,1705.83520997478,442.24570674898,79.2605186620721,3059.30193134479,97253.4450584135,15.8489106620556
0.0213751181371357,30.4956576340208,3.37117576251265,15.8723425273896,16.2783199678034,1.29692248997859,6.00632161252004,1303.54628242331,287.120820230031,1718.99040639752,445.328598883082,79.9056418279228,3082.31650469034,96452.6558944623,15.8480033118045
0.0214035647608533,30.5421845219003,3.1137551542791,15.4884321088609,16.447227763943,1.33801030462103,5.98951168399686,1313.50824890144,288.565067925332,1732.10419229217,448.322853866401,80.5507544222099,3105.06988545911,95698.9381269186,15.8470452722851
0.0214031536087523,30.5619817188943,2.86718154076113,15.1048485942301,16.6355625282362,1.38352179540354,5.97098106378099,1324.14414771803,289.862716777095,1746.17179157845,451.470557683941,81.2426612717119,3129.21309561615,94858.5962136849,15.8460369461154
0.021401450767678,30.5683233825978,2.61042107839162,14.7050461033906,16.8573841420918,1.43620100275942,5.94958578409936,1336.59490049705,291.053188550325,1762.81192298131,455.166584625166,82.0586700811434,3157.39772766752,93818.2166552423,15.8449788249973
0.0213978258570048,30.5662261588003,2.36095736193648,14.2856486632376,17.1099605608688,1.49703094850007,5.92527880501012,1350.61544518402,292.100807817961,1781.7229731225,459.309958835397,82.9849831694578,3189.06821437215,92782.6224000888,15.843870903843
0.0213898291120042,30.5543378697748,2.13584453122693,13.8571057460293,17.378413706061,1.56427864073341,5.89907126565665,1364.97912002961,292.93305732299,1801.21251993713,463.467520860587,83.9412445493138,3221.39164980847,91828.8143722169,15.842713262322
0.0213882271057325,30.5344608264818,1.93122731999308,13.4232023441186,17.6549939065369,1.63712593973824,5.87148972511267,1379.09996238195,293.506645686539,1820.45951844081,467.432233492588,84.8883332561255,3252.99620581534,90932.8362061529,15.8415061653771
0.0214138919073563,30.5179616111813,1.73569464352094,12.9740886241782,17.9394471875144,1.71674093245423,5.84236124343697,1393.07404961674,293.789191898471,1839.59925244408,471.223631530844,85.832717008922,3284.06920048343,90058.5066280996,15.8402499591393
0.0214658141868524,30.5119948145272,1.55284861403719,12.5041773487007,18.2298851791791,1.80381212485803,5.81165626953822,1406.86089899455,293.763359466255,1858.58461736295,474.812365003317,86.7722469926893,3314.50524970777,89252.2976116339,15.8389447576424
0.0215409390842555,30.5135631807459,1.38721935741113,12.0191323559973,18.5221951590859,1.89708804756737,5.77976989642714,1420.16764029564,293.43853236299,1877.01180583778,478.099584059106,87.6877181340286,3343.65098567606,88530.6072892062,15.8375907002475
0.0216430342282569,30.5177240056248,1.24410895965316,11.5240290741525,18.8077505856297,1.99389641659478,5.74756005600975,1431.62311971856,292.637496801999,1893.04228728265,480.641616480272,88.4923256761444,3368.34282648536,87975.0440626845,15.8361875781978
0.0218779429442386,30.5212140995881,1.12883252168372,11.0144040092028,19.0668348768262,2.09381363146401,5.7161902399053,1433.12246725103,289.919035964011,1895.90810226884,479.786094453583,88.6794128293341,3369.66339373796,87680.5499029333,15.8347349283091
0.0221963257346868,30.5228012733354,1.03327150711677,10.4851364087711,19.2939604483619,2.19537011402297,5.68618811813296,1429.70216209018,286.215007042245,1892.29670130423,477.214236402543,88.56172041128,3359.40985710829,87514.1425020141,15.8332333946456
0.0225575448424663,30.5230594657874,0.953016927486768,9.93966436065071,19.5023506730244,2.2933682753197,5.65756101405238,1426.18074850384,282.370493355686,1888.61015614815,474.523680888568,88.4394491732301,3348.83204490127,87403.4822735123,15.8316835569589
0.0229777198761702,30.5194394268925,0.882278599487139,9.38959452717904,19.7123392464255,2.38568151212854,5.62950224812859,1424.8074247191,278.74781991387,1887.83257379547,472.451013850408,88.4530426142959,3343.14799709349,87188.244703288,15.8300866005846
0.0234787512246139,30.5012598637805,0.815244989932578,8.85606346140123,19.9526283074961,2.47507888582806,5.60004721343224,1427.22563400064,275.578123387811,1892.13199105988,471.509499840925,88.7052699904195,3346.11921431531,86689.6223054985,15.828444129055
0.0240437336041365,30.4630943091931,0.758270804601612,8.35302064375897,20.2298019611345,2.56193218131338,5.568755792273,1432.68318314515,272.771195911622,1900.48666023501,471.427567621047,89.1480867526091,3355.98629108608,86113.312440622,15.8267555637512
0.0246962958977404,30.4100231253437,0.713105301973467,7.87794709326812,20.5266985532184,2.64363211326166,5.53694522620382,1438.34434160575,269.932201362367,1909.11700692248,471.285882100492,89.6028483926385,3366.205538445,85567.4057286395,15.8250204993665
0.0254601685431728,30.3488207791107,0.676806720900676,7.42136273042955,20.8281656931681,2.71837869879231,5.50573725682365,1442.96353300282,266.895278998159,1916.3687334016,470.695344184282,89.9909290813973,3373.92233047182,85080.5447673298,15.8232389136047
0.0263593321953633,30.2837259718925,0.646265804541391,6.97371404535834,21.1263679915193,2.78510108589646,5.47575401222636,1446.28660050792,263.621190409343,1921.90512168996,469.587190744035,90.2957445433509,3378.55679387365,84661.7132632187,15.8214108881271
0.0274222676070101,30.2163537907343,0.619277514424361,6.53104918661074,21.4198074772837,2.84284845222778,5.44724532780796,1448.6276774464,260.152996838511,1926.14358992123,468.071315051414,90.5362774045953,3380.8362719596,84290.821567779,15.8195367862992
0.0286840724637846,30.1468894669338,0.594715465221276,6.09617635274776,21.7103302787318,2.89033003728959,5.42031765358517,1450.45933595685,256.565562702958,1929.71220070864,466.304800920997,90.7414705718554,3381.8580237882,83954.3010962639,15.8176169836705
0.0301766106260937,30.0789001597866,0.573942409667725,5.67565707725307,21.9956452119278,2.92465545401142,5.39553881783681,1451.83219179199,252.885676556383,1932.67369939437,464.313763677464,90.9133924017845,3381.7542236642,83693.5120443906,15.815651180588
0.0319201269744397,30.0258136465909,0.560038656159649,5.27729668572385,22.2655579700436,2.94054768002357,5.37427870129691,1452.21748671359,249.059414419844,1934.3158284974,461.955953140194,91.0172963107638,3379.32895356714,83575.3840216245,15.8136385183067
0.0339508316640192,29.9983548944549,0.550821134886354,4.90618713500583,22.5151321592327,2.9340218010827,5.35743893332271,1451.59501800734,245.08592541174,1934.60813010614,459.250529730046,91.0507465053994,3374.54827521031,83531.5176268947,15.8115799217024
0.0362648406030996,29.9948464668979,0.543840484899785,4.56426723272768,22.7484768275671,2.90400285541426,5.34497559574548,1450.57419532936,241.045837130417,1934.36258379316,456.395565578023,91.0512716179381,3368.8145634013,83513.3160311194,15.8094763807289
0.0388086165350581,30.005796617903,0.536970258942467,4.25386405379749,22.9737644908729,2.85121461154613,5.3363408430576,1449.87419679936,237.038801406054,1934.53630086769,453.611635771818,91.0634942484809,3363.77754025929,83460.8061187069,15.8073291409937
0.0414743345879576,30.0158509699158,0.529007889097284,3.98070569913252,23.2013025009329,2.77779049574101,5.33065290225771,1450.1984879527,233.164225381016,1936.06176774189,451.108732879587,91.1312873032081,3361.04572247828,83328.4232618218,15.8051393663721
0.0441083472889773,30.0104451036917,0.522744067870855,3.74951815408733,23.4273163969898,2.68465518895945,5.32799312192018,1450.98191469542,229.365933921865,1938.16941687705,448.712938795709,91.2182900442261,3359.32206934316,83238.201386181,15.8029056135469
0.0465849689162851,29.9814298529447,0.520175566129919,3.55851541090654,23.6344105022416,2.57216171415672,5.32930814560273,1450.91269401151,225.495256462506,1939.09024937432,446.0389293094,91.2412516413061,3355.60991274155,83266.8841596563,15.8006267046453
0.048721002212237,29.9218777598217,0.528152627601522,3.42150223349945,23.7901917690153,2.43909985584667,5.33663963097509,1448.09315402939,221.332517144106,1936.26488360959,442.550206914458,91.0800376845601,3345.58329981341,83633.6596612264,15.7982992430509
0.0502556060356196,29.8219080463896,0.558060081163479,3.40149576198746,23.8411099788462,2.28119066757072,5.35372164278458,1439.57431574587,216.500381482334,1925.71611005761,437.444626740669,90.5484306127596,3322.51219837192,84615.9490245283,15.7959202611941
0.0511791097195496,29.681734985224,0.604081217428073,3.54257273874562,23.7758893810624,2.10296729656247,5.38062561865971,1425.4988222452,210.94251947507,1907.6335334176,430.845863989469,89.6584121329605,3286.71738468712,85868.6830992763,15.7934974130312
0.0514710215407388,29.5165105707183,0.659670633468759,3.8202311711863,23.6350035156123,1.91794929838981,5.41310055692772,1410.21256462432,205.172043908047,1887.86348073471,424.058379403895,88.6885884839524,3248.14848100684,87141.7635831123,15.7910349917089
0.0504478142994823,29.3357993968867,0.763139181787287,4.25011273681086,23.4530485226857,1.72858687787562,5.44895742376162,1397.92140155278,199.918958314823,1872.03097927208,418.415415003445,87.9052099697969,3216.61923934462,88490.0993407039,15.7885325733191
0.0470110272994707,29.1308133761628,1.04152537315705,5.01379369777347,23.2460177854167,1.51645081164251,5.49058753637983,1387.18806503895,195.529883940206,1858.12133126308,413.871001981316,87.213644812516,3189.3820942869,90052.5360199934,15.7859893633784
0.0421434662270367,28.9005310537372,1.58779594154083,6.23067581576501,23.0292626178169,1.28023478775349,5.53781986619633,1375.05848372957,191.955679352078,1842.11701737406,409.827291077815,86.4272170179008,3160.03512927658,91611.0660595287,15.7834071707462
0.00594093028623204,28.6595363298852,3.05703218386104,7.82448233549969,22.8809526171437,0.945535944942441,5.59443269039535,1362.86870138489,189.207194164477,1825.82028507502,406.126267787759,85.6312812241867,3131.19577891641,93086.2894668466,15.7807864062949
6.39189518384536e-09,28.5206401665186,7.6152620574004,9.46470321418852,23.1530508270772,0.290794060999766,5.66657137134454,1389.5332330657,191.443177773008,1861.55381337122,412.643676062258,87.2743292966027,3190.4798935139,104195.413650614,15.7781361208437
2.83442746176411e-10,28.3330570879011,17.3580452256652,11.4193843728974,22.5264630463366,0.0456094442041252,5.72979787444992,1364.20007682497,190.431460184482,1826.61618486562,401.531403557188,85.57584769324,3131.01804977674,107026.671535965,15.7754319257959
2.73108760668413e-12,28.1546128395155,26.61205339566,13.5518892698002,21.4415570034452,0.0214529825826621,5.79293313999544,1350.41753587305,194.450433568937,1806.37195951734,395.18523298035,84.5423546998582,3100.69949471636,110180.604634491,15.7726897383826
1.06762722449931e-14,27.9921667473139,33.8720694130151,15.7043973190582,20.3002079981756,0.0172798942314753,5.85959488024051,1327.97532633612,200.000716284218,1773.9547646898,388.143028627585,82.9201429809649,3053.11025943218,113423.4179333,15.7699105212616
2.75963117213851e-18,27.8235545781934,39.9741409017908,17.6779295415427,19.2448997691385,0.0129529700134041,5.9213150238318,1301.50248992719,206.189070542724,1735.90668281897,380.320721627205,81.0302294914818,2997.19001252703,116021.623898031,15.7670957054393
1.21886026345499e-21,27.6225658507546,45.0665536224253,19.2310399648933,18.362984043211,0.00815305099043677,5.97268338267552,1283.11778671302,212.494952814622,1708.85159127912,374.758675057214,79.6646411759864,2959.16496969495,117259.198988744,15.7642461794063
-1.65227047107279e-25,27.3962010742821,49.3119839954538,20.3824127321982,17.6315716721484,0.00402347033103196,6.01534854808823,1274.2054247578,218.761307813672,1694.68001231843,371.866437096898,78.912548625912,2941.98622561079,117880.013441812,15.7613604181145
-1.54963795808947e-24,27.1766064065937,53.0110123084348,21.2995770072263,16.988652758442,0.00149158272199539,6.05308817528612,1271.23013772027,225.52936219297,1688.4704201815,370.612130119223,78.536555885071,2938.13738204787,118098.860948052,15.7584383050898
-1.09698365726873e-24,27.0030052546523,56.407605041404,22.0224616661308,16.4177870850718,0.00034526766304492,6.08678559684268,1271.85298970678,232.763072395968,1687.0563241734,370.244200826295,78.3864059076108,2942.39569822091,117852.930215111,15.7554803627541
-6.70748562508541e-25,26.9196804071213,59.6040844748705,22.4865025775369,15.9210269458188,2.31540369156755e-05,6.11635546209383,1276.00184947313,239.882894879343,1690.46173887157,370.772708226479,78.4673763979846,2954.30502810853,117172.15318967,15.7524870222006
-4.85124712151581e-25,26.9222152638805,62.6104917146805,22.6998029198446,15.4850307741092,2.09941211412661e-06,6.14274086215432,1282.83238640112,246.61863261058,1697.58498475827,371.974130056129,78.7282021262444,2971.85583420637,116312.106512131,15.7494582965101
-4.24216280858526e-25,26.9732500794893,65.4892258251205,22.7367980555902,15.0909296868256,3.44914920960681e-07,6.16699717911669,1291.15642412465,253.101198428384,1706.78071435354,373.555566206179,79.0875379308515,2992.52242631854,115362.682107799,15.7463944761762
-3.94264660855527e-25,27.0364348974452,68.3384512477289,22.674956464469,14.7427799121499,6.16829179016999e-08,6.18882240390826,1301.6629516952,259.447942998691,1718.92804203004,375.813611297421,79.5859859184255,3017.91676371743,114069.099537221,15.7432966717846
-3.62367491250895e-25,27.0697349938738,71.3051296727058,22.6167255862992,14.4570444413323,1.1615774039872e-08,6.20726728495925,1316.11778338091,265.749894333426,1736.32949402664,379.305061471865,80.3343175503482,3051.94160226709,112295.389470102,15.7401659866461
-3.26281439749433e-25,27.0626553260932,74.4662839625635,22.6126685774632,14.2176228134874,2.3179344389035e-09,6.22320576923426,1333.32840420836,271.920872198436,1757.35940508431,383.659965722713,81.2568492623206,3091.88194163489,110523.65042714,15.7370019154341
-2.90698956618011e-25,27.0335327735288,77.7890395331371,22.6446974037301,13.996103144505,4.92537500212267e-10,6.2381859741139,1350.7630667129,277.742245135958,1778.6611674425,388.107110749607,82.1950311728232,3132.04278143219,108891.063970593,15.7338045060447
-2.58840738399304e-25,26.9985592210608,81.218543464229,22.6914544059285,13.7798481772012,1.11156151830297e-10,6.25288364743444,1367.26775187335,283.028485345928,1798.74370626398,392.296850500338,83.0782979446132,3169.80159580381,107413.731890796,15.7305740788475
-2.31437760025381e-25,26.967948212491,84.7104388130244,22.7489504055844,13.5652978260287,2.65676916621666e-11,6.26747713324919,1382.58096972508,287.629921023762,1817.31179119171,396.154033333102,83.8923407909381,3204.52580975392,106091.433723633,15.7273109847627
-2.07925000402832e-25,26.9430070255435,88.2374604121424,22.8208404465261,13.3513746425424,6.72764606104835e-12,6.28201203699239,1396.70722357333,291.524022552587,1834.38310692434,399.681802222506,84.6380592882978,3236.22054879712,104920.434442695,15.7240155683552
0.00364611334789087,26.8586967788261,87.31860932924,23.4058632763366,12.7739522214078,0.0154329179798227,6.32400792629163,1353.01456396604,289.134547540743,1774.42960347083,390.011541317429,81.799306172635,3139.23859907571,94669.087459637,15.7206740970127
0.00476856383695844,26.8260823639046,68.8921510983409,23.7695805291915,12.8198932257814,0.0663684295833507,6.35468192406472,1359.83117512115,291.400312340991,1782.43876727797,407.55384686845,82.1684675406846,3164.12696521446,93701.7893213767,15.7173147475093
0.0113410916305328,26.8154369251914,45.7852401736028,23.9488692203273,13.1503345271072,0.136776321676848,6.37164997136806,1375.99334716453,293.798548178361,1803.406445977,432.022328997182,83.1665152390997,3212.52979388041,92719.1379187461,15.7139251652953
0.0138072234037692,26.815925284328,31.9326394741729,23.7253395504211,13.5682108504489,0.254324423012425,6.35514973297592,1391.34900024512,295.689659371394,1823.5913310444,450.22507880093,84.1477540744187,3255.46640434177,91815.4288418678,15.7105052955746
0.0142995028592301,26.8210847211822,24.4670731085574,23.3533557488855,13.9676808532494,0.37433674075375,6.32620752157647,1404.13039954235,297.155580368157,1840.40279159803,463.68825213245,84.9805385282119,3290.13401959465,91019.8323422031,15.7070552850666
0.0144408055991842,26.828287750135,20.1279566992331,22.9708421528589,14.308135933202,0.49158967350468,6.29553586964779,1414.66705753978,298.294082876891,1854.21192973405,473.944196703767,85.676819342504,3318.11804357373,90385.5704957424,15.7035749820401
0.0144270985494932,26.8383658271023,17.3643139000394,22.5999483141415,14.5962842136164,0.60412421038937,6.26587153363432,1423.10335046625,299.020672285469,1865.22370182295,481.665751597522,86.2450338200108,3340.05955893386,89966.1413573017,15.7000640703394
0.0143734140305572,26.8526328808135,15.391715993515,22.2345801344498,14.8527516446385,0.710040176351337,6.23744459867017,1428.73874184639,299.074651645651,1872.55141236929,487.104398509449,86.6440343767522,3354.55200868407,89662.8857591115,15.6965236062956
0.0143437048275941,26.8709427788865,13.8210070717198,21.872230820555,15.0946840471419,0.809534417228748,6.20981407919368,1428.87608296513,297.920743763354,1872.66460271046,489.83203958838,86.7092110118951,3355.58272295945,89426.376684456,15.6929544471561
0.0143230721464024,26.8824747883366,12.4947060210983,21.520538122344,15.3266033514811,0.900381031566955,6.18333457870364,1427.30769776339,296.335029603429,1870.57014036139,491.507622866971,86.6719035230681,3352.29619751522,89331.7045080616,15.6893562662173
0.0143173621024546,26.8544615309557,11.443226358555,21.1945590748584,15.5388077348028,0.97957673503356,6.15911066803034,1424.72175740413,294.576203721992,1867.19987691728,492.533175064373,86.5736586387457,3346.52138674773,89478.6392108369,15.6857284245373
0.0143342166269459,26.7672429932486,10.6584275094769,20.9026198444283,15.7280551632223,1.0455909787737,6.13773413032721,1421.26872126789,292.685699125615,1862.78035069428,493.01746597217,86.4243346335415,3338.68060859162,89731.4117565701,15.6820727467019
0.0143780046670608,26.631862927506,10.0250832924947,20.6423872891975,15.9013784568216,1.09872685427269,6.11899452152049,1417.84072163009,290.766498270852,1858.48215538389,493.285141498272,86.2787890073522,3330.81988957091,90019.4572629583,15.6783905355352
0.014459247308969,26.4928876960508,9.52718744847976,20.4242866640422,16.0386245039278,1.13900870369869,6.10389797855814,1413.25727626054,288.817404013961,1852.67793532941,492.923454480031,86.0596177696161,3320.26825863076,90722.5918697227,15.674678933055
0.0146023541982646,26.4532304075664,9.32791027100312,20.2866194073336,16.0788214422577,1.1644671363519,6.09563751673837,1402.40296235066,286.399804507327,1838.5297259362,490.119886723993,85.4431557784653,3295.31561699601,92332.3745380701,15.6709353182228
0.0148112539689321,26.5821056502179,9.45250515468397,20.2441493647337,16.0078471451386,1.1748366661306,6.09504025791177,1384.42142296615,283.346088288605,1814.93435813236,484.604707875883,84.3760555067223,3253.98946562347,94276.5345085004,15.6671665961654
0.0150516677729216,26.8510070148805,9.760585869481,20.2748601839414,15.8670096723063,1.17052295345841,6.10016950855473,1365.29215024477,280.355766800743,1789.85017405134,478.543998073071,83.2318611778679,3210.11085561622,96262.5188043517,15.6633756149874
0.015328652047519,27.1902369800442,10.0501540418788,20.349931605508,15.7118893246338,1.15409506775002,6.10804853023275,1348.48563345209,277.803785677909,1767.88293224686,473.232646819125,82.2282685478679,3171.68971868491,97828.8859271888,15.6595645957978
0.0156774539395252,27.5350203671772,10.0645745945417,20.4476031968999,15.5989181940393,1.13546211379805,6.11459064332521,1334.62331724705,275.841015609559,1749.82629296937,468.945059767511,81.4038821818084,3140.22034159199,98578.9596862784,15.6557347564652
0.0160805827487455,27.8667596369599,9.79695597906588,20.5665543810795,15.5301622556934,1.11947346804287,6.11891011579013,1324.60011592201,274.859104574423,1736.80766565868,465.968440731668,80.8108669763645,3117.90337840656,99071.6697175988,15.6518835975242
0.016518220681749,28.2026471744051,9.44095342325708,20.7081780382341,15.4743570813583,1.10643013045965,6.12232606408442,1316.48787371742,274.57346557687,1726.2766691159,463.561791653414,80.3295264197032,3100.22728835799,99481.4414961905,15.6480107239059
0.0169669284791479,28.5281172951291,9.14959419418874,20.8470937438675,15.4071137440146,1.0951386106671,6.12603713845527,1308.35234605244,274.503456686459,1715.68248535355,461.036805337534,79.8431097426178,3082.56294185843,100019.596782115,15.6441157703548
0.0174185261245913,28.7623502799624,8.98973973595423,20.9183576968799,15.3073773100164,1.08383398576772,6.13121286276142,1298.23329788274,274.037240563032,1702.39991740845,457.790930157464,79.2360053543833,3060.14893574029,100847.830277267,15.6401986825259
0.0178651718222363,28.8652386456605,8.9159006250402,20.8868829315511,15.1837223997017,1.07263836159256,6.13741225577399,1286.63642732662,273.046317754629,1687.09671734562,454.057672401,78.5433448146888,3034.04212902507,101634.634207029,15.6362612880269
0.0182934361774482,28.8743168317541,8.86030361523129,20.7761205848157,15.0613533377054,1.06189357069412,6.14338670090989,1275.66245647227,271.913331316974,1672.58301055622,450.575632193839,77.8939513569437,3009.19781195539,102276.417687114,15.6323044607023
0.0187044524064605,28.8341217356422,8.75040296280376,20.6281022645931,14.958285199326,1.05207837381791,6.14821783033993,1266.77676945494,270.99354617549,1660.84539506533,447.844052391035,77.3760976566921,2989.15149508615,102674.402131272,15.628328992811
0.0191094760680364,28.7702999332409,8.48029971845634,20.4884039087765,14.8858514160627,1.04474923756492,6.15114076912516,1260.93838128476,270.52378425075,1653.23160205433,446.180431084851,77.0477498196131,2976.25768906419,102777.549296558,15.6243355289667
0.01951455398581,28.6882665108646,8.05977079910907,20.3716565947379,14.839158895905,1.04110547350726,6.15219696247848,1257.65652032193,270.481144766965,1649.10375078048,445.385314994774,76.8776475134957,2969.40810820837,102767.151803957,15.6203239928125
0.0199147748885762,28.5823177474615,7.5803077937204,20.2615272636395,14.8062808831284,1.0411932645393,6.15194698174046,1255.65341854151,270.670082785016,1646.71595977927,444.997033582908,76.7864871692396,2965.57529412719,102715.599832864,15.616294665875
0.0202877780623779,28.4674275749933,7.0848489325371,20.1274013427369,14.7919351020802,1.04516881764504,6.15014678828994,1255.14776190348,271.081677730487,1646.31762111463,445.100476038939,76.7889985308838,2965.20570589646,102456.461629731,15.6122486422881
0.0206026242121474,28.3947107247859,6.58508691783437,19.9277818566173,14.8145077371452,1.05347162535113,6.14583806943198,1257.45765586749,271.902968160852,1649.63485666359,446.172785918471,76.9684073285224,2971.34577419832,101865.152960086,15.6081869605269
0.0208518682062359,28.3821885929081,6.10852109257255,19.6580462805508,14.8720053394086,1.06563653506702,6.1391598134102,1262.18179274273,273.108645437119,1656.13048828059,448.06220578817,77.299686837267,2983.07758998889,101224.403506458,15.6041092712949
0.0210478014389243,28.4043563453634,5.6716590532451,19.3453903320547,14.9485136808071,1.08128225908414,6.13093398887099,1267.88247684005,274.484205865074,1663.91010206672,450.241447046492,77.6930264359433,2997.05667955884,100611.877128234,15.6000158201709
0.0212036257361283,28.4368297279476,5.24809537082105,19.0168550641472,15.0406702992992,1.10100732188151,6.1212436649834,1274.26681015756,275.878638021102,1672.59613825917,452.596302441659,78.1309766503954,3012.52545759386,99939.7352915236,15.5959074948996
0.0213382346538797,28.4663180379301,4.79540371424996,18.7005944014371,15.1549528261104,1.12648007515917,6.10951508884487,1281.92292302919,277.190034784966,1682.96139868533,455.318778687045,78.6515914590058,3030.69486883572,99137.936352943,15.5917852068035
0.0214624732302032,28.4923704419551,4.33148102510547,18.4062504750443,15.2887358287821,1.15878636299789,6.09568208878996,1290.68390339705,278.355289662224,1694.78194995658,458.319793628001,79.2447510070802,3051.12793511654,98341.8377161615,15.5876490009563
0.0215747776207133,28.521788096875,3.89841754838283,18.1240019824805,15.4332312411868,1.19724068633815,6.08026355447439,1299.80584633407,279.365722284914,1707.08350871562,461.321948232886,79.8634829213973,3072.17301496372,97595.1808629115,15.5834992060398
0.0216674378302635,28.5542262907164,3.51904682232488,17.8407128795168,15.5827460242146,1.2404443689764,6.06374998682221,1308.79454032392,280.205690571791,1719.22007162689,464.150030841428,80.4760241400907,3092.73150338444,96916.6460999116,15.579336238666
0.0217312033225192,28.5759875579347,3.20162910173494,17.5429906684829,15.7338873450525,1.28666171939915,6.0465745679582,1317.3720910196,280.804188698579,1730.82027789596,466.708495534975,81.063355388721,3112.132403431,96319.3101119902,15.5751605241759
0.0217689137866761,28.5810379386324,2.93641190317663,17.2284264880934,15.8854156723493,1.33449091392417,6.02901748312108,1325.46611957657,281.134664073813,1741.78478794825,468.9799707878,81.6202688926612,3130.19682734601,95786.8347089021,15.5709726458902
0.0217910998753904,28.5769577213765,2.70995990283749,16.9056279752605,16.0366476934557,1.38337549155413,6.01120245296955,1333.09458503482,281.238064512039,1752.13838974985,470.977614764939,82.1484893311648,3147.00077710372,95314.127728765,15.5667731422918
0.0218269089033711,28.5772829912258,2.50524887462201,16.5780274399172,16.1805111165867,1.4331807642753,5.99350425986719,1339.81397505945,281.079528413972,1761.29225354248,472.544177513668,82.6215020635966,3161.53641509848,94982.254926613,15.5625620025517
0.0219379461478279,28.6016875942363,2.29587130677944,16.233210489847,16.3017703787343,1.48521777466256,5.97648417293789,1344.69487444184,280.486558990104,1768.01469753222,473.334378599646,82.9835597831315,3171.60956746708,94866.9309370968,15.5583391804715
0.0221382818180527,28.657416207383,2.08484100205291,15.8627380052697,16.3954004062784,1.54145365268266,5.96010288635413,1347.68697343547,279.415085344488,1772.24154774436,473.310653274352,83.2325551245313,3177.06720921165,94844.7497866754,15.5541059554533
0.0224024799523759,28.7354522777351,1.88786585310478,15.4741691578384,16.4686265199767,1.60103598139056,5.9441451899135,1349.48574879205,277.996372258849,1774.8916732318,472.728929510886,83.4105236061422,3179.54921964458,94866.9985105068,15.5498632203487
0.0227092782614563,28.8182682988658,1.70101866914609,15.0731328752229,16.552472800474,1.66464962446346,5.92696729257853,1352.55443664609,276.577366711434,1779.25875116776,472.479794823765,83.6710214933959,3184.80531597402,94526.2575375953,15.5456142429459
0.0230102251425803,28.8810392674088,1.5191242053015,14.6581006620435,16.7025864315353,1.73676817889642,5.90505547652212,1361.1455038129,275.72074648981,1791.05012174618,474.057635727649,84.281313361781,3202.72965292499,93458.0423917885,15.5413626078056
0.0232585270910168,28.9159773336947,1.35699737918929,14.2327292713328,16.9250674547908,1.81734215873643,5.87803305831982,1375.17894845182,275.463263124691,1810.16596561733,477.415713186821,85.2358660731282,3233.16668400992,92248.3178582876,15.5371057384314
0.0234710359792426,28.9334728385859,1.2178523694733,13.801757072028,17.1845234592209,1.90363277743909,5.84810273679162,1391.19531448952,275.372659906185,1831.97320625516,481.338409319744,86.3169893427194,3268.09516672725,91108.1334413606,15.5328426969306
0.0236562630356716,28.9453135623375,1.09737425389042,13.3645100418993,17.4591780207988,1.99509892788862,5.81648045689346,1407.20543748947,275.153875748851,1853.82047666057,485.133155141644,87.4011525720695,3302.88479577903,90054.4469052995,15.528573811516
0.0238046087272479,28.9625368933376,0.992204805739416,12.920020856174,17.7439396842106,2.09163995339286,5.78345479309742,1422.69671760665,274.680971199222,1875.05784800263,488.634866476683,88.4591896009189,3336.34544105857,89077.0058961358,15.5242996808822
0.0239220570438146,28.9890852842609,0.8974182730434,12.4677980596515,18.039831188721,2.1931169196928,5.74899177969635,1437.73739973766,273.938428100551,1895.79582047788,491.872167968569,89.4969447270766,3368.63872726091,88168.8302725011,15.5200208956502
0.0240258647118285,29.0211452272129,0.80942796584217,12.0070501052551,18.3476549430338,2.29973322390674,5.71300884079934,1452.48510815942,272.966558978403,1916.23250036447,494.885982622422,90.5234737938421,3400.12441246309,87325.6381537903,15.5157380177827
0.0242147803540949,29.0518229190714,0.727904516533038,11.5379988133061,18.6649940855034,2.41306077022395,5.67541406818924,1461.96296180269,270.932669139073,1929.75708348037,495.998786645687,91.2247935685688,3419.19606412331,86547.9156941203,15.5114515233488
0.0245314831226855,29.0715488076141,0.65548553805668,11.0625800096364,18.9850137732466,2.53721254999881,5.63601110006832,1464.07514449641,267.535817410122,1933.57006654216,494.515418545932,91.4671331345693,3420.99469758544,85837.7100167039,15.5071618126488
0.0248724226294452,29.0756790919376,0.593944193077192,10.5838383633745,19.3095955630934,2.66715120526692,5.59538439966553,1465.141695707,263.896657490097,1936.02840621171,492.567380590135,91.6457711387936,3420.26994559204,85188.128083872,15.502869414929
0.0252194691452933,29.0672389005123,0.544487843090393,10.1035710172449,19.641999653175,2.79649174841021,5.55422489117273,1467.05752835456,260.345034169276,1939.64223923121,490.79378046471,91.8790702140136,3421.44344232956,84594.8671989856,15.4985748234913
0.02558351387318,29.0506069080687,0.507952423662326,9.62040569758157,19.9815603468166,2.92065545826963,5.51317892394233,1469.74830465838,256.877908979808,1944.30974537635,489.161206952433,92.1616294791673,3424.34043908177,84074.5762766178,15.4942779693268
0.0260022018214786,29.0272003153231,0.481621891984555,9.12618037642115,20.3228611848443,3.03666031638716,5.4729248485011,1472.47314375223,253.382189245977,1949.0306172756,487.402804486209,92.4454990464865,3427.21533169118,83651.756658933,15.4899783034309
0.026523204896228,28.9970173608923,0.460656517677496,8.61577555533536,20.6613899491204,3.14362398969,5.43384887561466,1474.76784218955,249.787577787678,1953.17394822344,485.361438639561,92.7004740170142,3428.97697695176,83297.828817827,15.4856766331223
0.027177674013867,28.9607749078015,0.441923839823945,8.09378712850498,20.9957006911289,3.24219433008146,5.39601711432097,1476.61625301686,246.102082628619,1956.7161491735,483.05505674567,92.9253286759307,3429.60767938208,82992.989272946,15.4813738349054
0.0279846897030977,28.9240230741437,0.425381448358188,7.57366826904433,21.3183896574409,3.33144647433432,5.36005306268003,1477.65071952346,242.318283905134,1959.16501570229,480.391481632525,93.0962655894166,3428.30565865843,82809.8798402304,15.4770677357336
0.0289813963103483,28.9039075057265,0.41148921653396,7.07795518048818,21.6090519131416,3.40727271939239,5.32773895915071,1476.74974086384,238.362132139141,1959.01786514599,477.030178006546,93.1409212844628,3422.55004006236,82872.5169796038,15.4727538928253
0.0302192751067079,28.9144543609137,0.398980914627919,6.62093455875643,21.8570680069552,3.46660327379908,5.30016165479935,1473.66443212711,234.234304437074,1955.94095538565,472.912743923954,93.0425459688383,3411.80367632667,83073.4804441497,15.4684362233926
0.0317301860359971,28.9546469080021,0.387095058504531,6.20201624502191,22.0701168220253,3.50848304137992,5.27707291441614,1469.56045853479,230.072943705612,1951.49120402996,468.42901446039,92.8745699979026,3398.74808811991,83328.1892800901,15.4641188196934
0.0335187697813057,29.0119782203217,0.376695801332141,5.81641002146509,22.2667043641687,3.53244142532707,5.25754701424921,1466.00660964786,226.050100833075,1947.76651530066,464.095280515236,92.7361635386016,3386.97932780671,83512.4483091425,15.4598064385858
0.035527145091981,29.0647701979294,0.37096820366044,5.46280472361065,22.4764873568502,3.53848908933012,5.239979743207,1464.91751131115,222.375542203913,1947.33548352146,460.54373599635,92.7487940429038,3380.89504995251,83474.5596065391,15.4555041818638
0.0377123935517126,29.0989989698139,0.369994489961802,5.1461034015546,22.7115254857196,3.5242736383905,5.22407103842437,1466.79251486362,219.115743778905,1950.8663118824,457.944034856936,92.9433195286239,3381.65158578785,83342.7555920814,15.4512090564342
0.0400880997477024,29.1168422896083,0.372101651959524,4.87125701007058,22.9579405936427,3.48827790862168,5.21083690014641,1469.01321797106,215.947874030075,1954.85336803263,455.470448754357,93.1518293416964,3383.2359269403,83206.3400757696,15.4469187012907
0.0425101873499879,29.1266767217317,0.380741426376,4.65383586956259,23.1935578983768,3.42855217803064,5.20184000569367,1469.9841871421,212.72479463911,1957.14170678731,452.631438294672,93.2710694146549,3382.01049366983,83183.2623380732,15.4426296966668
0.0446277457691362,29.1359118643623,0.407133259560987,4.54395924638879,23.3929250677617,3.33783931508205,5.19967949729375,1468.2907082891,209.375302286166,1955.79600359916,449.059003518537,93.2081147840791,3374.81161366084,83424.3116583319,15.4383375944763
0.0462489948962199,29.1475403845297,0.450092655077711,4.57560800103448,23.5503051811279,3.21327971604474,5.20520602230216,1463.83387512082,205.933563353148,1950.6582861559,444.804087777682,92.955715405534,3361.47236026119,83798.4010847025,15.434047388797
0.0472731571568242,29.1609306813347,0.504443178025472,4.73072574370555,23.680911752793,3.06197720081664,5.2165150857597,1458.39285940388,202.575969643963,1944.11802433674,440.420917646751,92.6294924690089,3346.05024517011,84202.2242219083,15.4297635151006
0.0472072465240328,29.1709966178111,0.59591496449758,5.04619917007913,23.7849638825467,2.88483378069404,5.23354793222355,1452.05713473834,199.345340180111,1936.29683071961,436.012351533799,92.2370053110839,3328.82265178247,84827.191980732,15.425482339063
0.0450704113304222,29.1619050304235,0.815286847196157,5.75478289874252,23.8351489309316,2.65986512908783,5.26159025477829,1442.0740624523,196.127870783173,1923.47684651928,431.115214547275,91.602096236041,3303.85146321906,86028.2746985712,15.4211986694874
0.0413807529000181,29.1190885138042,1.22086276169084,7.03415539182878,23.831735322564,2.37565720554448,5.30275235675339,1428.11149531578,192.984838255112,1905.20425410057,425.955629575873,90.7059319287332,3270.6431191247,87501.5833445778,15.416923051196
0.0043684636874792,29.0434377883034,2.20445839306594,8.83123295837667,23.9004702648533,1.92130571713732,5.36350548723606,1412.87803699882,190.118360432352,1885.11518407811,421.060986015094,89.7212869197759,3235.13081196871,89019.1154597117,15.4126607397589
3.67900203141042e-09,28.9436541112753,4.43304404092168,10.8425246532095,24.4896750583083,0.859570844328221,5.47626928350105,1424.79288207599,190.04116509412,1901.38251303711,424.31323123696,90.4474206803142,3261.27686247618,100102.49910659,15.4084305429051
1.11432974684803e-10,28.8410348848855,11.5072675759544,13.1842095044995,24.3131639604283,0.160567187148589,5.57943832652675,1398.50150644783,188.550012939691,1865.81353107826,414.27920342185,88.6788015834646,3200.75821674288,102779.248713652,15.4041829502937
1.66709117423551e-12,28.738125126474,22.1348470034281,15.5518721365881,23.3393894392695,0.0473801970958807,5.64720826209893,1391.00379710409,192.627876690367,1854.67544417538,408.357879526893,88.0544256332325,3184.03424759103,105755.122284232,15.3999501311485
1.1754228980198e-14,28.6348196436283,30.5468298717516,17.9084645859421,22.2242875459128,0.0410537017086109,5.71334781254161,1372.82098066749,197.725918876914,1828.81434339164,401.81553792427,86.7161397502378,3145.7730524473,108748.895455546,15.3957335263994
2.76810102708691e-17,28.5408340301065,37.3584368912203,20.0584845516835,21.1901499527343,0.0340653073052847,5.77592160351866,1356.72228052807,203.970722498385,1805.59581992307,397.030741074157,85.5021564039008,3113.48375504151,111180.714481087,15.3915344914163
3.54254851057092e-21,28.4856339804758,43.1333891582031,21.6914578005211,20.3118629521751,0.025027595672829,5.8289718584786,1342.97079619947,210.0298269599,1785.58683089407,392.996986995048,84.4500402341562,3086.30556754334,112567.726143399,15.3873532982517
-2.50499720057892e-22,28.4765818264394,48.0881727695242,22.7908544187327,19.5593689034277,0.0154914263469923,5.87416766714015,1331.81135617174,215.847021807501,1769.13197546599,389.491900961499,83.5746835505926,3064.57056012888,113565.843948303,15.3831867770288
-4.81367565086906e-22,28.4965558174684,52.4133856587464,23.5567659480623,18.8695995625104,0.00765591874913668,5.91558073251026,1323.05733233278,222.023915346607,1755.88180152724,386.564612987743,82.8539590855545,3048.28435588103,114338.172276043,15.3790345176227
-3.7913584857575e-22,28.5301298297087,56.1056818946243,24.0888949285876,18.2366597389832,0.00299873353734773,5.95395003174311,1317.49239258064,228.56733168807,1746.8580279084,384.638630166061,82.3363098129686,3039.25866917166,114646.339977215,15.3748976718186
-2.65461227708689e-22,28.5654445942325,59.2935146937563,24.4021954388957,17.6852580872526,0.000885761640017073,5.98788193974635,1316.90498998337,234.887687187622,1744.50245181924,384.227333221002,82.1411239755771,3041.00962217732,114335.995806311,15.3707771938811
-2.02163853597401e-22,28.599826064731,62.2385258864134,24.5196925040769,17.2091044759304,0.000115887725542228,6.01747664672559,1320.54895655844,240.734601703867,1747.83169613273,384.933298331621,82.2213360723453,3051.62244765438,113747.30785779,15.3666725774211
-1.73068115502878e-22,28.6373279777621,65.0444200538808,24.476480561941,16.7838053558087,6.08803225544298e-06,6.04413008228775,1326.63083831564,246.313765410533,1754.42426686818,386.115420788217,82.4593293078875,3067.23266895001,113008.504298507,15.3625839824491
-1.56814252520137e-22,28.6748785930728,67.7858685444377,24.3161817710393,16.4225168588352,7.63543915988495e-07,6.06721205355991,1336.26975757267,251.82237898218,1765.80497856489,388.178839576598,82.9264993655453,3090.5095133999,111711.661434024,15.3585135532595
-1.43345148568573e-22,28.698585650654,70.6920069619353,24.1315589246549,16.1608073349568,1.40340922434786e-07,6.08471554515311,1352.44424023776,257.455137570552,1785.99563354405,392.195381712574,83.814472352318,3128.27426736544,109615.388268572,15.354463506704
-1.30210141363362e-22,28.7043461754829,73.9118837826052,23.9918187346281,15.9772542177343,2.87905608483894e-08,6.09785540840379,1373.50335235373,263.146617785914,1812.76873709026,397.74491551315,85.0165973863323,3176.88341119913,107457.699467055,15.3504323071293
-1.17627227571283e-22,28.6991892840926,77.4046726270091,23.8978205305272,15.8254087019321,6.54721320545702e-09,6.10924988957368,1395.51209306678,268.599188643458,1840.83453411813,403.644348598352,86.2806607486337,3227.45670413307,105454.971669916,15.3464196582583
-1.06083937014009e-22,28.6917571707076,81.0497832492528,23.8318141466056,15.6665581999717,1.65251634076233e-09,6.1210586485232,1415.17309775307,273.514490772027,1865.73554600957,408.878100568847,87.395552079323,3272.47946222151,103927.043984618,15.3424238350524
-9.5616384171202e-23,28.6926421819246,84.6574979796755,23.7705764726177,15.4611171717821,4.62555593899626e-10,6.13546977251911,1429.22405456567,277.581418620931,1883.00511579513,412.440437058278,88.1515373421172,3304.45266346979,103133.163403925,15.3384423399171
-8.6200286271333e-23,28.7055773318111,88.109732336954,23.6927716456947,15.2106656772339,1.42370718103279e-10,6.15235443088707,1438.15399608164,280.730962907222,1893.27722825372,414.468766782552,88.5808799772368,3324.37443444673,102618.751494573,15.33447799409
0.00358980198973816,28.726199484901,87.3953155492597,24.0583199408367,14.5645500784088,0.0153106468443973,6.19933001483541,1393.94544539523,278.681218084494,1832.69480667205,404.57767627576,85.663914899472,3226.50204040984,92988.1114505022,15.3305143726006
0.00471449399975624,28.7542421144191,68.5523065161837,24.1927671411892,14.532878863972,0.0658930105810871,6.23505291673272,1395.10432934615,280.428492394005,1833.04233458902,420.611617848391,85.6720007724084,3238.6197741191,92790.003384029,15.3265873369825
0.0116778023548742,28.7852553822352,45.0543535014826,24.1263994727444,14.7543223029703,0.139640996231716,6.25722108339839,1400.92033387654,281.89349969986,1840.15722380796,442.133885866431,86.0270822619784,3263.72429837256,92929.7614821697,15.3226784876059
0.0140675389973854,28.8180067462471,31.1255829679327,23.6485270601427,15.0190272851077,0.261174290218111,6.24716414805047,1402.25672582656,282.61353002063,1841.73214934119,455.81258949873,86.1398959506123,3274.99134415522,93220.8435121349,15.3187897446352
0.0147689036024128,28.8519709843295,23.7201324086355,23.0300480253481,15.2224344906204,0.38640952167765,6.2266662646403,1399.55367502581,282.864018714134,1838.0576446569,463.742600848112,86.011617346402,3274.47791056033,93583.5753628244,15.3149223300987
0.0151717531636468,28.8866400857864,19.6020696193995,22.4053621555003,15.3391665391313,0.508441829805327,6.20599051317363,1394.80138144261,282.884908138551,1831.63143401776,468.204964298194,85.7542698643824,3267.57795511071,93962.1447874284,15.3110772010645
0.0154456623983666,28.9210978269248,17.1986586788786,21.7847562690233,15.3973883212319,0.623003849904831,6.18718861198975,1389.64611755459,282.752263519446,1824.59330989123,470.64921823249,85.4675414521494,3258.47175777743,94308.0878167122,15.3072551945784
0.0156798780660796,28.9548498390966,15.7000373631816,21.1592785310699,15.4258560540474,0.725671497714597,6.17045058086881,1384.57860416829,282.468438787186,1817.60009621676,471.881746114584,85.1825081933669,3248.63303572074,94676.3173489051,15.303456475926
0.0159016587267365,28.9879943058739,14.680826513926,20.5372428162973,15.4387920527378,0.812861663555431,6.15602355730829,1379.27431323026,282.032447117861,1810.24969925002,472.340121423551,84.8801899247968,3237.70060047021,95076.9449444656,15.2996814956125
0.0161275019230107,29.0194686425329,13.93201241583,19.9438969169315,15.4394010133109,0.883004237694941,6.14429843110182,1373.3348309924,281.405768616371,1802.07178901137,472.241960225453,84.5375525957514,3225.03255812566,95540.0078361124,15.2959306143551
0.0163644795105826,29.0456620841123,13.3939506171419,19.422674073864,15.4247582557684,0.936307066690624,6.13567128451752,1366.4094674783,280.447069733657,1792.71328760166,471.62228346785,84.1360555841668,3209.94586941161,96088.5703367604,15.2922042554284
0.016614097906748,29.064636786277,13.0005411858569,18.9939263642462,15.39728622673,0.974475787152453,6.13000551300825,1358.75894839437,279.11651936468,1782.57720151412,470.60759706274,83.6939764602004,3193.06185934414,96630.2191020516,15.2885034295162
0.0168784496546691,29.0778883560627,12.6420014135755,18.6416979065726,15.364069438015,1.00041932846496,6.12667392609727,1351.05585560092,277.5415939669,1772.51601933727,469.433364369491,83.2523698241422,3175.92734779996,97120.5932798322,15.2848288401946
0.0171381024809965,29.0831017417233,12.2627915112002,18.3785093335532,15.3488962371152,1.01782032056126,6.12405456086366,1345.3548498413,276.115784513791,1765.18998097179,468.852296089416,82.9380389935391,3163.34241325383,97242.9495842277,15.2811823679095
0.0173402528610937,29.0699633287788,11.9274620836909,18.2850493413493,15.3935265047814,1.02946746805206,6.11972864704423,1344.92902233121,275.554874807185,1764.85560415711,470.046672402302,82.952588353551,3163.0267098094,96734.1818661071,15.2775656780574
0.0174683227002309,29.0353967841809,11.6825150427887,18.3846977828836,15.502685311601,1.036310283814,6.11327450131033,1349.46163322778,275.987013804699,1771.04739084158,472.921910891356,83.2736737267,3174.34222648692,96045.5962680767,15.2739773436194
0.0175400260185757,28.9861151815447,11.4913465496568,18.617053926375,15.6506498847023,1.0406651010613,6.10551901439162,1356.27742580529,276.95682903415,1780.24448583288,476.551785148845,83.7348929310626,3191.06144680436,95338.6162136662,15.2704170900006
0.0175756087599147,28.9384318164955,11.2826133646417,18.908903063151,15.8082092610421,1.0447585150084,6.09745324754976,1362.81787801272,278.026144817401,1789.04557818458,480.020345323515,84.1753648607957,3207.17623667884,94859.1146024394,15.2668840586755
0.0176102665153576,28.9249360948794,10.9543467041839,19.1848721255012,15.9400278213187,1.05018863478319,6.09044787633076,1366.45624348354,278.881095392098,1793.85239987139,482.321834382871,84.4241584710922,3216.48006119394,94823.485322692,15.263377369917
0.0176544327766997,28.9601631277152,10.4609898319951,19.4095959055331,16.0409262338484,1.05888503243364,6.08437941671331,1367.2540317174,279.505477750741,1794.70261853009,483.428017771583,84.4833015771206,3219.02577610767,94910.1152586395,15.2598991735924
0.0176940614460648,29.0300316861764,9.86910674407973,19.5989410833489,16.1309995442074,1.07076264976834,6.07818415855726,1367.07474285657,280.072944921172,1794.13789440236,483.993144386494,84.473800323323,3219.13399337841,95000.7222690662,15.2564506557493
0.0177459329138067,29.0988248754392,9.36393873680475,19.7465605295417,16.188341698838,1.0826369460641,6.07327033276509,1364.23111490552,280.481475493542,1789.96874121803,483.395465722599,84.2919815639519,3213.02265633195,95618.0059463621,15.2530296783895
0.0178756139854909,29.0987821949787,9.09099437980355,19.740791756206,16.1392615581309,1.09004943295197,6.07382674316623,1353.08397578733,280.19594061973,1774.74439679245,479.678475537353,83.5872014463714,3187.85503778777,97316.1487241472,15.2496347124714
0.0181236928522961,28.9956358715046,8.96094248168434,19.4927833375908,15.9727734593288,1.09279829160735,6.08051145406704,1333.45503818938,279.084386548243,1748.28511759096,472.87727665932,82.3545091405544,3143.25323558363,99328.3985741304,15.2462707642307
0.0184844161753372,28.817603246872,8.85886502213964,19.048144737194,15.737885600821,1.09113946799228,6.09099307227745,1310.13742871812,277.611122388728,1716.95601541938,464.742870420397,80.8950830768717,3090.21998854482,101359.956715221,15.2429396097941
0.0189335712436536,28.6317366028252,8.74301691226979,18.5296727309723,15.4924772403648,1.08480533087523,6.10257166274974,1288.54829394605,276.349017125256,1687.96843934012,457.22676111481,79.5466657060254,3041.22335297972,102921.782241386,15.2396427973361
0.0194216993076584,28.5359617140663,8.61699904675377,18.0948312680332,15.2960736059885,1.07448957232023,6.11230670632016,1273.42209195737,275.668259884635,1667.73460627023,452.058861525512,78.6071522555063,3007.1780190658,103644.264410515,15.2363811319895
0.0199297123926984,28.5558255337408,8.55204399562399,17.7913592984959,15.1454961501065,1.05985325029169,6.12042053128258,1263.72238918599,275.460725836943,1654.88994692127,448.873536509749,78.0094101805885,2985.71553008398,104162.044270718,15.2331530861088
0.0204616426429752,28.6428476738582,8.57684645436886,17.5507995167663,15.0046438922409,1.04219584071669,6.12852780273559,1255.8327291883,275.427228881142,1644.53543852129,446.359172211558,77.5240783649337,2968.48954935758,104626.405525493,15.2299586355156
0.0209940354684481,28.7454358197955,8.60550346305138,17.3295759794265,14.8689281211986,1.02450427303099,6.13646582845489,1249.05097607546,275.497536753002,1635.65232170599,444.256640574202,77.1072364987442,2953.80753986661,104885.160294546,15.2267985388533
0.0214934202020017,28.8181005246357,8.50425804628779,17.1537639920785,14.7562864311256,1.00967175876442,6.14295120348852,1244.72550654071,275.788540359964,1629.93401703704,443.036058899129,76.8429344750236,2944.65279232897,104816.579570658,15.2236734761249
0.021940366126975,28.8524499877748,8.24486764306394,17.0381663086706,14.6737584176084,0.999171670564589,6.14741277351549,1243.193200534,276.312847764918,1627.81389220877,442.811020376927,76.7525470495674,2941.76546739518,104576.498916972,15.2205835207054
0.0223279830393199,28.8702150928433,7.87774890332865,16.9613498330179,14.617815646497,0.993292336933991,6.14997243400745,1243.82578525965,276.974859593143,1628.52826503469,443.366680880723,76.7987302797142,2943.75166073833,104214.963442719,15.2175289866371
0.0226624161968323,28.8876137280853,7.4080727342844,16.8824636512427,14.5879385208103,0.992531644231938,6.15055827193799,1246.25011594509,277.65650766634,1631.70352530596,444.589782850327,76.9634012187722,2949.82190742947,103720.728422891,15.2145103357231
0.0229749970794651,28.90927814429,6.78579512710158,16.7386025903089,14.5844123171907,0.998501756467059,6.14885799656907,1250.24140163049,278.194747564437,1637.22690244687,446.41833158595,77.2420251328873,2959.54239750884,103104.22396216,15.2115279878104
0.0232919956602579,28.9339300416805,6.05209658195172,16.5160893924597,14.6016825953131,1.01298408082869,6.14479622612928,1255.30733058068,278.508408979099,1644.48674370992,448.633582640092,77.6056128649942,2971.77429422921,102459.276135987,15.2085821575784
0.0236160032317268,28.9592055427526,5.31421769411149,16.2524304011161,14.6322068309869,1.03604919127237,6.13866577532417,1260.87212391172,278.620557613565,1652.61199822458,450.959163722329,78.0119081100308,2985.11396787779,101834.522937853,15.2056731405126
0.0239143880330941,28.9805010196018,4.64312061651728,15.9789010180417,14.6885526039963,1.06735237793379,6.12985973857069,1267.98766884264,278.762628832054,1662.86640873799,453.728891286869,78.5208484722081,3001.91731104382,100946.917674145,15.2028020935333
0.0241102367203245,28.9892262700719,4.08789569997837,15.713179746566,14.8016637946324,1.10588403813582,6.11697219664296,1279.03920411065,279.365950820773,1678.26126912247,457.779996601458,79.2761122779437,3027.64287267382,99592.400446922,15.1999701508318
0.0241782193455908,28.9832867992926,3.65751947372912,15.4617223910723,14.9694551161501,1.14857151703103,6.10053469718251,1293.41329217019,280.412566698796,1697.94294550381,462.896654118123,80.2368913604416,3060.8813472528,98229.8599053991,15.1971766400266
0.0241555317187484,28.9674637126712,3.32088978397135,15.2202279493353,15.1656206014259,1.19387006539354,6.08207923046723,1308.65098649203,281.534626114649,1718.72503846862,468.204846207975,81.2512244214794,3095.97910559471,96987.5383260239,15.1944215385277
0.0240773726350265,28.9472834541086,3.02967527538058,14.972817134206,15.3841545540879,1.24310790977052,6.06171065866428,1324.27091664101,282.593136094976,1740.03090106497,473.526331661488,82.2919314005473,3131.81965937321,95708.6056411763,15.1917057703135
0.0239639918773615,28.9287524048395,2.7470385719929,14.6936206445818,15.6384081607072,1.29929108363969,6.03829092771951,1341.52624644488,283.715481224089,1763.53193321351,479.279661550257,83.4389739735498,3171.26816003017,94252.1624944278,15.1890304594636
0.0238151518495651,28.9137829578336,2.4814433155879,14.3747112370899,15.9274748927872,1.36350615085809,6.01165958791512,1360.35046621738,284.900224387674,1789.13785059097,485.408249103669,84.6880467375288,3214.15441659333,92845.9954193187,15.1863952894737
0.0236365675931336,28.900012092515,2.24564208784104,14.0274772558736,16.237337364444,1.43441060541862,5.98271411648549,1379.47875666204,285.992274695311,1815.17933678783,491.459270453554,85.9595778505177,3257.56541172688,91563.1966742971,15.183800272714
0.0234528296374959,28.8781984769264,2.04130190367025,13.6663371018525,16.544271008649,1.50983217689041,5.95298530097467,1396.96269224461,286.69691877916,1839.07895376859,496.745004135077,87.1310939169161,3296.97258722418,90626.5100101481,15.1812443130282
0.0233282892529841,28.8260526239002,1.8576590648772,13.304548310731,16.8088920844894,1.5873820446986,5.92484338528907,1409.88735000031,286.483976385756,1856.97163346919,500.229550885022,88.0196020024216,3325.52189902709,90265.1232821013,15.1787257823947
0.0233032444212051,28.7320707118933,1.68185874335567,12.94257580757,17.0200813022891,1.66761626702707,5.8988124946027,1418.00681079685,285.218569479733,1868.52851011553,501.828251633073,88.6104710791464,3342.56741707024,90134.3032603458,15.1762467924063
0.0233655163379858,28.6053838492338,1.51365990105808,12.5742401013429,17.1975450380911,1.75127886715774,5.87380475947291,1423.4426766641,283.242728615392,1876.55513246368,502.305395281079,89.0370027319628,3353.06440385725,90075.0487389366,15.1738087766236
0.0235041363892666,28.4642529908031,1.35200550334014,12.1912741358083,17.3718228975045,1.83886474392463,5.84820285141163,1428.8993555306,281.023439912384,1884.64269319774,502.640291027719,89.4692288742059,3363.36915504553,89829.9516777105,15.1714137470563
0.0236984393801982,28.3315665306999,1.19603597985855,11.7784488197721,17.5834247433876,1.9330029703437,5.81952943970995,1437.61356048522,279.046945795861,1897.12313539883,503.988982289887,90.1126337321599,3381.0572704529,89146.4029396426,15.1690638420821
0.023920534982692,28.2161320286531,1.05510307299361,11.3346491119281,17.8391805426575,2.03338154322549,5.7874471559312,1449.86466328731,277.405824608487,1914.37935813955,506.445197614458,90.9844916561996,3406.82459241216,88367.3774029517,15.1667575766635
0.0241833623112322,28.1105251347887,0.931839969766284,10.8724548669191,18.1146606892763,2.13739288597814,5.75361372978671,1463.2516258381,275.81641807901,1933.19808405642,509.161959200718,91.9312219104492,3435.11469460297,87647.0410907761,15.1644942060053
0.0245779408362191,28.006306381418,0.824273514747973,10.4026460811129,18.3865002846321,2.24521095829442,5.71926656159165,1471.32527807585,273.247980551936,1945.00323101956,509.914222027635,92.5439670994887,3450.8841860318,87055.9967017135,15.1622733655606
0.0251320673236699,27.8989315396386,0.730357366352344,9.93427880797929,18.635682843106,2.35933783405977,5.68508682255771,1472.22263268155,269.474057403492,1947.30637481119,508.060113576645,92.7040519505357,3449.83104747638,86648.578080411,15.1600946953309
0.0257598622289776,27.7881955459734,0.649198242657068,9.47155796072018,18.8631370207164,2.4755726419525,5.65160833354988,1471.01891582316,265.392714621795,1946.83112014289,505.34780111572,92.73217399848,3443.83344851575,86340.4482062578,15.157959052429
0.0264345243160071,27.6760457326662,0.580827307612545,9.0131714657313,19.0805721579747,2.58891459292113,5.6189043795099,1470.04441947038,261.359243970928,1946.67104789944,502.587942679099,92.7755205234014,3438.31299129842,86082.1130338372,15.1558671800995
0.0271522548385095,27.5671249974715,0.526073961750657,8.55417823793342,19.2977848618091,2.69555263738013,5.58699101181176,1470.00060088064,257.441941122658,1947.75763926595,500.029065348689,92.8778159669766,3434.8750816784,85843.6538932201,15.1538196754856
0.0279106582021446,27.4724592056831,0.48578158156324,8.08268550107409,19.5214063232508,2.79261377815185,5.55592657902642,1470.87582585777,253.572586763999,1950.07244369837,497.673079160405,93.0372582945935,3433.44270329895,85600.1081078387,15.1518170989734
0.0287355575600706,27.398799294086,0.457199317966786,7.59285384143554,19.7529940419409,2.87807778869749,5.52592971000896,1472.28453810214,249.661225022703,1953.09955234393,495.394888836455,93.2284891781848,3433.09629293091,85366.2747852925,15.1498596370661
0.0296825453543904,27.3430175661925,0.435220900036681,7.0912360858307,19.9892092452171,2.95161109300249,5.49726914881506,1473.7511651978,245.663367413729,1956.20451717511,493.043088222969,93.4209257025124,3432.75555311213,85150.2367189371,15.1479475042102
0.0307940063113277,27.3002305242968,0.416768673273177,6.58956966364829,20.231640296801,3.01461633936241,5.46971689676747,1475.40175873016,241.638600005602,1959.56108897488,490.674276089313,93.6228240007413,3432.75772765519,84882.2027899559,15.1460816836653
0.0320823538896539,27.2683419870686,0.401897975869159,6.10371144613187,20.493104953741,3.06856161416603,5.44241420037688,1478.08964935938,237.757402953113,1964.32455897695,488.591794283808,93.8891793351547,3435.1435418313,84466.1344393304,15.1442635521704
0.0335963158756905,27.2453275560835,0.390118846855649,5.64594297752639,20.7778800597648,3.11233672435446,5.41531239261435,1481.81758970635,234.059380178295,1970.50700333056,486.804683830526,94.2197482332432,3439.96084668201,84002.668903233,15.1424925909492
0.0354256127279575,27.2287945190211,0.380309771658563,5.21926706677431,21.0761296825775,3.14301792668136,5.38938402789475,1485.66792506754,230.424365101505,1976.8756095736,485.003677385287,94.5543058079388,3445.08027129506,83554.6047901116,15.1407683996973
0.0376658068853537,27.2157132996875,0.371903059055069,4.82457508363999,21.3623451542489,3.15518242151871,5.36683183988561,1487.97200523542,226.625387684633,1981.1797686434,482.633286749509,94.7835900870434,3446.61981832215,83321.5256715948,15.1390887591041
0.0404168150523319,27.2021528843332,0.363558736342797,4.46381126585674,21.5856725942161,3.139965991964,5.35178250607705,1485.88952662565,222.282445807306,1979.58435073569,478.768500631636,94.7224613971394,3437.98574258841,83595.4326738557,15.1374502285862
0.0436799591304867,27.189485824361,0.353357080050238,4.13247618165714,21.723097903664,3.09345350663938,5.34612521950285,1478.95865481995,217.301051140611,1971.44990229299,473.279291402846,94.339676774076,3418.07832393083,84130.1807540507,15.1358564967773
0.047274990645651,27.1823810865925,0.341464849747199,3.82368399187053,21.797205180374,3.01779171285284,5.34831699961118,1470.07222368053,212.035095759194,1960.650175128,467.124381198407,93.8208683698791,3393.56665130234,84733.1308255733,15.13431070131
0.0508661393977591,27.1874682480604,0.334652164485618,3.55013863779051,21.8232772088076,2.912601900235,5.35761678626783,1460.79870650967,206.741150655979,1949.29374043618,460.861674475575,93.2672139941093,3368.14593038487,85497.4763987028,15.1328127124054
0.0539471717253098,27.2235486236231,0.347233092747944,3.35908436939894,21.7834199666691,2.77173138279668,5.37611077485115,1449.8650596081,201.397156313072,1935.69421107458,454.219001408625,92.5984528496848,3339.08923380407,86651.4805609561,15.1313617799653
0.0562758497931117,27.3076513284355,0.378201196035729,3.28195442913746,21.6718373723743,2.59447479996575,5.40441927923953,1437.40176667178,196.110827612487,1920.04408087867,447.358241101823,91.8252672968508,3306.85546984936,87991.7969933582,15.1299601855043
0.0578383963529708,27.4375589159006,0.421775623107791,3.30328695977501,21.5060347860677,2.3916594839421,5.44002246077045,1424.22519612342,190.961734257806,1903.43682542105,440.547623064907,91.0019464249199,3273.31202906987,89376.0879397151,15.1286089585168
0.0579909651122346,27.5818235769335,0.501417965957864,3.47562962513451,21.3006442577886,2.17029076383408,5.48118343859986,1411.07774568324,186.065979659653,1886.79901222221,434.055663923489,90.1741824509068,3240.14018448128,90830.0606081937,15.1273079950508
0.0553217298375776,27.6652126604059,0.695089758402081,4.05709686786616,21.0711125150523,1.91864557849481,5.52921396802282,1398.59682354515,181.70252491328,1870.79595515403,428.337890936732,89.3739892460018,3208.92897346677,92424.9583346851,15.1260571592636
0.05069656286428,27.6416565873052,1.04260420674889,5.2062915747745,20.8320305232034,1.63464559116961,5.58393995591037,1386.41098653362,177.946147038968,1854.8186093321,423.470633649802,88.5738545713829,3178.9279257023,94059.6806929604,15.1248568252215
0.0100359729368433,27.5331824526375,1.89594320159843,6.82370554403048,20.6610937688218,1.23685696722128,5.65070964785661,1374.11746964875,174.65773405185,1838.37275103392,419.049693864589,87.7504092378546,3149.02168334149,95667.5448575729,15.1237071609445
5.77193908599234e-09,27.4276929762457,4.41034346997199,8.56779651091215,21.0745089941537,0.425456219081748,5.73878275974983,1408.04923364547,176.728614892906,1883.74534314354,428.482602415086,89.8729055471304,3224.48881970261,106688.639506914,15.122612012022
2.08561237606311e-10,27.3752776868867,11.5460329152622,10.3780360855515,20.6485423662362,0.062307624077494,5.80913016438284,1383.85173196133,173.944173029225,1850.6260134636,418.146094323716,88.2398271527903,3166.72635083159,108896.626115911,15.1215626114023
1.85086377744979e-12,27.4237674123798,19.188305952508,12.1326545604199,19.7555952094417,0.0249572705891153,5.86370003530526,1362.91657317795,173.529348822153,1821.41853348127,409.351631382967,86.7817696650611,3117.79662087351,111101.662146375,15.1205643766966
4.9468913176628e-15,27.5379122756164,24.9075536273035,13.8279807851097,18.8513023555654,0.0206097668621311,5.91757537717295,1342.08279390063,174.410800516033,1792.07406461082,402.505685543069,85.3084093771607,3070.94700179568,113129.233200124,15.1196175110001
3.72597916293888e-18,27.6807378307232,29.666790392411,15.3783420630091,18.0463264104045,0.0152929732617364,5.96597369953944,1324.56928355456,176.211812488026,1767.0266899445,397.24282786622,84.0402114762683,3032.28501765806,114568.908423284,15.118722309074
1.55449325363013e-21,27.8452271866633,33.7135108375843,16.6417824896229,17.3724147955012,0.00959365479779305,6.00631115203288,1314.41781649364,178.766570091658,1751.74547946304,394.166434528373,83.2441090292409,3010.24956625404,115146.628867179,15.1178789028064
-5.27495180630972e-23,28.0325539710273,37.1112515521002,17.6238615370037,16.7961535212437,0.00491418359046891,6.04071583418451,1310.37349437622,181.9045239013,1744.5364451787,392.814547354165,82.8384401860804,3001.89396818925,115398.703494284,15.117086986146
-1.09329874594776e-22,28.2383435649002,40.0262002668766,18.4328619480961,16.2699283182139,0.00200373985098906,6.07222921282178,1309.20096918223,185.556155303678,1741.04975615384,392.239635247052,82.6119905039722,3000.06011841708,115483.324375183,15.1163465960081
-7.40372876201925e-23,28.4402488627234,42.6614416291066,19.0931188463522,15.8116882500679,0.000602562141695201,6.09985620824721,1312.17963728096,189.647235704114,1743.07808880822,392.802847952862,82.6504629234336,3007.56158797073,114797.541286589,15.1156581979228
-4.68592166772606e-23,28.5981733132192,45.2528938014499,19.5901691665811,15.4726073536346,7.97067942728215e-05,6.12066873428485,1323.61975294889,194.01303573095,1756.5140285645,395.811813101906,83.2389758272836,3033.86016550358,112985.038290983,15.1150221216454
-3.56134147168209e-23,28.7083348099835,47.8961465887334,19.9710474932182,15.2298921254795,7.04700371217415e-06,6.13616078567143,1341.70719512131,198.45327414916,1778.90529854148,400.722212029538,84.2603292538081,3074.80259642574,110986.086224856,15.1144380462161
-3.20573142659638e-23,28.7944595084368,50.5897852057376,20.2859454268068,15.0300995106271,1.25826861269995e-06,6.14945859810811,1361.75740287466,202.837128559636,1803.91431214943,406.107065176659,85.4079074697258,3119.93265250524,109054.602903573,15.1139059727295
-3.02873059022379e-23,28.8638403054177,53.3163019488801,20.5546514463534,14.8352264692656,2.76020583123661e-07,6.16263747571435,1380.3661524238,206.983906963603,1826.9726083997,411.017401555695,86.4620083641557,3161.67666887269,107489.212458992,15.1134258489934
-2.81795622995304e-23,28.8996092409949,56.0131820959084,20.7773447524057,14.6119601535193,6.59606853401169e-08,6.1774908972793,1394.63080050466,210.580480837346,1844.22591084162,414.655662727712,87.240897882109,3193.50669609558,106509.411347681,15.1129976585476
-2.56091336980089e-23,28.8935095302307,58.6326724099178,20.9423672280683,14.3614563492917,1.67187270738178e-08,6.19388935070312,1405.00435450211,213.540050303816,1856.32213411204,417.189727557734,87.7776403034034,3216.41193595208,105731.654088586,15.1126217741257
-2.29761332329753e-23,28.8568399258533,61.1899933569021,21.0545510969941,14.1023784173797,4.41558196740232e-09,6.21074817039106,1413.73464201948,216.025541078799,1866.27532177775,419.284643759565,88.2159288433888,3235.44553408143,105039.305720032,15.1122984134371
-2.05790914597921e-23,28.8142357445272,63.7401239053289,21.1308679485247,13.854257955563,1.21073058443927e-09,6.22695972611934,1423.05268412165,218.245402831988,1877.0752286801,421.590218247061,88.6968042866847,3255.6487088635,104188.282789882,15.112027824796
-1.85301157890116e-23,28.8059922582155,66.3804653521145,21.1953517858243,13.6401535049467,3.49205605436753e-10,6.24123887410602,1435.35569471473,220.432416265718,1891.95469247111,424.813367611861,89.3715200311132,3282.46809567518,102975.295269069,15.1118101830501
-1.67911992089115e-23,28.8468291965306,69.1486671511786,21.2719504075039,13.4557909301397,1.10524156820049e-10,6.2538343633423,1450.04586472027,222.616926308514,1910.10017917211,428.760168975161,90.1999569379496,3314.59231264813,101765.134861013,15.1116453984083
0.00359522610419292,28.9820966750741,67.5571450327788,21.9014551628588,12.9866237021992,0.0152650212329737,6.29006346315747,1415.67933044939,220.908407965254,1862.76956952847,421.637916414762,87.9184294420949,3238.54634062577,91460.6234634438,15.1115329602743
0.00573846417013246,29.0717067451742,48.3598439438318,22.2730184706049,13.0755536491502,0.0689171731461751,6.31743782984581,1419.86773305121,221.891322674406,1867.6374824606,438.543599938398,88.1550069475424,3257.16672362993,90773.6017880331,15.1114742719874
0.0144273548705913,29.0759495381104,28.87870414912,22.166693942499,13.4047609407698,0.183778652961459,6.31628576704511,1425.31718229478,222.312715742246,1874.84011673445,455.757093155597,88.5354024602226,3278.72958979117,90755.2340438732,15.111468775164
0.0154969918190172,28.9681876304468,17.8031892828287,21.5766541414021,13.7632167400003,0.329868615977659,6.28842929048853,1425.58355257135,221.864171964277,1875.46517206333,465.229698586063,88.6252666699434,3284.91767971713,91005.3520947366,15.1115167702696
0.0161619836253549,28.7730380509946,11.4880765004384,20.8108871873844,14.0287792887685,0.492451091789623,6.25416231095365,1422.30069949832,220.83276996627,1871.46701464702,469.935395197491,88.5032669655062,3280.78876855325,91333.9935244623,15.1116184072224
0.0168370810032111,28.5425487165301,7.93374009726945,20.0081776243031,14.2012221984393,0.668850554190886,6.21908268284102,1418.96741943324,219.665278741201,1867.40446880003,472.135589683139,88.3801721835502,3274.95774911811,91489.7671665266,15.1117737105085
0.017444832843727,28.3469562624471,6.01885295400061,19.2441593607525,14.3406010839468,0.849292059679161,6.18341401258835,1419.5917083065,218.881901801533,1868.53639579057,473.925210888369,88.5054895825177,3277.04234483685,91234.4275807513,15.1119825856175
0.0179151774629499,28.2163585668332,4.98222764430178,18.5463620119816,14.4901372469938,1.01871945707202,6.14784827849884,1423.82474797444,218.528323070733,1874.37496214699,475.876049539182,88.8565476401355,3286.69812841374,90875.0239657575,15.1122451240694
0.0183043696749086,28.1284799851655,4.34722241685559,17.8974796987688,14.654073292253,1.16915638990195,6.11368036315509,1428.00385969517,218.194152599205,1880.09548714309,477.304799018411,89.2033254975255,3295.90456148777,90540.2270758486,15.1125614447903
0.018673661118904,28.0326601872395,3.90280629429938,17.29736447649,14.8058932786593,1.29917980231993,6.08269696565326,1429.21589218399,217.612253283908,1881.84750279053,477.459116578207,89.3615737915272,3298.1885897793,90598.4381311842,15.1129319554486
0.0190594054400819,27.843045933793,3.60407739831273,16.8103469783528,14.8918044076365,1.40670136148279,6.05816884689601,1423.43799446694,216.470817655438,1874.25676565943,475.031249051671,89.0745565730693,3284.4395251763,91466.2194741465,15.1133572724149
0.0194881453974986,27.5170040541939,3.3898254402524,16.4863010985985,14.9001942012902,1.49149087462424,6.04101263896026,1410.96428639142,214.729629264352,1857.72283112036,470.163944082577,88.3612710536914,3255.31074775075,92616.9580874757,15.1138370581562
0.0199649571904451,27.0874207767244,3.19073277137554,16.3055506182982,14.8626587992498,1.55748927612796,6.02921577339928,1396.85356791556,212.811341433326,1838.99885133034,464.598837265848,87.5433321884391,3222.33466288882,93788.2312607959,15.1143710708805
0.0204257781125184,26.6316909538821,3.00052891075207,16.2323370773619,14.8237698056572,1.6076796268304,6.02011875852001,1387.81517795446,211.468730513131,1827.01764612422,460.596708024118,87.0455953247067,3200.89807478307,94610.0174727351,15.1149589801426
0.0207868834370413,26.2609061103159,2.88464366032904,16.2582328956343,14.8371741183579,1.64306084882557,6.01089081292833,1384.80729575687,210.849074206089,1823.1045270174,458.552940965233,86.9284367329659,3193.31607847552,94755.5057874084,15.1156004582713
0.0210621100549298,26.0128908983914,2.84601044768426,16.3844666794214,14.9097632205511,1.66482707989103,6.00105716596531,1384.3279543041,210.664219088461,1822.60746046385,457.408665913749,86.9685227012237,3191.71668637254,94687.8315052771,15.1162958893376
0.0212858754030337,25.8428139938776,2.84695883643704,16.5992574672505,15.0113976961929,1.67717763764164,5.99149962317664,1384.41636924924,210.751044656335,1822.87414615034,456.506107204952,87.0409994596851,3191.60936275198,94584.1029506801,15.1170454620267
0.021495415127531,25.7056073976692,2.84331229983173,16.8643544406895,15.1183634103681,1.68588800768021,5.98247454184007,1384.15229249923,211.020585972303,1822.65181283947,455.467679800978,87.0878802773299,3190.82933899321,94532.7192108175,15.117849300497
0.0217529689340708,25.5784767290301,2.78127947261157,17.1040185229717,15.2142717030017,1.69741715871791,5.97372200305849,1383.0006318562,211.530127461681,1821.2093732748,454.013397144838,87.0745756323714,3188.16019862363,94597.2958907409,15.1187075192899
0.0220438305875503,25.459796023489,2.67450674604348,17.2758670834711,15.2977827663108,1.7161340867854,5.96452712215047,1381.27823726817,212.343534241601,1818.96980764849,452.176529057998,87.0212986117832,3184.30687506984,94671.3429210855,15.1196200007135
0.0223160143498873,25.3573196563196,2.56118699929398,17.398326942328,15.3807127891757,1.74016567688507,5.95450222275787,1379.75162544353,213.437645408472,1816.96861080913,450.300507881521,86.9779505062637,3181.01117741633,94712.0116347424,15.1205866749384
0.0225739143106208,25.2866221246424,2.45053911091021,17.4859248129767,15.46194860705,1.76597054553012,5.94422665862475,1378.01191893297,214.655377299981,1814.69835475183,448.360970414253,86.9194016911116,3177.35402592587,94866.4019973067,15.1216077569762
0.0229119602713948,25.2826550018607,2.31100563564859,17.5002532586608,15.5200315285939,1.79371625849684,5.93477296386299,1374.43541483544,215.66615663543,1810.0917195332,445.825731078572,86.7435595195977,3169.595140706,95287.9694019831,15.1226835087503
0.0233625057620355,25.3631976092686,2.14339996922976,17.4073822485882,15.5473947389416,1.8271122921553,5.92595641414692,1368.91452150465,216.339693893387,1803.05855129701,442.603811147489,86.4447888516612,3157.41517768716,95759.491909115,15.123813587309
0.0238814704899001,25.5114126433106,1.9749102024742,17.2227492013411,15.5564722013309,1.86593316203376,5.91716112359483,1362.70651438832,216.842036354645,1795.23189342775,439.093491910189,86.1027961691465,3143.6642663686,96204.4005395752,15.124997829589
0.024423252585881,25.6909871519479,1.81783523853008,16.9840573488848,15.5715184715059,1.90853343201478,5.90737691713491,1357.8856734043,217.411868724175,1789.27498223431,435.983332928775,85.8485844286945,3133.00865578312,96380.1664595128,15.1262357962741
0.0249200491829697,25.8479026379561,1.68078844696986,16.7417417993439,15.6263698367532,1.95508714566298,5.89479304962431,1357.11986978,218.248691253308,1788.58543180207,434.138063427234,85.8503658830157,3131.33151422212,96077.7774643616,15.1275270280629
0.0253276581495139,25.9593540707981,1.57367600545343,16.5236557860808,15.723856597378,2.00303860401942,5.87962574381656,1360.01460551207,219.340801831961,1792.57592004683,433.433110817564,86.0812649753522,3137.6999067924,95662.5746036066,15.1288720059543
0.0256697051216385,26.0433627420213,1.49034551058489,16.3180260070056,15.8423097805114,2.04985580823855,5.86341623665009,1364.26264854991,220.54039959289,1798.2404827541,433.13285960368,86.3944854043905,3146.98969604278,95262.1769049467,15.1302709114784
0.0259546704858784,26.1229545574612,1.42077839339873,16.1010298733021,15.9760079519938,2.09679218028494,5.8463057484097,1369.28898906889,221.770961225008,1804.92455590418,433.058001931168,86.7572580740509,3157.98514335437,94763.5499467337,15.1317234447376
0.0261387231520172,26.215426048458,1.36464965743917,15.8595418940135,16.1389876428819,2.14580612884641,5.82727477124291,1376.08190910305,223.048917573812,1814.07541051943,433.551949949183,87.239516802364,3173.01318795873,94048.580981352,15.1332291778081
0.0262138399269137,26.3236644815576,1.31944658241925,15.5965993785576,16.3348357521494,2.19655275633815,5.8061943493272,1384.67216528465,224.36302467951,1825.77495816671,434.638896760208,87.8454885090418,3192.18059875228,93294.4256237368,15.1347883394479
0.0262170359310883,26.4388911050805,1.27889520198394,15.3193152433791,16.5530918753761,2.24883731551484,5.7836600838391,1394.1347588664,225.649986004095,1838.7376257326,436.002505073965,88.5133668651581,3213.34202944616,92566.135861247,15.1364010048187
0.0261995928503345,26.5492427096182,1.22983037736698,15.022178388253,16.7945857026503,2.30607137767488,5.75910168247334,1404.69278104548,226.908944636801,1853.20526695346,437.667982239532,89.2559563112862,3236.908802693,91719.6569619993,15.1380665886363
0.0261894264148031,26.6413943110873,1.16180799536152,14.6876770489439,17.0752550697857,2.37482954701063,5.73061804260308,1417.84297792072,228.25043424602,1871.13489627785,440.042043307104,90.1697036236019,3266.18108897754,90609.4554409762,15.1397841842595
0.026143129661194,26.710891957655,1.08885265439027,14.314654145652,17.3962022071451,2.45673026762439,5.69785238497409,1433.54666803959,229.695712128524,1892.46038831462,443.07443557957,91.2519465747505,3301.0536619392,89467.7630278119,15.1415541615548
0.0260469030944986,26.76287546344,1.02097296801124,13.9178462883749,17.7435240754478,2.5480002271773,5.66212378779849,1450.32630640857,231.137510588359,1915.22164985162,446.315919989154,92.4072208641705,3338.21579387649,88393.375449087,15.1433767291561
0.0259886767300527,26.8050333440625,0.96575722026379,13.5069101309285,18.0946974572103,2.6456946378495,5.62513690070773,1461.21863655314,231.701698044731,1930.18812905311,447.672095496931,93.1871951934474,3361.80989456236,87554.2727135068,15.1452528659489
0.026021051162936,26.8460924875165,0.92445997458072,13.076720570716,18.4140813030234,2.74816304860831,5.58914170838835,1462.93525019081,231.029147779009,1932.97719716593,446.147379277994,93.3778722308073,3364.36037267141,87132.189804621,15.1471843335292
0.0261102940094283,26.8894859537879,0.887076061291376,12.6159352845431,18.6939119920992,2.85090457513117,5.55519964125842,1460.80380704408,229.805877392837,1930.64401785729,443.351001227056,93.320813273829,3358.00920086381,86897.8375170603,15.1491701174403
0.0262448250361842,26.9328736697271,0.850450043609321,12.1240973393787,18.951226665484,2.95205731438798,5.52261823484825,1458.44295079646,228.422464649425,1928.00242655983,440.388821925921,93.2496917628445,3350.97579962427,86727.5321110879,15.151209288416
0.0264427459203689,26.9699704429749,0.813831968827128,11.6154012198426,19.1986933580572,3.05013045403155,5.49092962533337,1457.15644624413,227.026755371085,1926.79916669862,437.674820265462,93.2489493356569,3346.24757927514,86598.7996793179,15.1533015609378
0.026750172068546,26.9871919069151,0.773830742685756,11.1092121232287,19.4375368509244,3.14484151090746,5.46012945206515,1456.83926404437,225.575200356476,1926.9302716144,435.186742338254,93.3127970320987,3343.60082167557,86515.0073927629,15.1554468729237
0.0271773597801368,26.9765175008409,0.73235146199322,10.6174638147538,19.6640762235323,3.23646152821042,5.4304079415064,1456.86762855692,223.979666499879,1927.58688223157,432.740530218713,93.4014131313498,3341.62629652409,86472.2692088535,15.1576451011404
0.0277084612534694,26.9424141972214,0.692356768564828,10.1419547045243,19.8759093355016,3.32401580848249,5.40208001625779,1456.92264210094,222.250730517732,1928.32747767514,430.251501999641,93.4932353346291,3339.62461173525,86467.04938173,15.1598961051769
0.0283198124910228,26.8857421667565,0.656978538917182,9.68071780189021,20.0715986502366,3.40551685389255,5.37555943410887,1456.6242162649,220.403513847124,1928.61926426542,427.625727088137,93.5623425517651,3336.7621638729,86509.3723050189,15.1621998585765
0.0289844256802022,26.7877259389397,0.629607867799672,9.23173715040196,20.2495937607185,3.47832937601484,5.35136770405397,1455.50033552287,218.423256805542,1927.81589331031,424.752478649112,93.5771904153227,3331.99651401848,86613.5385614277,15.1645563748317
0.0297034532055172,26.6341712276119,0.608406200859823,8.79399401275995,20.4102714052865,3.54068476919703,5.32977146469915,1453.76518812772,216.35258981702,1926.19527612815,421.712468505429,93.5511605592974,3325.83122799884,86759.2009836567,15.1669653200013
0.0304944318304348,26.4320931573741,0.590730663829012,8.36780014361604,20.5553090584664,3.59266548631747,5.31066103738991,1451.63343554605,214.212734659605,1924.04401222942,418.566032389957,93.4979622822624,3318.75006709445,86931.925099661,15.1694263782585
0.0313818529748958,26.2044214719519,0.573465280015412,7.94890183877218,20.688532545335,3.63575101624452,5.29358466125315,1449.64570434275,212.036571394432,1922.08703779256,415.457274744262,93.4531309690877,3311.95498349082,87088.5447937033,15.1719389553759
0.0323964775706003,25.9913518007811,0.553360423474496,7.52160156475924,20.8174525935122,3.6724029646937,5.27772296155705,1448.55399076261,209.831294283452,1921.33575990406,412.587044470859,93.4672774965396,3307.09301694509,87175.8005452413,15.1745023417741
0.0335581405738252,25.8167888314904,0.531516462820456,7.07691185313122,20.9445479574045,3.70383625952382,5.26274115765441,1448.06947523404,207.5195411918,1921.41106797393,409.863941875209,93.5225069974768,3303.47692420896,87236.0262752136,15.1771167248053
0.0348946688494242,25.6730148171076,0.5093151793838,6.62100468755896,21.0666603499955,3.72942171808054,5.24892590499734,1447.51750059407,205.053230667027,1921.41135428908,407.097227568226,93.5739398810389,3299.59721053748,87289.9688346503,15.1797821359118
0.0364380093988831,25.5494089056988,0.485659971566806,6.16382995261362,21.1933631300452,3.75031204615964,5.23556268439176,1447.60547081455,202.535624560122,1922.28084828845,404.483087647567,93.6664922692308,3297.07099025082,87196.5728386551,15.1824969765244
0.0382079928860968,25.4507873424675,0.459728741373624,5.71787118895141,21.353578211195,3.77067246622427,5.22035468413374,1450.1270253304,200.170864492719,1926.42201558727,402.508830110836,93.916145972873,3299.95859364087,86777.7049042112,15.1852589009716
0.040233296815602,25.3802240613817,0.434452219721888,5.29441208661648,21.5559910801078,3.79011964413224,5.20284135960853,1454.91788646286,197.972316580582,1933.61875692222,401.114685786507,94.3108052461258,3307.90529362777,86236.3791938094,15.1880691795692
0.0426017980094282,25.3312449870907,0.410951994494171,4.89704572297576,21.7836445214756,3.80362087172367,5.18474991037114,1460.23087906312,195.778899951859,1941.53289811644,399.813563404364,94.735073978078,3316.97646826219,85683.9885178777,15.1909286710445
0.0453899477253796,25.2960381658801,0.388674988932093,4.52408328986839,22.0219559401515,3.80664875817303,5.1675919660016,1464.99614529441,193.47102621895,1948.72490079411,398.308263363133,95.1179822706077,3324.74045623121,85144.0412498829,15.1938374091043
0.0486211759613015,25.266235597137,0.366515207440379,4.173360516358,22.2649751352642,3.79597427236442,5.15217068280446,1469.04659785946,191.010456117893,1954.95083208642,396.545569373863,95.4474237146377,3330.78062187049,84617.3751674568,15.1967951248159
0.052222059050502,25.2372379797458,0.344885044064817,3.84508955643322,22.5115396040712,3.76893058996434,5.13892701708631,1472.56851112115,188.409467790284,1960.44496558767,394.572305767832,95.7343859584687,3335.49502457606,84108.5256024622,15.1998015930865
0.0560470790113623,25.2099603563322,0.324509211132788,3.54135442173339,22.7619203834131,3.72342977810392,5.12814779771607,1475.75204269538,185.701242719086,1965.46166503396,392.446309112715,95.9904314335888,3339.32552318566,83621.5265389675,15.2028566088554
0.0599159513774345,25.1866060343521,0.30639544995946,3.26559373642296,23.0129200065041,3.65806128767037,5.1202391785971,1478.49356931453,182.899228257439,1969.86870131024,390.154522080382,96.20832474684,3342.0709560988,83196.9716746495,15.2059608375266
0.0636553081754867,25.1684618802391,0.291609966118143,3.02332734687703,23.2548611966953,3.57185057001903,5.11594078098265,1480.29911604813,179.975949952858,1973.01369351727,387.588556208025,96.3557322092516,3342.65812767824,82892.6152307646,15.209115827674
0.0671602520846243,25.1562444812745,0.279391966129321,2.81567159300098,23.4830145057192,3.466324586389,5.1153352113724,1481.13777202692,176.938062076539,1974.85784855319,384.760262626844,96.4311709750036,3341.03965650501,82656.7302170316,15.2123207465313
0.0703663001555714,25.1499510485603,0.268908985917158,2.63750052531779,23.7008600026612,3.34534529996539,5.11766415435301,1481.53608590384,173.842428790364,1976.09978745047,381.815806331512,96.4699484533506,3338.40222039063,82452.1140132553,15.2155745487571
0.0732362866539266,25.143994578291,0.260810007409984,2.48668303173738,23.8972592254316,3.21078326993083,5.12332641475547,1480.99739635931,170.66222454031,1976.05501110447,378.634315802645,96.4397615358786,3333.63471034303,82424.1227412701,15.2188812872642
0.0757968370751059,25.1217753383696,0.256407835802999,2.36800977529657,24.0295237891426,3.06068746987084,5.13516931284125,1477.1871735947,167.196477024095,1971.54903971231,374.635840743502,96.1866889376266,3321.48801115524,82836.6007373582,15.2222487636627
0.0781798891557973,25.0718479413306,0.253955842545382,2.27806722984562,24.0754791790575,2.89751845694442,5.15417925711628,1469.30474822263,163.348342290169,1961.46689276934,369.640289082964,95.658213233016,3300.12881849472,83493.0544947095,15.2256702652481
0.080393397254294,24.997570571937,0.252132305623652,2.20488722552578,24.0545186686827,2.72811662367501,5.17820048660204,1459.69667580245,159.318334735558,1948.94639484848,364.252319088517,95.0094607451931,3274.79782268026,84223.8038845639,15.2291394079145
0.0822201303305932,24.9143802674194,0.2533812174602,2.14629907725748,24.0064774035786,2.55830247032495,5.20402724393576,1451.25527405511,155.398249490073,1937.89576416114,359.216684521061,94.4321844822995,3252.02480584384,84815.6705999003,15.2326512111184
0.082972886536357,24.8502748075678,0.265394958501048,2.12467243381235,23.9870624369995,2.38984553174431,5.22818068589369,1448.03917698575,152.055690210086,1933.81553191982,355.598828107434,94.1946406053897,3241.04244313736,85029.966737369,15.2362017441786
0.0825164320424934,24.82035812142,0.288053015627439,2.16370821230934,24.0155500066439,2.22016069907787,5.24997895200426,1449.87947014245,149.338412957188,1936.52391416061,353.399259594515,94.2873927357823,3241.58781049813,85085.160429734,15.2397952889187
0.08138732973749,24.8172907678317,0.317980480920378,2.26274817453418,24.0643100682044,2.05175674190774,5.27073453358219,1451.64184139956,146.754980068481,1939.14173278051,351.347986936804,94.375336447936,3242.17817664825,85122.3260141439,15.2434345303295
0.0788759821767472,24.8228667313543,0.375913616660235,2.47366141445128,24.0825871695022,1.88192103702894,5.2940276195079,1450.34173661804,144.089270927542,1937.62476725172,348.780858227606,94.2610865594345,3236.19204522874,85490.1149635829,15.2471257850328
0.0730157815093246,24.8108745230748,0.532400819163206,3.0164162449961,24.0003109669003,1.68779054484003,5.32798406017211,1441.50318425476,141.178695027643,1925.89727644607,344.967991888046,93.6459590909347,3213.96794565664,86675.8558631085,15.2508760370962
0.0651985673670985,24.7682099973589,0.829194936224985,4.05554204487136,23.8081147298195,1.45662068174376,5.37551958172599,1425.1557823785,138.196753514324,1903.95592117236,340.23056278943,92.5289118397238,3175.84690264038,88246.1503003728,15.2546743013252
0.0224625019786639,24.7017450136908,1.53692467021383,5.54123111064907,23.612468516636,1.12076959782074,5.43858415287934,1406.15680895142,135.500526872059,1878.3302196384,335.526618693805,91.2269443624396,3132.4845427943,89885.5059198635,15.2585145331438
2.84345760839623e-07,24.6936106519954,3.91633901857522,7.02637336872499,23.9492246194449,0.459813566109138,5.51028385095646,1419.91377625882,135.714569418306,1896.52713516123,338.057119262368,92.0510544995879,3161.62092490245,100785.365603282,15.2623771612214
1.26521121302483e-07,24.6876123159686,10.2048694062885,8.60354381870785,23.6400839354001,0.101709306191578,5.57516690109097,1401.14265878778,135.087441911387,1870.58382984326,331.325694861087,90.7372372803612,3118.46819763102,102551.064916873,15.2663032855473
3.46151978162307e-08,24.7384816672685,17.9164371567265,10.1156029392576,22.8764532915008,0.0446263862893998,5.62622748886388,1402.6425394546,138.479534933921,1871.02346826793,329.180577463328,90.703320374096,3121.21421745458,104297.472184328,15.2702709853648
1.78100947657234e-09,24.8408554863329,24.2217191571816,11.5813421977592,22.0379430390718,0.0363996944659913,5.67843274139687,1394.35896403428,142.686002594977,1857.84348903636,326.525570649463,90.001998921678,3104.0523879895,105965.151660628,15.2742801317728
2.13114482926101e-11,24.9730363278186,29.6850877629364,12.9321455889433,21.2460732473434,0.02802556888051,5.72853706235156,1386.41451719535,147.759719826402,1844.87876509935,324.656167550012,89.3067768051969,3088.46619062979,107319.78272663,15.278329692247
1.33406232232709e-13,25.11969852422,34.423008130961,14.0212926117823,20.5415189935406,0.0193180185493398,5.77302789076114,1383.40994625227,153.257536792975,1838.60842012681,323.96881331676,88.9349522369201,3083.93643684976,108150.132076846,15.2824189429666
3.96599865863225e-16,25.275950570908,38.4095330719679,14.8213698890638,19.9111594091508,0.0118297663218093,5.81259700704628,1383.93804830227,158.903665947034,1837.22691684395,323.977584487893,88.7988529551034,3087.20316548843,108750.347289445,15.2865494615526
4.51355110014341e-19,25.4422879229628,41.7989940046405,15.425411019283,19.3230709968317,0.00651828412519436,5.84946896876029,1383.57424766293,164.66429712624,1834.67662871054,323.67972683012,88.6044480181998,3088.596951614,109212.407476276,15.2907215250179
1.03187220162485e-22,25.6056562057302,44.6984938659809,15.8842834364649,18.8012255846193,0.00317999668029314,5.88253311005051,1383.49716049559,170.422043310369,1832.50280669632,323.451686011029,88.4302676163079,3090.6029997691,109014.039273352,15.2949323831041
3.70851192344167e-27,25.734211243334,47.3188265663705,16.2252278709209,18.4068137883214,0.00129718152648404,5.90820385490743,1390.6536627844,175.931289823945,1840.08750060363,324.97548580168,88.7374723065113,3108.1271221611,107763.232610347,15.2991793049739
-5.25400646786627e-33,25.8211404676283,49.9309961106022,16.4952088727872,18.1254806700887,0.000442578830524403,5.92716771964965,1404.74879924276,181.099620539783,1857.02726932696,328.081060000061,89.5058189123649,3140.39493193509,106246.409494835,15.3034648620043
-1.46247464840193e-31,25.8837928726982,52.6446188470896,16.7190691116509,17.9022088166435,0.000121020617027296,5.94257433015247,1421.57742564676,186.073277171167,1877.63206901849,331.655566028201,90.454478291395,3178.31361488626,104724.532048784,15.3077897681266
-4.41211840322965e-31,25.935771969413,55.4328332062181,16.9057282749394,17.7128515290951,3.07174096151713e-05,5.9558674451437,1437.05875609856,190.676160764746,1896.47052430738,334.753915668034,91.3182991944722,3212.98982999849,103195.76348552,15.3121533469582
-6.75164133968469e-31,25.9854129375038,58.2528622641304,17.0847855147324,17.5543118016024,7.67114579065293e-06,5.96727548980959,1445.95008103658,194.302920839023,1906.64977836378,336.284849804788,91.7648288109655,3232.87153076778,101640.827355519,15.3165545826791
-7.64800854592419e-31,26.0353807171531,61.1121992642982,17.279504917222,17.420955659587,1.88004384856531e-06,5.97716877919976,1452.9373138192,197.346354573674,1914.42468382492,337.439758809584,92.0973627754743,3248.39264263628,100154.036014272,15.3209934370296
-7.45681499249494e-31,26.0841894031969,64.0361505557822,17.4904440535427,17.3027859864101,4.61587438246071e-07,5.98616190216455,1459.6288537471,199.967030950508,1921.91178362876,338.601059292363,92.4183310687398,3263.10902443784,98776.2277306816,15.3254697623757
-6.799995555619e-31,26.1282389418989,67.0331370469563,17.7075342245786,17.1924163775534,1.14195761662444e-07,5.99469973994709,1466.16160366143,202.174575881166,1929.26963294622,339.775790589936,92.7353697197744,3277.28456140692,97516.8056027461,15.3299832592693
-6.09238942890234e-31,26.161026368474,70.0953075150948,17.9149591742865,17.0854408168675,2.85117410990732e-08,6.00304306381731,1472.33933458602,203.914153872983,1936.22030099469,340.894502610339,93.0350451156426,3290.4267144046,96375.9985795598,15.3345336158189
-5.49553009466923e-31,26.1804202945287,73.2096373481949,18.1068327578059,16.9793328326485,7.18620296225408e-09,6.0113394083926,1477.96696699601,205.17370929616,1942.49597411531,341.898440169942,93.304295402843,3302.091758276,95350.2874776894,15.3391205539335
0.00341862235318733,26.2570045429177,72.4643038627272,18.8204055857573,16.601044065458,0.0158935292381775,6.04443827843701,1457.24775840771,205.910434779934,1913.42349824268,340.69696688667,91.863462022826,3258.88492725839,85210.8583190178,15.3437794958322
0.00568799029391118,26.2816747256315,52.2049068626872,19.337803421486,16.7947776316129,0.0723322449172212,6.0705151711813,1464.59642734922,207.226359054786,1922.30221769752,359.902580459094,92.3143554764184,3285.3126987878,84393.5112795741,15.3484418789577
0.0142292620911504,26.2847862841035,31.0244257552173,19.4021022734317,17.3074319128115,0.202055051374551,6.06286967575516,1475.23608389601,207.878793450701,1936.093761373,380.10530443074,93.0495629632328,3318.99237683119,83663.3406267171,15.3531401056411
0.0151232524743835,26.2797880313743,18.2130302047038,19.029133814681,17.9310341577732,0.373057957804003,6.02245780870617,1484.32516106938,208.028582189756,1948.09117512395,393.733686624601,93.7266435742508,3345.51803936794,83016.3300881065,15.3578740512134
0.015739641642481,26.2718973740002,10.5697948623198,18.5197232244969,18.4969148696386,0.57976977047622,5.97009413595346,1490.89047186663,207.83393268675,1956.81636702749,402.830086194117,94.254755890733,3364.09020849079,82446.9390356415,15.3626436302418
0.0165424084496863,26.2692072254498,6.39113594131635,17.9857286227657,18.9414724921559,0.8334279463387,5.91250689499996,1494.83249080323,207.437913178025,1962.0516336603,408.282815945007,94.6148931954002,3375.06129067663,82052.0994325957,15.367453488946
0.0173032137747018,26.2954481073074,4.5446684417525,17.4722552733204,19.2586512706911,1.12392241712807,5.85354873851645,1495.37039190301,206.970049451676,1962.70268766401,410.629931296102,94.7506726060321,3377.22871054328,81994.3358240057,15.3723133854168
0.017808008822643,26.3693555900357,3.79313551386381,17.0008040331694,19.4953134996519,1.410538359921,5.79797619432656,1492.85862727149,206.489785151361,1959.23429371767,410.899597129644,94.6845845207983,3371.95890336436,82131.8737406786,15.3772185860144
0.0181815964107107,26.4883242209904,3.37786537528581,16.5641780815148,19.7012370817123,1.66844697990854,5.747409275785,1488.94114836601,205.984707404326,1953.87199169328,410.170357402346,94.5257400659344,3363.22657674362,82346.6222555716,15.3821623371735
0.0185244632241936,26.6380891531434,3.07620487165041,16.1549393709674,19.8896281537447,1.89282828903066,5.70205284817268,1484.23273167412,205.452353561563,1947.45730594435,408.893049191598,94.314385400165,3352.55607104587,82738.5194802438,15.3871473440932
0.0188651535713019,26.7987321310468,2.8619243898605,15.779502510866,20.0347478885546,2.08037092794376,5.66394292760578,1477.21577804217,204.792386462138,1937.98227988069,406.765817052526,93.9500969183516,3336.65277681191,83547.0008315965,15.3921804423435
0.0192508477691864,26.9516896927616,2.69449919138641,15.4355593825896,20.1176195971081,2.23043478682975,5.63444151479657,1467.10382732423,203.797660360404,1924.4404007501,403.615192919683,93.3822347895611,3313.71473782008,84597.7326670021,15.3972504932205
0.0197147404921561,27.0897918089272,2.5319708051563,15.1125760463997,20.1449981983554,2.34952936616943,5.61243829166239,1455.51374055616,202.453903112841,1909.00729810184,399.885295419997,92.7170918812405,3287.26678158242,85737.9196230451,15.4023498830172
0.020228504507407,27.2165552757946,2.37832167938227,14.8302038969592,20.1293434669626,2.44315944176751,5.59659291046027,1444.70507706284,201.060423949095,1894.63995565392,396.212897559399,92.0993706791166,3262.40525639261,86921.8592280768,15.407477153038
0.0206958972275725,27.335385858925,2.28465324903066,14.6703955847831,20.0821562113338,2.50915145835251,5.58675631811132,1435.40919376744,200.020114924309,1882.19734407167,392.860984812636,91.5711667279022,3240.95064147692,88145.8001694949,15.4126325396024
0.0210984057363555,27.4472892719636,2.25451585138804,14.6942385782307,20.0117682403106,2.54368330402627,5.58318721426907,1426.57553151194,199.450025372301,1870.21614719758,389.644495639006,91.0612441835803,3220.70889640245,89395.7364051979,15.4178160493878
0.0214657342376025,27.5533009163818,2.26311304872174,14.8810588674992,19.919278755652,2.55078525086402,5.58525760990585,1417.53423193723,199.224933571284,1857.82748634183,386.419215544553,90.5276459082512,3200.17638498273,90651.8612470577,15.4230275633924
0.0218363297467132,27.6559066440745,2.26432326979889,15.1428397085899,19.8175348156375,2.54113238573298,5.59063565084531,1409.86493190039,199.323519460967,1847.19001739452,383.579990591647,90.0766118776701,3182.79977098996,91706.3431898694,15.4282648703796
0.0222555624531772,27.7645055049695,2.20306450834768,15.3350009028288,19.7375671527875,2.53058429769238,5.59518600015618,1406.16847200043,199.897489981606,1841.82922417942,381.765793742838,89.8807577336947,3174.35936695934,92319.091533508,15.4335260578494
0.0226853100570224,27.8863934329519,2.10193773743435,15.3901016774452,19.6881095641517,2.52830528296191,5.59695575050019,1406.07951313131,200.931362399937,1841.28950724977,380.828817104468,89.9177136810764,3174.05010897275,92720.5140332395,15.4388139177251
0.0230930176206698,28.0178612627184,1.99658593369283,15.3466353859761,19.6587962141124,2.53303455541994,5.59665175177948,1406.89277680028,202.148689908766,1841.97483640674,380.087362722773,90.0121526562823,3175.82812501399,93004.9040988672,15.4441292892997
0.0234816068710305,28.1468333808096,1.899781323975,15.2612450744596,19.6296114572289,2.54169286977078,5.59577769695191,1406.1913202358,203.286922370602,1840.6598977849,378.949679242821,90.0062257846941,3174.28001786311,93380.4352774834,15.4494738259928
0.0239103688984934,28.251406137797,1.79848512769724,15.1725976458855,19.5663108713206,2.55224690307184,5.59636941058912,1402.30392947519,204.169181120765,1835.10292741762,376.929217221899,89.7884273315526,3165.60712796614,94059.9518448584,15.4548489676548
0.0243594346162351,28.31752120903,1.70288876051943,15.0775571618237,19.4663937580795,2.56668189801518,5.59809932926154,1396.04608328934,204.783219307504,1826.39026342908,374.151798494586,89.4115174848661,3151.51387755908,94751.2069652538,15.4602513843269
0.0247234185156549,28.3506164614109,1.63744038992654,14.9565451059123,19.3609520559735,2.5818090445163,5.5995818291319,1390.30789421847,205.369950232198,1818.36425309907,371.344765743363,89.0649137762451,3138.4181703819,95342.6626046085,15.4656796046459
0.0250658560425571,28.3643977463688,1.58093559763654,14.7877189397367,19.278981677644,2.59449537236115,5.59979816127476,1385.55206189903,205.92964424379,1811.6944955818,368.725568452116,88.7835896684674,3127.43267860179,95713.134741331,15.4711323135687
0.0253887559780209,28.3737173154763,1.5328638272203,14.5323677925655,19.2395833218723,2.60898732948335,5.59733991534426,1382.31429468808,206.445600456372,1807.20623880439,366.567213070098,88.6126030025549,3119.8948209701,95768.7183974064,15.4766084240389
0.0256727938886216,28.3858846294402,1.4960216060482,14.1845371176707,19.2399028798596,2.62534778510116,5.59247780440263,1380.83589734442,206.991207951063,1805.24654645856,364.987564066011,88.5706074536791,3116.4409124753,95714.2885661358,15.4821090459701
0.0259409916284929,28.3988400514041,1.46550902405001,13.7742926885249,19.2617796177452,2.64218870043284,5.58642191918365,1380.24135344463,207.583051630373,1804.5829173626,363.726888897395,88.5949386485243,3115.10373035138,95635.0203079292,15.4876343870129
0.0262453559141039,28.4147357758562,1.42574285171542,13.3374470623948,19.2962963597684,2.66158838379211,5.57932565349725,1380.26717107846,208.201559964213,1804.77449830906,362.647773879386,88.6620869799978,3115.17002361796,95490.7849949978,15.4931836359135
0.0266509212323488,28.4494567334037,1.3572365842133,12.917934778024,19.3441046506206,2.68940356520797,5.57022741365478,1381.41361824724,208.802718203739,1806.37759901736,361.780787061182,88.7986102422183,3117.52553581729,95232.6176853089,15.4987558427708
0.0271224803988575,28.5113755032765,1.27327341102895,12.535031302327,19.4022437023575,2.72814331762244,5.55887719284726,1383.66139219107,209.352534883777,1809.33000259773,361.066924491693,89.0012367888249,3122.03586731525,94950.5913919586,15.5043511760988
0.0276177873148746,28.5934721141048,1.18833294727732,12.1759312242444,19.465893425087,2.77457969041444,5.5460437269695,1386.47465114623,209.844045898047,1812.96878535153,360.399149238785,89.2376113760837,3127.60315779435,94675.9407057897,15.5099694036425
0.0281214789260397,28.6861002835737,1.10612845015701,11.8198872754941,19.5365265616111,2.82634898530962,5.53203399501154,1389.76922859796,210.252047289733,1817.24535578226,359.799121031568,89.5064864724374,3134.11348735624,94360.5980549118,15.5156095876647
0.0286261635360899,28.782220125222,1.02654016592887,11.447614068087,19.6209421609715,2.88364039154886,5.51646109731557,1393.92953773592,210.490819464445,1822.72561376809,359.390096043189,89.8378121342176,3142.4018074602,93956.2856851731,15.5212706974927
0.0291190188566558,28.8800838283658,0.952183607758166,11.0559084576952,19.7190371024961,2.9461842408237,5.49936735894029,1398.90217065856,210.509182408334,1829.35540368639,359.159751070045,90.2296266648102,3152.33172403863,93536.675927511,15.526952813022
0.0296018175650051,28.9815236463469,0.884133627607007,10.6555273651799,19.8245712206466,3.01268458704991,5.48128772902187,1404.24301091162,210.330614653628,1836.52518570063,358.98427370216,90.6509589026412,3162.93626692434,93132.1831234907,15.5326557213423
0.0300750010999441,29.0772211079784,0.820244971628415,10.253039576576,19.9476247434826,3.08461224356875,5.46145449888145,1410.67515565663,210.07593383562,1845.16086685673,359.035871728535,91.1472424355565,3175.82697962042,92558.8024605428,15.5383769073551
0.0304909209435188,29.1378454431952,0.761894198810671,9.84948128097537,20.1185888568015,3.16583594295052,5.4376248911731,1420.21266518706,209.98164288554,1857.89075752546,359.818288551302,91.8488730198355,3195.4799509849,91635.8795578256,15.5441132013335
0.03082184267685,29.1521062113194,0.7127966678815,9.44980429498451,20.341203350917,3.2552248087265,5.40975308907252,1432.69820544522,210.086885946033,1874.49200811762,361.288608747368,92.744480695328,3221.56970000022,90652.109647669,15.5498665102996
0.0312006987112236,29.1350113457822,0.672783044647169,9.05861890622803,20.5908293738941,3.35090169267288,5.37949342251063,1442.01255711029,209.679923655955,1886.93084819723,361.918515923556,93.4343245592009,3240.45640855096,89724.4029630383,15.5556376837259
0.0316636120179324,29.1068994124794,0.639644996499295,8.6730511106441,20.8399935620586,3.4516754552445,5.34853996760456,1447.32384714037,208.712838099895,1894.12323589228,361.486117457648,93.8639063634406,3250.32114616688,88981.0777787897,15.5614284436232
0.0322395830987757,29.0895270024895,0.609113063047085,8.28136362059304,21.0617590514272,3.55161275367445,5.31921004639271,1449.50817086341,207.359690927312,1897.24021879221,360.197019546537,94.0907772219591,3253.182018716,88547.7139466524,15.567241334013
0.0329648916397022,29.091659198917,0.57864761355997,7.87401185918318,21.2505022065094,3.64758311970648,5.29224975908949,1449.62580171005,205.74013898665,1897.69100971924,358.313649467934,94.1847295891085,3251.41420951431,88251.3869474091,15.5730737041048
