S_I,S_S,X_I,X_S,X_H,X_A,X_STO,S_O2,S_NOX,S_NH4,S_N2,S_ALK,X_SS,Q,EQIvecinst,mR,tagS,tagF,series_diff,tagR
30.5018528672283,1.17850568759074,1360.27417862258,234.20370565091,2003.4908083818,75.3695343306821,527.384552874226,0.0648266714656135,1.2815940756757,16.339126131525,13.118861402458,6.1338602420983,3385.62149007581,89211.543835698,1911878816.4738004,1911878816.4738004,0,0,0.46766869082906726,0
30.5359972262321,1.05771686918894,1357.94392256718,233.287622484002,2006.97831033644,75.5239940979513,526.591813727572,0.0662078424736299,1.33996833382539,15.9587756715883,13.2023567417666,6.11901592823136,3389.27157061346,88994.4761868321,1904583926.613634,1908231371.5437174,0,0,0.48648828194652083,0
30.5522482354973,0.961064955872185,1346.34873831794,231.831098497887,2004.10668813288,75.4396445397108,524.075294483948,0.067702959739088,1.39913453753687,15.5593063860676,13.2648847421128,6.10510346770371,3382.28903673097,89010.9727545672,1895908896.7740767,1904123879.9538372,0,0,0.4664575371059632,0
30.5397363053422,0.881939400248689,1340.68877022926,230.278971199013,1998.80025272842,75.2650630688496,520.872852784361,0.0692044549244707,1.45614500321673,15.1398020290835,13.306069901843,6.09257519521474,3371.28509074174,89132.7118415812,1889123132.6552644,1900373693.1291938,0,0,0.4439844484549689,0
30.5032926859959,0.815669762082022,1338.42391590888,228.830976538798,1993.78169929191,75.1028487825573,517.693218470712,0.0706620895387022,1.50963579050423,14.7019202387148,13.3341154496773,6.08118256252545,3360.76195460345,89291.2777366297,1884102337.5779629,1897119422.0189476,0,0,0.42984174970481637,0
30.4602101027228,0.759470917939609,1337.06916122721,227.492702361676,1989.78338692137,74.9800543570554,514.726239165063,0.0720800328785255,1.5586917968211,14.2496609862445,13.3540659097661,6.07078994863294,3351.9025980052,89485.6054309085,1880712648.9308052,1894384959.8375905,0,0,0.42359207066877125,0
30.4424008558153,0.710128273967156,1335.57366638866,226.196113454312,1986.55258414239,74.8865523545119,511.907274818991,0.073513382863737,1.60297099243751,13.7866534622331,13.3655565806431,6.06148133504435,3344.26735830407,89729.3640011701,1878741279.697403,1892150148.3889923,0,0,0.42317029842627046,0
30.4672121197656,0.665612094571688,1333.87619868584,224.910968550751,1983.98918598083,74.8183738133203,509.214583515592,0.0749855891313567,1.64259991215385,13.3153224390155,13.3681558567419,6.05328296319949,3337.68408770312,89993.1313125471,1877435281.2200716,1890310789.9928772,0,0,0.4255949972112727,0
30.5251251077606,0.624962725577898,1331.5879683939,223.545836590981,1981.13744633968,74.7395546140278,506.414614568802,0.076535355284109,1.67819576339914,12.8373301865588,13.362928791131,6.04607568106177,3330.56325935142,90259.760258943,1875651727.9546368,1888682005.3219616,0,0,0.4265317490406227,0
30.5935160366839,0.587652268399319,1329.42674344308,222.141025007968,1978.7207822049,74.6776079164887,503.701551519201,0.078125236180981,1.71133310396121,12.363570346115,13.3581921102494,6.03920897517063,3324.08771014586,90385.4478588812,1871042139.200632,1886918018.7098286,0,0,0.42486534629134415,0
30.6411920273743,0.555733998919872,1329.72541424382,220.934014062533,1980.0165775783,74.7562894405522,501.9140693185,0.0795146018875697,1.74357995179113,11.9245893474817,13.3725799274543,6.03146620439191,3323.65803842696,90212.5225800379,1863166893.510988,1884758825.5099342,0,0,0.4227348727873588,0
30.6542955999478,0.529745241102207,1332.22773912702,219.876758547185,1984.55964930544,74.9577177369497,500.938417327058,0.0806400244256927,1.7746595149046,11.5360155426192,13.4110756512133,6.02262205575794,3328.50018097469,89939.3145207908,1855780145.9909444,1882343935.5500183,0,0,0.42087020781925677,0
30.6425350615101,0.507795918027384,1334.78280367443,218.723493813565,1989.12625180698,75.1600065712199,499.95733718366,0.0816756505079706,1.80465852836164,11.1856649442123,13.4630582069492,6.01323845143195,3333.29615233113,89656.6841642092,1848068063.6081731,1879707330.0160303,0,0,0.41871799715515373,0
30.6208906129159,0.487840260544303,1337.2658549042,217.464478929226,1993.55262183188,75.3573573526506,498.919187355883,0.0826708970662036,1.83489339889533,10.8612889143575,13.5259510697961,6.00324915662454,3337.77198028912,89283.8433633445,1838208072.3702796,1876743097.3270478,0,0,0.4161363648925686,0
30.6030706170147,0.469103982831611,1340.70026723064,216.179500156342,1999.39740570658,75.609213925624,498.204493490554,0.0835588510323501,1.86731368093216,10.5644307867225,13.6097195550421,5.9918029304768,3344.45960703452,88714.0200496836,1825175880.9591522,1873305282.9025216,0,0,0.413020845822587,0
30.5948103060089,0.452315836863485,1345.13164125566,214.861741639041,2006.74394040547,75.918806642435,497.826808524188,0.0842906460904883,1.90231288445712,10.2968911565805,13.7175065285115,5.97864608080384,3353.48215302582,88086.2459896592,1811858061.1504176,1869464831.543015,0,0,0.4100349437472367,0
30.5932696150914,0.437563991030832,1349.64917309458,213.431978268823,2014.23238616109,76.2344399017501,497.445121249427,0.0849236544984873,1.93923487411997,10.0536049931849,13.8424729932291,5.96423625555533,3362.6182963198,87468.9316441651,1798607393.1868856,1865296746.933831,0,0,0.407203915726223,0
30.5953735442523,0.425842195078474,1353.48210881314,211.847297976419,2020.71073911115,76.512115097013,496.776412021152,0.0854789273884079,1.97715525968666,9.82357467267858,13.9765246366072,5.94915091393683,3370.00616985474,86924.5317311874,1785884586.3748946,1860884960.2361124,0,0,0.4045651042052317,0
30.6029727508548,0.419197587032377,1356.02017495666,210.11361755324,2025.27305114787,76.7168166083797,495.609473690822,0.0859285755820787,2.01427335039186,9.58666680401076,14.1111764567104,5.93413414685423,3374.21362274663,86515.2104252055,1774407104.549066,1856333494.1473205,0,0,0.4022016953315425,0
30.6180873936087,0.416282027106791,1357.4300400431,208.292821893385,2028.17318920601,76.8577840476046,494.018741885011,0.0863146406886465,2.0495565158231,9.33122977980542,14.2441045230604,5.9194781279513,3375.69408185785,86171.4175130528,1763039848.8126354,1851668811.8805861,0,0,0.39981817404744624,0
30.6395399379325,0.41542860830962,1358.41622849902,206.453713041495,2030.46035228484,76.9749467085681,492.261829028995,0.0866578057804961,2.08325604923458,9.06193677640799,14.3785197429192,5.90496084659259,3376.16724464632,85855.9184282879,1751834003.13043,1846914773.368674,0,0,0.3974200191190219,0
30.6680857565918,0.416049386115484,1358.72305483671,204.554008390682,2031.73871311376,77.0536127221671,490.243280149024,0.0870083396160639,2.11464541134757,8.78904593624882,14.5090629300108,5.89097424508434,3374.98063833793,85691.5082698695,1742976573.8743167,1842190309.755294,0,0,0.39547974820655823,0
30.7118604861672,0.417117535747988,1356.80434620045,202.414689309812,2029.67764822519,77.0059738546723,487.40836558853,0.0875309804706791,2.14130244588437,8.52168498878441,14.6154901100434,5.87899740697171,3368.31897048906,85859.4708894006,1738319226.862043,1837674175.7164571,0,0,0.3943659299919677,0
30.7768570522802,0.417197083380703,1352.37252092613,199.985006813478,2023.84152069414,76.8160371795114,483.664379199615,0.0883363735794989,2.16262247694002,8.26386289957406,14.6891066936238,5.86961555333046,3355.46431868582,86179.8970936106,1733760484.505871,1833344438.5826826,0,0,0.3931325288295865,0
30.8604603386298,0.41644878005211,1347.09800201606,197.453804239205,2016.7358055592,76.5788275652281,479.618775940315,0.0893171715320377,2.17948796972776,8.01523682922407,14.7394950492377,5.86217583853134,3340.52904288329,86539.7353728577,1728920748.321401,1829167490.9722314,0,0,0.39172963596874,0
30.9617528555858,0.423099764468468,1340.78656626585,194.849015760543,2008.06956320529,76.2815062151452,475.230511668634,0.0901692279574069,2.18824043450643,7.78737725655906,14.7617900999948,5.85753647641664,3323.08875306827,87179.6168240807,1728477037.9465635,1825294781.240475,0,0,0.3911147682786512,0
31.0906822409088,0.45362447681036,1330.35197714227,191.890127677703,1993.22227526634,75.7440371446276,469.485941542336,0.0904897761660133,2.17821365815536,7.62218924991711,14.7223695430604,5.8593036197534,3295.66547813262,88482.8317781193,1736411587.3765724,1822002811.0973675,0,0,0.39203348061357973,0
31.2526583722841,0.504921569094632,1315.67594414019,188.558463522818,1972.02962810386,74.9573098198855,462.42180480096,0.0904628937771231,2.14395262045603,7.55015742353593,14.611662841948,5.86895771015006,3258.02136556014,90084.2618683478,1744991923.2523599,1819252422.24576,0,0,0.39266053453977584,0
31.4406552873539,0.569688708936164,1299.8044246812,185.163095961075,1949.06072658228,74.0961147145179,455.11170314475,0.0902241332879422,2.08964750519841,7.56102332195845,14.4524209968299,5.88459620732621,3217.61001920459,91756.5587016709,1753084101.7689836,1816970756.0224228,0,0,0.3927948432518196,0
31.6384858627441,0.700080974458654,1285.67061787815,182.132832045769,1928.67633742426,73.3285181723643,448.682450317997,0.0880945024865987,2.0116753052862,7.73845835090502,14.2706514322738,5.9054318862999,3181.72763783857,93457.2176797137,1764021345.1095479,1815205775.6586604,0,0,0.39317071354381083,0
31.8154583765571,1.06475141955667,1273.96756651921,179.815997060094,1911.81469255979,72.6915346606822,443.793648497457,0.0811668518964051,1.88423771637802,8.41172047911661,14.0991113135175,5.93405029288792,3152.43371213751,95183.6828967448,1780591734.0952835,1814089193.672745,0,0,0.39397990898679736,0
31.9545362175734,1.78275735864637,1262.66636814886,178.092390468192,1895.37492968709,72.0677489752773,439.964191369698,0.0724674666955188,1.69490631102393,9.76167332278343,13.9543939462192,5.97167048866174,3124.9154876242,96903.1429779861,1800715602.5306895,1813671268.9495559,0,0,0.3899916696182156,0
32.0647046211473,3.01691635929513,1247.19758999697,176.261671832232,1872.53228789415,71.1976493099786,435.242154342588,0.0653429087452217,1.47570060671987,11.6210963116045,13.8139912021568,6.01431802725912,3087.63876198748,98576.4957652589,1816728980.70645,1813763926.8815827,0,0,0.3411888719902825,0
32.1690095260112,4.96438330398144,1226.10766484442,174.72555210161,1840.98462526847,69.9921345851606,428.533098048636,0.0607582944078583,1.26872610532614,13.70257598521,13.6210161419177,6.05827261311503,3036.99387959825,100639.773015779,1835205625.273203,1814394565.0695717,0,0,0.2968159367182851,0
32.2968022825843,7.58724108385213,1198.67266020026,175.360192016054,1799.17502760264,68.3877672455916,419.097074585385,0.0586383597593945,1.09873165185905,15.6491004142387,13.3116114675879,6.10302475912648,2971.93424353631,103491.33157073,1866493436.847269,1815883104.2632203,0,0,0.27693093882972003,0
32.4506003547696,10.5743431692537,1167.48323086812,179.134910862511,1750.81523307347,66.5257671213404,407.814203837414,0.0582671004084894,0.970267408526086,17.2666523870682,12.899230984053,6.14718393032903,2899.14455775989,106392.156644704,1902035418.2666261,1818276224.0966482,0,0,0.26655124232188226,0
32.6100694785924,13.6278632795051,1137.27900308715,185.30490352451,1703.33476327377,64.6929324021444,396.712368514893,0.0588530801635145,0.871587897217955,18.644660586425,12.445958796218,6.18937636844892,2829.82079982941,109071.452899536,1940643714.876567,1821583453.5771866,0,0,0.2631950404919791,0
32.7402523459223,16.2410155349891,1113.46564190773,192.706729284064,1665.22309601012,63.2179272415378,388.05706885976,0.0598627511431413,0.792831660734121,19.8371348809272,12.0221965740295,6.22750706662142,2776.48416860829,110722.479441358,1971160084.639256,1825519680.710399,0,0,0.26129896159896376,0
32.7933840792882,17.6531439317124,1100.64429595432,200.224461481074,1643.62411969504,62.3785447091398,383.67696436082,0.0608820719753916,0.730803008072815,20.7511611778832,11.6922044525383,6.25867029621565,2749.56220683747,110883.434066578,1986908498.2600675,1829657855.5193646,0,0,0.2536831411405897,0
32.7688592379908,17.8943036786531,1096.34263989731,207.594656409683,1634.79598937985,62.0312673749506,382.701543033606,0.0617829496326379,0.68247556605964,21.3986027681852,11.4423488026418,6.28400096052225,2742.96463290093,110621.140055873,2003140072.7883425,1833994910.9510891,0,0,0.24705493791538477,0
32.6992167944777,17.52180480121,1095.87663084439,215.184897355738,1631.59421073939,61.899847805177,383.361372462081,0.062606051630644,0.645665420870168,21.8621412755156,11.2306571275328,6.30589130831692,2745.67685803538,110192.922060108,2020558490.0006654,1838545242.1474204,0,0,0.24298713177501202,0
32.6092059552157,16.8420110034128,1099.51344450282,223.046173762862,1634.540974983,62.0043001329912,385.683822909604,0.0631792429103943,0.619386422966988,22.1741146414524,11.0672726367329,6.32365803335987,2758.44443588998,109110.601653973,2030591448.4385839,1843117770.8686385,0,0,0.2395036911871147,0
32.5187799169618,16.007657120699,1109.95773299933,230.794623346978,1647.99866224777,62.5136119830079,390.649942928547,0.0632206750052609,0.60229951187628,22.3708190063334,10.9895126368185,6.33529055413334,2787.6970679702,107127.043782558,2029880480.1305888,1847461089.6886837,0,0,0.23590860042193412,0
32.4340568847382,15.1275570373527,1125.97835369911,238.274377997985,1670.13088751222,63.3577716900361,397.791107447553,0.0627463192672085,0.592114193400394,22.4856829715751,10.9909602229742,6.34138663334783,2830.38808187353,105018.32926311,2030460880.3318353,1851620175.8396645,0,0,0.23315372475684165,0
32.3499762031436,14.2200865206115,1144.3971985812,245.571309408951,1695.97724141478,64.3461211068721,405.891593104172,0.061979698187964,0.587898773112143,22.5213253883417,11.0409480278891,6.34372531670111,2878.80751301923,102985.114610057,2032688051.6418855,1855643906.4130473,0,0,0.23069929082719087,0
32.2664290865381,13.2360092173793,1163.98643077299,252.691811680414,1723.62696093417,65.4054481331432,414.469692736522,0.0610498160212494,0.589517834735057,22.4637186622153,11.1275490888704,6.34301051782025,2929.95490865356,100966.331516915,2033979668.2708528,1859520770.8012602,0,0,0.22800630351774215,0
32.1914581171254,12.1444702427564,1184.79609923746,259.56963065927,1753.19993926428,66.5405663522894,423.531806263739,0.060014085141981,0.596766149871894,22.2979150518349,11.2510935360295,6.33930821462803,2983.93476110181,98922.6529119624,2033338057.7753632,1863219010.9496458,0,0,0.2249671300478506,0
32.1289889880938,10.9854514425535,1206.32836472183,266.141750776396,1783.9597502998,67.723302671893,432.869290865279,0.0589477881469596,0.609189089227529,22.0398591707022,11.4053310656995,6.3330395227774,3039.50933024116,97020.190482382,2033575644.892348,1866768107.4901187,0,0,0.2219036318748641,0
32.0763475184885,9.82842504071166,1227.65694253882,272.361582909089,1814.48121796621,68.8990446471805,442.099640455909,0.0579339086289591,0.626478090655939,21.7257506155677,11.5785393507397,6.32486731233635,3094.38041528359,95307.8894260071,2034990038.0622387,1870201208.1140392,0,0,0.21883385804921388,0
32.0315673986064,8.73290504965789,1247.30009280924,278.137213578363,1842.52286260353,69.9815800847321,450.633594296579,0.0570604018525966,0.648164721716606,21.3780607169006,11.7528473637129,6.31577031217516,3144.90795059809,93987.5713689821,2040633910.7843037,1873609862.1674447,0,0,0.21605740239360094,0
31.9962739450586,7.71785295537352,1263.05815683629,283.265153782619,1864.8252249566,70.8452606210261,457.623427611297,0.0564509238859333,0.673743191165138,20.9902059880107,11.9022304695651,6.30713038335282,3185.71787981668,93233.9619272119,2052226333.3559315,1877112145.9162385,0,0,0.21371307451586724,0
31.9717189717855,6.76046022597734,1274.82601660825,287.653687323092,1881.29160263982,71.4862672436736,463.005493816802,0.0561624909044548,0.703570087774664,20.551997904416,12.0200170416093,6.29921720329645,3216.53351616004,92730.8662453154,2063004937.284056,1880687007.2886965,0,0,0.2111993460812378,0
31.9565100153232,5.86412921306265,1284.16920651932,291.415087746716,1894.27630884061,71.9951434809503,467.338851029693,0.0561638407041248,0.73777882182546,20.0736595604093,12.116710338416,6.29146489871885,3241.16099259832,92351.4529186998,2072218502.6397955,1884300809.0877738,0,0,0.20864096051584483,0
31.9609854580292,5.08738519761921,1291.7905496652,294.660985929937,1904.77669121316,72.4099728152862,470.868412076708,0.0563847969147758,0.775354348521297,19.5783912396751,12.1961029026841,6.28383494701449,3261.29505435881,92130.0607636179,2081789139.842944,1887958000.3980548,0,0,0.20633930274612666,0
32.0220756081773,4.49556723618469,1297.38011459535,297.369497568179,1912.24560440864,72.7092554088542,473.48760394071,0.0566954403633989,0.813674014378091,19.0925045504563,12.2539940661005,6.27696725665296,3276.10838759397,92119.5595473441,2092725234.9587882,1891681041.0264318,0,0,0.20440196153135062,0
32.1592452181699,4.07246305937755,1300.8626369322,299.515228985282,1916.54329776332,72.8872510553761,475.212251497083,0.0570127022817325,0.849733933070957,18.6287824882539,12.2900304899738,6.27139319734491,3285.40339594865,92231.0773658722,2102971108.7274618,1895454077.9496646,0,0,0.202598108341763,0
32.3562318105083,3.75918780294921,1302.68251899738,301.176140162627,1918.36503450306,72.9703644392306,476.244870137971,0.0573445791054738,0.882214516668053,18.1844156971518,12.3077947946939,6.26717364394824,3290.34639312264,92421.2585130216,2112186928.776032,1899256408.6659167,0,0,0.20089169786565303,0
32.5722574740939,3.49692421813877,1303.61573035046,302.50688085556,1918.93528274786,73.0048961986922,476.89304276827,0.0577513103587436,0.91148319018545,17.759378709302,12.3133344628423,6.26396824608105,3292.96968596816,92591.1289773993,2119276283.6544237,1903049854.786408,0,0,0.1992258158995366,0
32.7376775026069,3.23140601893257,1304.66052181762,303.721831274004,1919.85087201986,73.0506172728253,477.529452265098,0.0583354940066621,0.93959286941906,17.368126499884,12.3156337350565,6.26101499686448,3295.90511148919,92639.9802185627,2123517939.6857104,1906786601.9880912,0,0,0.19756104930750848,0
32.8205034955557,2.96771374533872,1305.92606384721,304.915538539301,1921.3089165825,73.1141640093353,478.179901042146,0.0590953439027153,0.968099679983295,17.0188584656114,12.3159004472817,6.25800283360461,3299.50518201659,92677.6082158959,2127813541.9568026,1910470384.320903,0,0,0.19611865947485685,0
32.8455984583508,2.7313612819392,1306.89733233129,306.030904695411,1922.488157602,73.1644061743184,478.657111374204,0.0599564069324859,0.996323351310861,16.7048677076132,12.3104104142174,6.25522885273633,3302.45724983201,92739.5520392039,2132305717.45107,1914107029.1263156,0,0,0.19485435688117267,0
32.8568466895217,2.563444146879,1306.39269240659,306.813532159707,1921.56174355079,73.1323525995335,478.554017356375,0.0607417222811971,1.02147872989879,16.4269493984965,12.290476212771,6.25356913101673,3301.72487218372,93006.0127902763,2139313547.2153049,1917739392.321299,0,0,0.19393238681014538,0
32.9077492184787,2.51928984977819,1302.41102173268,306.70014652027,1915.50533161778,72.9039618558944,477.212455672193,0.0611728998639706,1.0376572018662,16.2112839219626,12.2413800855462,6.25470062761723,3292.15061289093,93665.2400207116,2149750311.175205,1921422105.3189805,0,0,0.19340144538479329,0
33.0193494648207,2.56924318604228,1295.08207746395,305.483794428094,1904.52151244615,72.4884678314832,474.756988496137,0.0613259838122503,1.04186554949594,16.0748674874228,12.1660793843988,6.25899085109964,3273.94325000449,94424.1611867586,2156348973.4473825,1925092837.6334865,0,0,0.19266723450393677,0
33.1713799819822,2.66361104518532,1286.35625101423,303.51870617631,1891.53705344701,71.9977419981801,471.888497986593,0.0613791903123681,1.03726059302079,16.005032072825,12.0792004426644,6.26522390781883,3252.00107814136,95153.2710432664,2158855516.8017397,1928689186.5437675,0,0,0.1918140175001073,0
33.3329931308084,2.81914744825989,1278.13954690059,301.421379736052,1879.34989963931,71.537672814049,469.278026631704,0.0612101190041812,1.02604130576598,16.0157310449497,11.9954053783184,6.27232681222798,3231.24573685844,95726.9894504079,2158031063.4076166,1932164063.465947,0,0,0.19094688395732878,0
33.4743929515621,3.14291344515737,1271.9856133052,299.991089686188,1870.13504415522,71.1900244978041,467.529196366176,0.0603831635247811,1.00526661307466,16.1929208615685,11.932226496649,6.27994269276751,3215.84569336994,96045.0227746294,2155747084.389392,1935501123.4797297,0,0,0.19012836945801498,0
33.5862384879143,3.6708625463945,1267.81057052189,299.475540833624,1863.69353663445,70.9464383939714,466.656246337754,0.0590300980881274,0.972189214797642,16.5757266325693,11.8934804572158,6.28837352543134,3205.74466129362,96262.6334363625,2156333654.192934,1938748660.6961002,0,0,0.18963299828847885,0
33.6783846621896,4.3759031370638,1264.56392588852,299.518371181697,1858.51162297445,70.7494446207523,466.23555866493,0.0575873552956389,0.931541829873597,17.1128632361277,11.8674935163933,6.29747273234976,3198.21178593042,96440.3762367386,2158993423.1017513,1941940613.7744431,0,0,0.18937574319690229,0
33.7518997167899,5.21549184242628,1260.59233208408,299.611152845697,1852.20276987202,70.5080024189133,465.590505725364,0.0563609291439687,0.889350853355497,17.723792121493,11.8340975658564,6.30727336446028,3188.97822801838,96814.6398478632,2165704666.352473,1945137243.0969863,0,0,0.18951629083541155,0
33.7823897730998,6.09826453780848,1253.62848780881,299.203494040045,1841.46354201958,70.09535595775,463.82892299053,0.0555816135696022,0.84982044649361,18.3060867255199,11.7667260244819,6.31839838563763,3172.29202334156,97600.1446592945,2177076038.4779863,1948403986.6939018,0,0,0.19007445045551777,0
33.7545746995366,6.94193827298646,1243.86911160618,298.217247091635,1826.61817953883,69.5244202845468,461.014991799422,0.05524153153873,0.815975590164662,18.8088541051105,11.6635557340365,6.33048200359845,3148.58576469884,98463.7921134675,2185335445.646949,1951694701.401583,0,0,0.19038994931913375,0
33.6803020028277,7.73490329941022,1233.30139701833,297.00901023634,1810.59747622876,68.9081342842441,457.922527577112,0.0551612720392666,0.787544007703914,19.258862044243,11.5427624811976,6.34270485668824,3122.83543548421,99283.2633701422,2190790910.4768515,1954969991.9368608,0,0,0.1905401517505169,0
33.5719533839974,8.4679406225937,1223.30359080589,295.9757124618,1795.38866424251,68.3230901311792,455.093989942228,0.0552332527395014,0.762859072760929,19.6801570722463,11.4166949771237,6.35472950763254,3098.56513102771,100024.917315612,2195334739.1808395,1958218164.1969147,0,0,0.19072824777520656,0
33.4271777832222,9.06080155259168,1214.4156167155,295.464380603176,1781.70860213098,67.7977130456222,452.72759749619,0.0554576002373702,0.741320050872389,20.0468838884844,11.2899808989514,6.36640282546992,3077.23337041238,100672.273558464,2200130966.456683,1961443668.2270446,0,0,0.1910501583244467,0
33.2450883145233,9.49196102208822,1206.44385254235,295.52694240002,1769.24195531234,67.320180961865,450.738035269174,0.0558233525716935,0.722870884772217,20.340352127205,11.1624462639444,6.37770155717136,3058.38673330516,101255.709268551,2205798189.169739,1964658859.2920802,0,0,0.19150817126034736,0
33.033544428017,9.81753232302783,1199.04382603876,295.990513693562,1757.5151600332,66.8716727991587,448.997286881842,0.0562817107918719,0.706904937277132,20.5733539486245,11.0333116148809,6.38871905722214,3041.11483521525,101786.14829198,2211809217.236543,1967868604.2004497,0,0,0.19199726275855064,0
32.8004965883692,10.1045008033962,1191.38931110003,296.534079408242,1745.35753441229,66.4069727819096,447.196988539603,0.0568099408160829,0.692433210330105,20.755557410585,10.8958042593402,6.39988640900406,3023.27216409928,102440.050110963,2220241254.867793,1971104151.0038774,0,0,0.19266529321116446,0
32.5517590306464,10.3895793673818,1182.11975939708,296.632368838095,1730.8288845216,65.8525491465096,444.830804893772,0.0574449897099775,0.678688090086394,20.873927592679,10.7374515329973,6.411869583584,3001.31888710583,103353.351414258,2230944848.776069,1974393273.7604873,0,0,0.19352176299283028,0
32.292269521346,10.6436400213175,1171.49426724225,296.185073461465,1714.35085757778,65.225268031076,441.998845907144,0.0581943314841842,0.665871381996496,20.9155239275054,10.5610570162293,6.42449451783293,2975.83099825069,104269.866313905,2238197272.6836333,1977690823.747027,0,0,0.19410000957945825,0
32.0257638070345,10.829082865154,1160.84844656963,295.539146425913,1697.87642119959,64.5995493246236,439.196531924629,0.0590122559907711,0.654070154028336,20.8861319275634,10.378895272699,6.43717565934722,2950.20176326515,105111.526275019,2242768326.7504873,1980963385.5125017,0,0,0.19446312373915195,0
31.7512118527604,10.9188346207338,1151.82365174023,295.047165395006,1683.88361238844,64.0698461610847,437.065099051671,0.059825826808869,0.643342437593216,20.8022621816375,10.2055139159346,6.44924631117741,2928.63853809265,105664.666252342,2243092287.17971,1984160079.4352722,0,0,0.1945485458749771,0
31.4593615724686,10.9022638253513,1145.97858836381,294.884456984559,1674.86417107883,63.7314525562896,436.261098631766,0.0605358342206595,0.633816905414221,20.6899100707793,10.0570137616919,6.45996805872586,2915.1760861018,105789.178565764,2238740704.881007,1987227315.8864257,0,0,0.1944667415464592,0
31.1484240710009,10.809225640972,1142.71603374493,294.934895276911,1669.97596303782,63.5518626161926,436.570420662425,0.0611320664228412,0.62524511201573,20.562958745764,9.9315826792081,6.46946808137435,2908.35957960658,105782.17804651,2235152386.573881,1990178804.8231812,0,0,0.19467878534201621,0
30.828273462283,10.6681103112415,1140.58725426738,295.019126173321,1666.95825579043,63.4443658385997,437.397061781674,0.0616656682895541,0.617795818974936,20.4173960975422,9.81827534846599,6.47822268877689,2904.48666756344,105724.187224519,2231847668.572221,1993021967.9261112,0,0,0.19496112669983864,0
30.5274697587289,10.4142976892331,1141.43370527785,295.465519255933,1668.37325862234,63.506847735201,439.408966536138,0.0620521318534569,0.612635510965478,20.2562902917451,9.73390120008759,6.48531290957856,2907.99182614721,105061.917694731,2220088436.143608,1995662275.6960819,0,0,0.19449920101884366,0
30.2901237383561,9.95036280587284,1149.23699495785,297.005339703646,1679.87461956549,63.9544555659583,444.091634151798,0.0621027808718807,0.61097864409506,20.1063230396523,9.71483073346966,6.48893078408542,2928.60984468928,103452.186015974,2198923045.8042917,1997998606.3869808,0,0,0.19325596242306708,0
30.1190709575468,9.33314442676762,1163.02243299261,299.53558387528,1699.96608062181,64.7291989723063,451.041720264603,0.0618396704289129,0.612518637611984,19.9841747504085,9.75633382647099,6.48930097664202,2963.88417027304,101711.591525507,2183752213.5699897,2000109442.8322425,0,0,0.19247945502154828,0
29.9870616689433,8.67758972340266,1179.07436504477,302.387147530749,1723.28838647151,65.6267128095289,458.827730792366,0.0614236695938898,0.617269984961044,19.883317892129,9.82988163283441,6.4876628620253,3004.63432132223,100052.100604282,2172883056.112926,2002050719.385958,0,0,0.19183197079603195,0
29.8763993711822,8.01864073894628,1196.09180180265,305.251646464854,1748.0560034497,66.5801664331707,466.964673222756,0.0609079390088614,0.625771557422393,19.7847326605186,9.92686078974259,6.48429093170479,3047.68670491002,98364.7100220177,2161601820.3060603,2003823509.3961813,0,0,0.1908041952713609,0
29.7768258050172,7.35118837535673,1214.55467452441,308.164207533066,1775.08158742766,67.6223583218885,475.660272691136,0.0602826615842926,0.638462656690175,19.6602745977381,10.0531486968737,6.47882486075946,3094.31720604832,96562.8940468031,2148443654.6165605,2005412741.7612405,0,0,0.1892818523415065,0
29.6835299227063,6.69209670452974,1234.19919140137,311.085399883497,1803.99482701203,68.7394635901824,484.795646564972,0.0595793847313178,0.655291168836868,19.503488728849,10.2071658159746,6.47129818438444,3143.87956662815,94843.3084525467,2137280197.0546615,2006846083.6666038,0,0,0.18763217481027364,0
29.5968084152604,6.06783433836019,1254.04809899029,313.863186941178,1833.30982670712,69.8738494688904,493.945724140862,0.0588618536579036,0.676139257640861,19.3293941931855,10.3798800428656,6.46209399405384,3193.87536047174,93268.5082771674,2128213972.7590992,2008151114.7321143,0,0,0.1858802090234685,0
29.5219502721607,5.49211850821811,1273.04277513842,316.335041282518,1861.44285174461,70.9642511242726,502.659253944397,0.0581914401277646,0.700801232073212,19.1541751554808,10.5608751691118,6.45167613843282,3241.62981805011,91936.5214365384,2122233227.4679778,2009364754.2293046,0,0,0.1841395388445139,0
29.4722927739153,4.96481208642973,1289.93145830897,318.320497007285,1886.57950438835,71.940990258516,510.423484355358,0.0576419542178647,0.728980850808151,18.9925353660698,10.73739869898,6.44062773614698,3284.05678571714,90932.5723863915,2119983863.6895485,2010529165.9078333,0,0,0.18250068985298873,0
29.4540976152462,4.47743380999157,1304.5644983972,319.806102160449,1908.52045252019,72.7965318672309,517.166417860514,0.057247956923625,0.760774167665206,18.8480845111082,10.9051929618271,6.42911761055697,3320.80365964207,90106.5962063949,2118110496.847703,2011649804.7717903,0,0,0.1807563508105922,0
29.4599095954832,4.02889167639553,1317.69300326922,320.919202437296,1928.3512014127,73.5724886309415,523.173305142669,0.056990112807473,0.796104741070204,18.7141824464334,11.0678961768594,6.41700149492145,3353.72004931158,89392.585724232,2116244470.872072,2013778613.6717722,0,0,0.17899140558671714,0
29.4765448076101,3.61301449565935,1330.26641258191,321.789508120679,1947.44102893191,74.3212457059785,528.816734703401,0.0568551313378213,0.834854232907886,18.5832651890687,11.2316703241085,6.40403938363271,3385.12489874419,88684.1452052651,2113134789.01447,2015951018.4884474,0,0,0.1772146225183916,0
29.4873841483864,3.21269817386162,1343.46520783817,322.515412212869,1967.51118586338,75.1086374894576,534.562394567779,0.0568617633400133,0.877723012731023,18.4492866553881,11.4053575580638,6.38975131571278,3417.87332283642,87873.0157634756,2107507733.8168669,2018155173.0409768,0,0,0.1754222330821824,0
29.482927272288,2.83884425276881,1357.36495209686,323.082058288212,1988.66251001252,75.9382952122671,540.432655668663,0.0570019539842962,0.925215704686793,18.3106197071714,11.5892363028175,6.37404630984965,3452.11873796858,87090.3264477315,2102496167.9821105,2020377808.8256311,0,0,0.1738887284348607,0
29.465409794856,2.5082733650971,1371.07310191516,323.414918901217,2009.57560983225,76.759514366287,546.080664136013,0.0572500360850531,0.976725916768716,18.1692967315855,11.7761547258988,6.35734137621095,3485.68836871121,86394.6533196341,2098559663.4208171,2022611739.3031614,0,0,0.2356103902496004,0
29.4429704707165,2.22473035630969,1380.86384761124,322.834527674509,2024.75432639657,77.3617809471715,550.047098756869,0.0577190961878407,1.03171946826903,18.0221037093056,11.9559995811755,6.34019313190084,3509.24075996784,85885.0059686855,2093150976.5990038,2024824638.5497048,0,0,0.36694964631795407,0
29.428537173402,1.97895803175224,1379.74992917009,319.940127807126,2023.86683638273,77.3493364555947,549.559105475375,0.0587775967774201,1.09330279311441,17.8509804565865,12.1106263925123,6.32301526006213,3505.11783401768,85679.5329132458,2079528661.933947,2026916173.781335,0,0,0.3868860254731679,0
29.4313485616583,1.75950628137932,1374.69770241512,316.255711565725,2017.10737377576,77.1129968316733,547.334189983,0.0601470845387376,1.16058182559714,17.6414640901729,12.2361815318519,6.30609641577711,3490.89265094888,85630.0584020535,2064096122.1962166,2028860557.5415037,0,0,0.36455050662086724,0
29.4506630945263,1.5666882036673,1369.89485778682,312.614020910601,2010.64811942138,76.8892143793719,545.0338852247,0.0616248554877387,1.22993589666781,17.3966186290183,12.3432410555372,6.2894589785003,3477.12437622498,85644.9307962592,2050406141.275053,2030680916.0135915,0,0,0.3396558946559286,0
29.4792518873391,1.40394529619433,1366.77607597902,309.283363259405,2006.64213014812,76.7601920789142,543.259484062031,0.0630937203619156,1.29789745229853,17.1277133407734,12.442505940216,6.27313008569786,3467.47287576368,85671.6117166738,2039168136.7902744,2032432228.4884834,0,0,0.3236469167821908,0
29.506628228988,1.27344663104416,1365.50953638254,306.286751032083,2005.39870423018,76.7376733558192,542.128356809542,0.0644628349443566,1.36186344015157,16.8436305905332,12.5419337314195,6.25716297448704,3462.44232960493,85667.0902196557,2029616978.8389268,2034166083.5439827,0,0,0.3169338007925749,0
29.5264090481024,1.17124422460394,1365.82560672051,303.583111635559,2006.55389069074,76.8076171198028,541.571971252969,0.0656882677017016,1.41990255192096,16.5493990944384,12.6442298997512,6.24175087701567,3461.41664816193,85663.2315286409,2022202259.1071284,2035899647.2222764,0,0,0.31726845732256415,0
29.5395667877653,1.08997746911854,1366.13000556752,300.868531082137,2007.74540054198,76.8792484995803,540.969268485422,0.0668518039550257,1.47180689034239,16.2471240660622,12.7469640601864,6.22706379238889,3460.38067675264,85677.400628444,2015158246.2264063,2037640169.957883,0,0,0.32024097012913705,0
29.5477576261737,1.02130589744022,1365.95783064696,298.04944567997,2008.26701338472,76.9253829307503,540.125689835626,0.0680234483814941,1.51929475111854,15.94018461694,12.8497070291698,6.2128966172651,3458.13544026049,85656.8429140625,2006596636.974592,2039394217.5058444,0,0,0.3217068830380535,0
29.5467423089238,0.959602320542372,1366.43332004394,295.333909991978,2009.77446024344,77.0093560957662,539.470808472817,0.0691701097665721,1.5643586314665,15.6400895435128,12.9584429750866,6.19869339087556,3457.49277637659,85525.22316715,1996288915.4537067,2041176644.948496,0,0,0.3223649764946246,0
29.5326703057199,0.904837259350096,1367.55614602128,292.726789652104,2012.26864215972,77.1309626198484,538.999547573288,0.0702533879908137,1.60792278805476,15.3552600353574,13.0760074478669,6.18418946446684,3458.45362776973,85353.5613435577,1985944885.2825289,2042990049.366539,0,0,0.32262675705482724,0
29.5072461944658,0.85661395971265,1368.72409622852,290.129334893913,2014.85390596777,77.2558468197767,538.477906885256,0.0712866235294986,1.65011972433867,15.083039971946,13.1992690375346,6.1695192899896,3459.51067104876,85184.0891651444,1975763713.2922347,2044835427.7009697,0,0,0.3223336798745489,0
29.4784616273773,0.815000804596004,1369.52494516288,287.461963217195,2016.91558141188,77.3606078389875,537.75081592574,0.0722701834445483,1.69081963890809,14.8155833932757,13.3243368801682,6.15489428190675,3459.62489792219,85046.1637830293,1965842857.2654507,2046709993.0227463,0,0,0.3218870309433556,0
29.464073620125,0.781151454969389,1369.6668482155,284.643347184633,2018.0219455444,77.4288310366521,536.716878304017,0.0731791728089427,1.72939208873503,14.5434747893737,13.4476987863688,6.14058383407607,3458.05028532568,84967.7599994512,1956342175.2173193,2048605150.008874,0,0,0.3215256928333902,0
29.4759955415827,0.753080858337103,1369.251378606,281.664468133449,2018.32500556247,77.466479882133,535.427125281684,0.0740312438230123,1.76551317283597,14.2615470446868,13.5688316707036,6.12667178808364,3455.02978024448,84915.4471063294,1946538358.8837705,2050516592.822115,0,0,0.32121300270436765,0
29.5109496118814,0.728748893143427,1368.65936035389,278.592336673694,2018.38771958727,77.4952413769608,534.031315952043,0.0748400692339087,1.79955169815051,13.9710696283718,13.689800587879,6.11300875329915,3451.51793274656,84867.6447657919,1936436640.8960092,2052439536.9655063,0,0,0.3209503425295329,0
29.5558880389088,0.707527238913299,1368.32335822481,275.518545818381,2018.84261749981,77.5394534586626,532.695733474643,0.0755929831263494,1.83205020583875,13.6770108503122,13.8142375831506,6.09934376668768,3448.6017584428,84784.6140179757,1925749776.9869964,2054343424.4979298,0,0,0.320657991422596,0
29.589382796417,0.690701223432825,1368.73700582201,272.551019635823,2020.39889179995,77.6264506994729,531.612848570192,0.0762283852669634,1.86340950275746,13.3869221655266,13.9480545853357,6.08534497736612,3447.5140757832,84618.629784169,1914119526.7283075,2056174677.6215372,0,0,0.32024198751244304,0
29.5982525863575,0.67839108599061,1369.86759338127,269.708714172187,2022.99246094123,77.7537249928318,530.773041909201,0.0767333793253502,1.89347018226575,13.1058034603753,14.0933009536976,6.0709427642755,3448.17854960579,84418.2301839525,1902683596.7942884,2057934293.3745415,0,0,0.31986298144469977,0
29.5857450722146,0.669421104740003,1371.21489727646,266.918948642137,2025.88593115852,77.8927834361724,529.983813465224,0.0771586128412997,1.92211315635602,12.8332321372898,14.2467045572717,6.05630946642204,3449.35725796353,84215.4945914737,1891550836.0479212,2059628356.7883594,0,0,0.3195258909996009,0
29.5532492814183,0.670816343416554,1370.7205076477,263.896252522534,2026.0405000782,77.9260580933875,528.464846937946,0.077451633910261,1.94612265681008,12.5896403187126,14.3873224651623,6.04292137533197,3445.96923942161,84340.835732719,1885676965.5040262,2061265856.0337496,0,0,0.3200087662501359,0
29.47893993247,0.695358138136792,1363.72780089622,259.985438569605,2016.57593530203,77.5873447868081,524.482104029935,0.0775860910798154,1.95595431453028,12.4575550755347,14.463004386925,6.03472900780713,3426.52653410027,85313.448739029,1890978299.4203146,2062875925.9508722,0,0,0.3221712015510869,0
29.3401782441752,0.733857640820864,1349.32429529535,255.002680375612,1996.16870575777,76.825458131679,517.7442524324,0.0778845954839048,1.94769661987007,12.5077833915255,14.4510969357956,6.03348939775783,3388.78889999716,86710.7855064977,1896368510.9083462,2064452765.4056218,0,0,0.32412574971110103,0
29.1403192060499,0.777566964343411,1331.77967549478,249.531229167666,1971.15674202074,75.8853153340757,509.886847690286,0.078342494866656,1.92564583219526,12.729947207906,14.3774761822715,6.03735348843315,3343.33144003846,88205.838608333,1899389368.6589324,2065976778.602392,0,0,0.3255614472020817,0
28.9052190234163,0.878393665151266,1316.52339348402,244.524038945329,1949.53196968357,75.0747007124899,503.062009508263,0.0776049017252868,1.88628579225845,13.1316878077761,14.281437933155,6.04503902212181,3303.73885890332,89632.458051801,1903804218.8909595,2067432850.2042816,0,0,0.3270468739857411,0
28.677505135866,1.19994404197624,1307.47320105054,240.931054650582,1936.95041293724,74.6096099220911,499.112766379847,0.0731477637707269,1.80481727750885,13.8689902814438,14.2107562799978,6.0582664152428,3280.07835663646,90883.6672563768,1914310686.1092176,2068825755.9544268,0,0,0.3289148178845358,0
28.4803792414324,1.84330270812803,1301.53357685865,238.426850261432,1928.72522848643,74.3079215643177,497.116678136253,0.0667630600512421,1.66505869583,15.0530157914792,14.1848239083401,6.07877223197172,3264.82688388131,92066.784505255,1930230431.4343033,2070174868.7555065,0,0,0.33075132170217275,0
28.3045864413267,3.42167299553394,1294.22971412581,236.198651379115,1918.23035030621,73.9115089321847,494.836157596968,0.0135448255648329,1.38159429179738,16.6239286667167,14.2580686862049,6.11317855809483,3246.45018938241,93229.9955699209,1946082536.608136,2071522301.6294823,0,0,0.33166995870657684,0
28.1928197448666,7.1721128528296,1322.94226536746,239.475631740123,1960.8894374045,75.5356156874267,505.409234629918,2.49069254271015e-08,0.598872082938363,18.3540272045684,14.7371060581745,6.19195316729786,3316.83030187661,103999.457981434,2216897374.0595355,2075498257.3460064,4,2,2.8043332541534616,3
27.9751206055042,14.4082298986082,1297.3197329128,236.668385347764,1922.1256241606,73.9849211491637,493.73887131021,1.7822194947002601e-09,0.111894537070798,20.310365873733,14.6049964159708,6.26075210218862,3252.03706538466,106364.060034434,2236951031.348113,2079357190.622057,4,3,2.6344115749347927,4
27.6706155077036,23.1230017456223,1281.25229399274,238.212196301921,1896.62926398059,72.9313396434968,485.342693362372,2.5196380154473597e-11,0.0245658219576516,22.2285731584382,13.9809919733671,6.30265504528583,3212.08686409224,108925.151940597,2284731061.3381743,2083343603.5707188,4,3,2.7264694473809836,4
27.3227888399348,30.2625976774438,1261.92647584406,240.911649375083,1865.69032987641,71.661902845473,477.24268011422,2.61017540885607e-13,0.020560186539356,24.0693126280877,13.3049475428407,6.33862756225533,3165.61975686928,111390.69569456,2330039800.298732,2087399812.7938664,4,4,2.830807464876821,4
26.9870167832857,36.1966904973773,1243.1788217537,244.362655963349,1835.41403275112,70.4206291560106,469.934184579858,6.49961875150197e-16,0.0175115045632418,25.7083519432146,12.7158855239475,6.37007208511978,3121.24966873759,113131.289063871,2362284877.1677084,2091474029.3827045,4,4,2.9069580285807897,4
26.7282246121631,41.1044660195643,1232.45054228991,249.047362559604,1817.24127849851,69.6516670099768,465.655395179521,9.75829351868914e-19,0.0127859763038484,26.9214790754964,12.2464158449103,6.39506279822467,3097.01119867186,113694.351863883,2381774691.3589764,2095587218.8941514,4,4,2.983186505960939,4
26.551829309564,45.1525777520024,1229.13387031085,254.944891197735,1810.29812013771,69.3183220663982,464.061333301915,6.95453779126893e-22,0.0075918534444795,27.7143348995672,11.865727138427,6.41536123537612,3091.4020819846,113853.415995233,2404044186.5643253,2099763303.412651,4,4,3.064658530934603,4
26.4220271776447,48.6417993965875,1229.22515461813,261.78137454733,1808.42914969784,69.1798839021394,463.628498278744,2.3478211782385403e-25,0.003646294042071,28.2540677460211,11.5264990087098,6.43355316628983,3094.5150987169,113833.70918976,2428709614.335872,2104014877.6244764,4,4,3.14022334593312,4
26.3299187112131,51.7920018206079,1230.46102366265,268.92892293006,1808.18675389685,69.1049643906225,463.502332695081,3.18061745117802e-29,0.0014085390804661,28.6432317219824,11.209940842388,6.45064200776171,3100.43243606214,113679.551172438,2452204487.0401278,2108406680.109909,4,4,3.2078867263428115,4
26.3008266360028,54.7608790819949,1232.38474893696,275.32126356314,1808.95395761482,69.0766231463218,463.547935050501,2.27506860422472e-33,0.0003327230971554,28.9322983082324,10.9116026495228,6.46687110013042,3107.35840946065,113420.440113349,2471167662.435777,2113003421.5922546,4,4,3.2693732501667143,4
26.3409285348311,57.5896286404931,1235.05319494392,280.674199397746,1810.85783109904,69.1016541056634,463.795249273692,-7.174737573912129e-36,4.69120487835342e-05,29.1365937960895,10.6296933701294,6.482401956403,3115.26178213241,113062.528755616,2484866696.107058,2117736815.5065796,4,4,3.326213459554844,4
26.4294759216817,60.2850409716022,1238.54692772816,285.512481485403,1814.01061465411,69.1798038577256,464.262810967626,-9.577595407248151e-37,9.3952787782162e-06,29.2552038024476,10.3619854276292,6.49741653150353,3124.70843255437,112629.330509526,2495644700.0946403,2122559280.5946295,4,4,3.379402785552139,4
26.5410349724635,62.9246225809634,1244.77688873275,290.402391641923,1821.27119831725,69.4167821404135,465.753746628239,-6.49302972345826e-37,2.43606464253758e-06,29.2839240800907,10.1225351159724,6.51120660387919,3140.71888912521,111679.084712423,2497715442.1990085,2127389861.5730479,4,4,3.4261810368220282,4
26.6444489226164,65.7057357290839,1256.91706444184,295.857630224441,1837.36936070775,69.9910330204023,469.535328765431,-7.56019135253217e-37,6.67549534889042e-07,29.237686292947,9.93613424552746,6.52253926252991,3171.25792089633,109932.998507629,2489750326.9010997,2132144156.0431077,4,4,3.4659642103841115,4
26.7275978245683,68.7424279196355,1273.55947151352,301.772477179501,1860.18508371385,70.8199742533779,475.06877592388,-8.45932181311618e-37,1.91775463348903e-07,29.1579950689288,9.79165791971371,6.5319396905377,3212.87480340787,108111.911592263,2485508712.617356,2136851792.1652431,4,4,3.500367164916289,4
26.7172328016517,68.6140685026124,1232.41328066268,300.417138493192,1797.35432591403,68.3533563268677,461.972793980221,0.0138455163972179,0.0195736919239349,29.7723762775077,9.34430051830157,6.56249642423678,3114.07848197535,97198.9595814832,2191612955.6683965,2138483280.8903074,0,2,0.6012774833174729,0
26.7735809303851,53.553291659223,1240.62151683556,304.688030409477,1808.38178627989,68.749099123004,477.59558549245,0.0258134914153841,0.0876307107613997,30.0257410403675,9.32758138226458,6.5873263988399,3143.13312915501,95917.6518432222,2183590535.036727,2139972412.3929367,0,0,0.5043027464316726,0
26.8430178804393,35.8604142336686,1254.72808981121,308.772239600335,1828.55923142352,69.5104287628434,497.582233860342,0.0364775552895208,0.166736914847981,30.0491642209121,9.45370141138174,6.60481605332259,3187.69474108654,95264.7723358656,2194169070.9191046,2141450982.5758865,0,0,0.5251723237069297,0
26.9045850232152,25.0718041100627,1264.37547702234,311.548707114454,1842.36384569054,70.0333757196008,511.272630943106,0.045996955082506,0.266100576146053,29.7695821511138,9.56666071044619,6.60422498856719,3218.17365730684,94843.3734658124,2201211000.0155807,2142890629.0626733,0,0,0.5300769432727241,0
26.9558849604968,19.7418551553171,1270.05392680706,313.318050778952,1850.36365027111,70.3361179379583,520.180411156092,0.048362520693678,0.353590182313776,29.3381652263829,9.64374180628511,6.59597265696951,3236.60199771526,94508.7378184235,2203295153.3849087,2144256010.8412678,0,0,0.5084779940317344,0
27.0008066247724,16.9592992886885,1274.41231799077,314.644712225644,1856.41975663467,70.5656171912913,526.910022989499,0.0493949557931341,0.426943878216618,28.8617502864691,9.69528033835319,6.58649165775349,3250.57741495815,94104.6391899119,2201112886.651963,2145498966.5371952,0,0,0.4748801750618124,0
27.0445167279527,15.3994304474309,1279.99519572379,316.062052538121,1864.24415304017,70.8651669159596,532.990231555586,0.0496463307592805,0.486298805581135,28.3641040116815,9.74887253921518,6.57712787004267,3266.81233004037,93499.0863644421,2195438042.9418893,2146568891.6203527,0,0,0.4413196434384966,0
27.089082066264,14.4620972909227,1287.17310268725,317.718885148764,1874.3603314939,71.2550402522662,538.873356837878,0.0495181568185222,0.533133004858014,27.849509210664,9.81662800294491,6.56807714713966,3286.45937698126,92894.9784722113,2191706734.2009435,2147493221.0523677,0,0,0.4137768767999411,0
27.1330024343419,13.8093192337604,1294.80001649236,319.41536679873,1885.09970583019,71.6702569102965,544.388720656443,0.0492444635651814,0.56979192172124,27.3251659595965,9.89442440015373,6.55958061963952,3306.83881479382,92366.4614624128,2190036830.7297783,2148304157.531053,0,0,0.39306796839599134,0
27.1717022128883,13.2634749860611,1301.38013813694,320.862807784241,1894.30428978262,72.0270693078432,549.146964715204,0.0489585477391241,0.598546592373935,26.79531716473,9.97138454129782,6.55200494362252,3324.3512123389,92054.7159722751,2191652580.2891073,2149058077.287664,0,0,0.3779553513397932,0
27.1958367525461,12.7725211108852,1305.12231708625,321.729893476362,1899.41120364231,72.2265815782462,552.510547028233,0.0487581480525693,0.621219388591149,26.2555615411956,10.0317394531744,6.54589256517303,3334.61497848222,92098.157710447,2197362792.7989006,2149827294.5075936,0,0,0.3667072735805464,0
27.2002317004251,12.2983538427997,1305.90356071597,321.934895373493,1900.28962302566,72.2639814372778,554.475277949754,0.0486726319999874,0.639480372708218,25.7060305475739,10.0719361608873,6.54128657577347,3337.3514832151,92284.759969523,2201835586.7215486,2150598357.4738927,0,0,0.35739078356824877,0
27.1879767198268,11.7889874576101,1304.94792081044,321.661400487845,1898.72433208876,72.2081085007058,555.60031510267,0.0486856473503354,0.654485872415007,25.1548151795464,10.099905191565,6.5377882182759,3335.62836883112,92517.0460161099,2204414107.666367,2151349486.5386353,0,0,0.3486692652409506,0
27.1744905344691,11.2356903041199,1303.27362537283,321.129635701641,1896.18383658296,72.1151178549905,556.349849437461,0.0487820340613565,0.666987848920071,24.63401618572,10.1222602978389,6.53503971393928,3332.0318271248,92751.22441312,2205703329.1755705,2152041046.767388,0,0,0.3405409627416086,0
27.1949420419056,10.68801816474,1301.54419386772,320.521997814811,1893.65696887665,72.0222273322868,557.014829988436,0.0489352251373691,0.67737966692662,24.2251459077921,10.1431343843582,6.53279339592264,3328.29870493527,92955.2254345262,2206324997.1493654,2152630366.412952,0,0,0.3342113111826849,0
27.2667061885728,10.1876487954422,1299.86367179916,319.903352906922,1891.30521555095,71.9351879777508,557.632291540005,0.049129690983709,0.685764525955306,23.9683272210901,10.1635133201869,6.53094728885813,3324.72911170642,93152.7257081674,2207249958.7501945,2153160585.0098567,0,0,0.32838748609744073,0
27.3758885550831,9.73900664030655,1297.9777470033,319.240818309856,1888.73347354237,71.8389958347442,558.089124484442,0.0493704623277311,0.692461612611883,23.8285456599851,10.1823126425601,6.52944325552392,3320.6689441786,93350.1229652962,2208189411.577361,2153674479.7471027,0,0,0.321724877257123,0
27.4967804357516,9.39106789683314,1294.71457136262,318.361998484905,1884.17052754541,71.6653554639024,557.863942764909,0.0496708892411857,0.697382641074517,23.764525272027,10.1901035545392,6.52859629541523,3313.13366927492,93766.3113329963,2212564601.6900496,2154242537.4375443,0,0,0.31606382976425174,0
27.5949103166347,9.27312855666496,1287.90401679309,316.912564784927,1874.35301033062,71.2877287646048,555.983997480007,0.0500403284549183,0.699522567485381,23.7685321835789,10.1675463423295,6.52925166178317,3296.58067528888,94632.3774935436,2222590688.052064,2154938824.9756975,0,0,0.3124168128692627,0
27.6533000258034,9.41269333766237,1277.64210813478,314.843508992405,1859.40692214106,70.710628552959,552.499703367999,0.0504580104833274,0.698384250627302,23.8481578885381,10.1135438949347,6.53153552301329,3271.19355127397,95618.5729680803,2230268094.5519166,2155708975.3961034,0,0,0.3084796083604717,0
27.6826424191135,9.73144668623661,1265.92523292952,312.461148301043,1842.30492645316,70.0488665870145,548.310585995387,0.0508940470042054,0.694249488332875,23.9996946390664,10.0428061783078,6.53485360248467,3242.0312029014,96584.7781466988,2235018433.0683007,2156500902.583255,0,0,0.30374058604687215,0
27.6936448451722,10.1719377326937,1253.39602625456,310.104727214144,1823.9523285384,69.3367442877768,543.682467082024,0.0513745557267524,0.687242976624004,24.199752771166,9.95732923512579,6.53910156456811,3210.83920839961,97690.0392278281,2241980888.374324,2157295446.5626493,0,0,0.2996926356915092,0
27.677611423079,10.6765058023828,1239.04658555292,308.141399197222,1802.68971702769,68.5083986357825,538.109932795855,0.0520025161340172,0.677598033837489,24.3994716079275,9.84466847155044,6.54472766823459,3175.27341251289,99102.3446550859,2254696929.571209,2158103997.511537,0,0,0.2969055562271309,0
27.627389975949,11.1901794065196,1223.00481047018,306.769986635454,1778.63174150463,67.5675562075302,531.649862341042,0.0528242530610583,0.666358255679985,24.5741858516245,9.7045214464463,6.55164353354222,3135.72001171962,100552.5115312,2267498889.910837,2158959866.7226195,0,0,0.29399862056675913,0
27.5503588941983,11.7033450550334,1206.57584509841,305.932607295959,1753.79088779871,66.5927173047763,524.948356414019,0.0537883375439762,0.653978855942079,24.7393758596794,9.54849178629932,6.55938995429845,3095.39312448,101939.539208937,2279396225.1256175,2159882838.7502103,0,0,0.2907612534836197,0
27.4466210021973,12.2148433106817,1189.94669392877,305.261191385515,1728.57506383793,65.6006013623662,518.151444598849,0.0548793825749913,0.640171460609119,24.8770830136124,9.37731222786469,6.56800235898688,3054.62867652136,103433.63038799,2293314758.9685802,2160903463.9563327,0,0,0.2880624574486351,0
27.2954879787772,12.6428937095482,1172.03587619167,303.99659823629,1701.56126597265,64.5375057062774,510.833888557265,0.0561763050830714,0.625080078073871,24.8884602674271,9.18140442301298,6.57783709023538,3010.4558379962,105173.820155786,2308435050.6332693,2162031631.4998393,0,0,0.28615589636107924,0
27.0904177067614,12.9147667279236,1153.13106008731,301.956730288131,1673.23107616458,63.4226340547053,503.143507612264,0.0577004107309301,0.609753966044026,24.7315330637909,8.9644040336693,6.58863323709759,2963.49543095763,106875.219404913,2317843751.651837,2163198772.7756944,0,0,0.2841028039381933,0
26.847966779702,13.0485288745927,1134.68319980919,299.654162823837,1645.63596190946,62.3347012817193,495.708465601965,0.0593733724107349,0.594559717340969,24.4589898964918,8.73948384767417,6.5998575496344,2917.5232416588,108442.485844329,2322771271.3684316,2164354627.5062346,0,0,0.2818817708148527,0
26.607003407365,13.0242403374228,1120.04779092836,298.008202526984,1623.6404184587,61.4622749886523,490.033900305691,0.0610064792637219,0.580175037395372,24.1419488364319,8.53372260287765,6.61040554244033,2881.21786417404,109280.700006318,2317731011.732082,2165370145.8069043,0,0,0.2789609034580517,0
26.4302880340308,12.7943302405916,1113.23884034568,298.082290859419,1613.11656866527,61.0351592587279,487.959911199645,0.062321285671611,0.567399174197508,23.8531604712326,8.38193928863054,6.61883915297412,2865.00947067996,109032.218890383,2304044059.782101,2166131595.9215508,0,0,0.2756854752136946,0
26.3277558263852,12.4238957625083,1112.80421006528,299.71936565739,1611.91327342853,60.9711877639979,488.836213546749,0.0632852664733097,0.55606273413874,23.6018642863094,8.27937852708365,6.62529868173551,2865.28141971902,108497.662263435,2296726364.365919,2166741273.9599075,0,0,0.2736728545381975,0
26.2649062126017,11.9948665360803,1115.17033713528,302.086771755605,1614.78753316218,61.0664137865,491.02010423928,0.0640241738410561,0.546724153813112,23.3494372490021,8.2027240915338,6.63052957418263,2872.81765736555,107869.744266138,2292870465.857931,2167263171.2422767,0,0,0.27224330189873697,0
26.2176410809892,11.5527063942209,1118.31262558179,304.574012086536,1618.80568869046,61.2061795763297,493.570171332187,0.0645903647660484,0.539738650789107,23.068424541886,8.13855734833986,6.63493521493272,2882.32032602201,107326.924858655,2291885495.2510457,2167771433.8263535,0,0,0.27107620060758114,0
26.1759768165791,11.1412222085129,1120.87895312739,306.681489148955,1622.05048469794,61.3154824999422,495.861570328574,0.0650243535854273,0.534936934402825,22.7463822361972,8.07771132520929,6.63883876581462,2890.22408362573,106984.919096936,2293153062.8202105,2168338229.2215533,0,0,0.2699776393709469,0
26.1411674444882,10.7593919690686,1123.01774936584,308.363339084231,1624.76694753927,61.4037786126445,497.956166768916,0.065330180325865,0.532210176641457,22.389332956605,8.02136977222096,6.64219547036656,2896.87307948459,106646.50960502,2292546091.0957823,2168936080.310323,0,0,0.2684389663992834,0
26.1184456015828,10.3878477288443,1125.45491234011,309.869341897547,1627.99473937021,61.5119078510668,500.176839466092,0.0655015014894716,0.531259598166212,22.0134267891646,7.97446197751812,6.64485884547266,2904.16990369772,106285.335092272,2291146380.520836,2169553775.2264543,0,0,0.2665977209072256,0
26.1115027884727,9.98462182305524,1130.41559746475,311.654517387063,1634.95832888199,61.7639078698472,503.531703425233,0.065466325065334,0.532313377840535,21.6426754554213,7.95284537253836,6.64622739969105,2917.7573280519,105407.23528041,2282188188.725653,2170200647.649184,0,0,0.2638134275746012,0
26.121325271727,9.50723870075449,1141.20194700261,314.305481249321,1650.43370824482,62.3422187720079,509.515415621418,0.0650729073045112,0.535682382051886,21.3086894528713,7.98159397988807,6.64534119239775,2945.93200888175,103722.399102007,2264551005.1914334,2170884272.226134,0,0,0.26018117820527076,0
26.1446189284145,8.99742260934442,1156.61061240216,317.656276456929,1672.62731189499,63.1777285118194,517.570863236769,0.0643794998433358,0.540699003635957,21.0154212991151,8.05416765705115,6.64249343986248,2985.6483075804,101995.992919318,2252495129.8835106,2171600344.271066,0,0,0.25727900500688555,0
26.1774348139634,8.51474239902556,1173.18350086079,321.113179530521,1696.50217124675,64.0779276532124,526.121084992062,0.0635686331334968,0.54730462497667,20.7466981960052,8.14678126873966,6.63853767897035,3028.19268902624,100418.810234949,2244497433.4343734,2172346327.3681645,0,0,0.25469750940445424,0
26.2233696850784,8.06060720289759,1188.34441932498,324.18721514686,1718.34212176673,64.9007768274591,533.989357268037,0.0627774387773671,0.55557064882604,20.4986083787654,8.24104233964504,6.63411600690679,3067.07170952309,99213.4831159025,2241553476.8765078,2173179157.124107,0,0,0.25236521299714565,0
26.2974644831189,7.5813387256728,1199.91395760208,326.43207173257,1735.03815090151,65.5268774383787,540.169843895495,0.0621733297736857,0.56567324725611,20.2866495191125,8.31948218097902,6.62981893012523,3096.79348984327,98537.3493951268,2244138505.580849,2174175978.488318,0,0,0.25022986318014623,0
26.4046659773303,7.04697378804278,1208.15974200545,327.85700004785,1747.01746325737,65.9724290848662,544.766842234067,0.0618060485978564,0.578327929490012,20.1196237591711,8.38059658468855,6.62559306033323,3118.02922254378,98054.2583073157,2245295010.395812,2175301132.793955,0,0,0.24759121143301488,0
26.5347280855497,6.48555793261499,1214.76994615726,328.792290436613,1756.71594806311,66.3308510780172,548.534884142349,0.0616060456111031,0.593372031048399,19.9891963221942,8.43377860965993,6.62111016548693,3135.03247628664,97653.2017387985,2245262694.3993444,2176520390.311041,0,0,0.24466946266762257,0
26.6740185277974,5.92896907060626,1221.12608148782,329.475598944925,1766.08562064315,66.678021073944,552.095586637986,0.0615190958943109,0.610274554167681,19.8700885252958,8.48726520860485,6.61613821150438,3151.22430559392,97206.4831426805,2243140790.257951,2177779844.0901027,0,0,0.241577093938365,0
26.8082428943674,5.38448440005663,1228.38399095297,329.984943918913,1776.72023797996,67.0778575932243,555.972853590182,0.0615203984075472,0.628869247352906,19.7145886196297,8.54859835467978,6.61041495242296,3169.34357934191,96615.0537032517,2237843986.763733,2179007553.705459,0,0,0.23840887751501083,0
26.9324858092976,4.86825243984908,1236.38168855798,330.259001692586,1788.34341893533,67.5207581800316,560.079638678858,0.061620220360719,0.648977651707248,19.5032540443242,8.61645827143583,6.60399317129186,3188.91210997987,96044.9537330068,2232782506.540979,2180202053.806431,0,0,0.23558371047106744,0
27.0510885284475,4.40014047242048,1244.14929723514,330.219403230312,1799.57285321537,67.9521765993128,563.960561322558,0.0618366280681683,0.670389634103594,19.2556766268151,8.68405948817851,6.59714698392786,3207.57116655485,95550.281519311,2228114255.5734916,2181367364.0637374,0,0,0.23302698105886938,0
27.1667911605718,3.97908988581933,1251.92906365693,329.969678663064,1810.84751879903,68.3865731513108,567.734955065417,0.0621381253443353,0.693260048382303,19.0033580522632,8.75355291117749,6.58978558684261,3226.0614098142,94964.4332161788,2220634438.843408,2182487152.082789,0,0,0.23035213907560348,0
27.2782237050032,3.5955275584556,1261.15589251607,329.759264236785,1824.39718004521,68.9065064411344,572.085357100242,0.0624426557628352,0.718018926675747,18.7843145938344,8.83657037520688,6.58141587633914,3248.14597809971,94129.8187525911,2208899455.0889087,2183543315.846039,0,0,0.22744229592765808,0
27.3849774267028,3.25298208794003,1271.82022656537,329.593193188166,1840.2473210164,69.5120730024922,577.010073936294,0.0627102929695722,0.7444499429086,18.6090005788389,8.93483722150105,6.57198232432445,3273.84346284002,93286.3823406522,2198506843.9168386,2184543427.0536923,0,0,0.22486560482608317,0
27.4881567836353,2.95405033033165,1282.72812081903,329.284097918477,1856.58842581733,70.1352892514843,581.946861503674,0.0629672018763576,0.772220789520264,18.4589670432358,9.0407602639035,6.56181300673807,3300.0831316799,92514.5611656661,2189575729.5488653,2185491511.0758595,0,0,0.22256864651613237,0
27.5853319836075,2.69656020617122,1293.55739029712,328.799636323895,1872.88613186192,70.7571547975061,586.741722619225,0.0632007269042451,0.801362685208538,18.3079727165444,9.15253583467807,6.55098512469733,3326.00652473053,91743.5047644332,2179955192.8701563,2186395721.6620173,0,0,0.22030028733974932,0
27.6689507053831,2.48406601027054,1304.92027423716,328.297073559679,1889.99392231125,71.4113876458413,591.684688544218,0.0633130109081812,0.831592840801058,18.122776705163,9.27569101542281,6.53934406734109,3353.16703204843,90893.1322897746,2168650604.085833,2187324075.2261,0,0,0.2179724826712966,0
27.7362108096189,2.30893427446959,1316.91474783611,327.821121246528,1908.04042600207,72.1033115132628,596.832934954188,0.0632810189988853,0.862151334239569,17.8899112642216,9.4123740642712,6.52692303363594,3381.82710810245,90060.3443831192,2158121804.7636647,2188303509.4195104,0,0,0.21584418497727634,0
27.7911461673646,2.15678369752651,1329.0194331795,327.263461842945,1926.27332299451,72.8039935178812,601.946925542887,0.0631792087374591,0.893074319546839,17.6211796164694,9.55907413097025,6.51385401615634,3410.66438496935,89284.3890957644,2148566086.037199,2189326008.844116,0,0,0.2139294832730913,0
27.8369392671734,2.01676157180989,1339.88554788451,326.356200623625,1942.73870799003,73.4382273540502,606.396748270597,0.0631279973004738,0.924561915875228,17.3270176396219,9.70491738210786,6.50053041270638,3436.25382212139,88762.0346618419,2142839762.1314738,2190405921.608087,0,0,0.21248322228853941,0
27.8699844837156,1.87656099734426,1347.05775494496,324.622629119046,1953.87504550237,73.8688652231819,609.039240022705,0.0633397090203623,0.956695614678167,17.002488708234,9.82869670055807,6.48778497964505,3452.36643986962,88720.9183479612,2143015349.6651566,2191587154.637527,0,0,0.21166303160841465,0
27.8846420381838,1.73030390873611,1350.16882674749,321.973752782702,1959.17093349011,74.0756585170762,609.699094309946,0.0639178511302818,0.990712302786402,16.6429976214387,9.92319689099159,6.47576875080668,3458.07423320028,88873.1300063421,2141598745.6013896,2192830868.038509,0,0,0.21074921115620374,0
27.88101444356,1.58300099186148,1350.97133645315,318.748892651455,1961.18635955418,74.1564900743931,609.189494760794,0.0647827819336658,1.02714588365046,16.2543698386612,9.99878500980427,6.46402683430056,3457.837081333,89071.2064915231,2137528622.6459355,2194105559.4595456,0,0,0.2622104711356378,0
27.8688485925665,1.44270784161591,1351.23128412682,315.318325516798,1962.47949454683,74.2099388243216,608.341970970125,0.0658153597786115,1.06526322461106,15.8471778380928,10.0680445977625,6.45217981282803,3456.15818577812,89200.3218666557,2130674445.1745424,2195398036.6282954,0,0,0.35978040545814755,0
27.8702232381356,1.31600388078317,1352.20454203086,311.94526203899,1964.86038919355,74.3071703801037,607.763713307788,0.0669002580186687,1.10417457850004,15.4337771290984,10.1429669687016,6.43988248777347,3456.24218351769,89156.8217693177,2120489474.9414492,2196691792.4562926,0,0,0.43075275664497376,0
27.8984138609782,1.20494042202131,1352.07340408057,308.264166886496,1965.66128034882,74.3479653236381,606.661834129108,0.0681098266033308,1.1434707400222,15.0196005146681,10.2249963111625,6.42714490269428,3453.4736804471,89073.0432538667,2107534138.8526316,2197958347.180981,0,0,0.42862327731277705,0
27.9480073431473,1.10895538045778,1351.37265683708,304.454931331178,1965.65098770152,74.3602260792338,605.260937877675,0.0693868538449973,1.18245859176751,14.6025409331785,10.307719020489,6.41432962043151,3449.24358898747,89012.8830397209,2094286576.3281815,2199192960.3376055,0,0,0.4032815871527624,0
28.0047405024696,1.02954524033536,1350.57487541561,300.61740229798,1965.51512089601,74.3683982804575,603.762037335942,0.0706389543580823,1.22021674760766,14.1922831466126,10.3907171014185,6.40159137188704,3444.74358107619,88903.278127892,2079747913.8417225,2200379471.3436084,0,0,0.3818663873579693,0
28.0497430276429,0.972277698515558,1351.24595148027,297.008053747907,1967.52478347736,74.4571056510947,602.869300492108,0.0716193731232124,1.25539341748136,13.8252247510177,10.4827778812039,6.38877446414062,3443.89240124888,88643.399035589,2063793817.1319237,2201498759.2802186,0,0,0.3703104547571182,0
28.0747044701392,0.933199651481364,1353.19203257917,293.553299775087,1971.38536184585,74.6144290081177,602.507527421412,0.0723130637628974,1.28655044385307,13.5219483836969,10.5878550136279,6.37593083735671,3446.16713914338,88345.71418223,2048743475.3570275,2202563395.9101486,0,0,0.36716159825536726,0
28.0852232247519,0.905097004445436,1355.30748161569,290.062953724941,1975.48568341122,74.7796014970599,602.183064336757,0.0728596758443119,1.31404391175683,13.2691213207872,10.7012848507829,6.3632106052113,3448.78828885771,88062.2602302877,2034253895.2415285,2203582325.6429143,0,0,0.3670300547589517,0
28.091094133744,0.881300545292593,1357.33236228226,286.537488405226,1979.46190535341,74.9397109502833,601.775756478599,0.0733638822713696,1.33945367449006,13.0477619499845,10.8210025051587,6.35047010695205,3451.14865511193,87745.7590202295,2018954241.4624646,2204553205.4812007,0,0,0.367426665729537,0
28.1037865292605,0.856179378150228,1359.78481011059,283.153336468914,1984.09677807595,75.1255031285307,601.511760888056,0.0738791026792636,1.36486939495228,12.8469039300448,10.9505820904527,6.33723615960146,3454.64037095266,87328.6977279382,2002217083.427274,2205470888.363481,0,0,0.3671538772895646,0
28.1291392807422,0.830266391096648,1362.73813427461,279.96802086444,1989.50825133756,75.3418983333536,601.417793631273,0.07438376827936,1.39137024049228,12.6618928800876,11.0913366042769,6.32327304446258,3459.48869963495,86880.6270577297,1985852694.5071454,2206337233.1313233,0,0,0.36630605375629904,0
28.1647584610694,0.805077350524772,1365.72802945279,276.874962516719,1995.00735906254,75.5625301301865,601.286082322308,0.0748741884935727,1.418886270274,12.4911511550124,11.2405710216709,6.30870231275195,3464.49411846181,86438.9296634439,1970006663.532092,2207154481.334284,0,0,0.3650844658925867,0
28.2094679231048,0.795965033439766,1366.81568450745,273.568715054657,1997.73163085907,75.6778777654757,600.284528090604,0.0751574288478945,1.44389556013966,12.3354284679003,11.3830591950827,6.29473689093253,3464.787423736,86329.7438788916,1959569953.445407,2207924199.958673,0,0,0.3645828098515892,0
28.2696916077456,0.835048628137452,1361.99076214333,269.56593643127,1991.77341250405,75.4621386818533,596.748725535834,0.074839715761985,1.45606344660147,12.1994569216219,11.4842180375732,6.28455258708786,3450.45502601274,87003.6858692778,1959803003.7790492,2208641123.96241,0,0,0.365771463570385,0
28.3479495730951,0.91779239623116,1350.78412144007,264.937812386849,1976.43513287519,74.8884744184946,590.586241883038,0.0741373405808427,1.44923043390347,12.0870079702539,11.5339399302471,6.27968054653493,3420.48824512863,88013.9697148732,1959974790.4641273,2209303689.3744493,0,0,0.3666440225480294,0
28.4388957059385,1.03055194231903,1337.90207701824,260.459522376724,1958.62446088026,74.2199240751221,583.858646106473,0.0731792943282547,1.42634522861068,11.9962637007439,11.5525849299926,6.27880790364138,3386.71753642738,89077.6152016467,1959752536.0106814,2209932472.367697,0,0,0.36722833667716503,0
28.5384123495506,1.24349067675336,1324.88697104436,256.403965551282,1940.60862370394,73.5423516800041,577.298599262504,0.0710976838569558,1.38312510085015,12.0065697831341,11.5503790984027,6.28214411555689,3353.07110519293,90417.4713064154,1966311541.937708,2210583590.3161006,0,0,0.3687025501312041,0
28.6436136896058,1.80848059736318,1309.62300554027,252.688420218829,1919.30144790945,72.7366863932244,570.312109296234,0.0663695289065743,1.29691980740781,12.3907409263379,11.5204027046595,6.29365261838215,3314.64607295965,92406.236238534,1986146156.594317,2211331876.466987,0,0,0.37187750454882146,0
28.7492342312523,2.96521150918266,1292.26062327442,249.488855373358,1894.94059323852,71.8113753538456,563.136839025352,0.0608115446177443,1.16037455591268,13.3240695436405,11.4622579538836,6.31469507474732,3272.052319288,94648.5551878194,2011598866.4917731,2212179464.3321686,0,0,0.3749233602718592,0
28.8523809755491,4.98265463525959,1272.98705923071,246.663160431098,1867.78850091238,70.7776643314874,555.448560584356,0.0565940694835404,1.00847861087867,14.6932071260259,11.3646557905689,6.34046250222586,3225.37670954555,96937.9226143201,2037656505.202956,2213133359.838365,0,0,0.3642624464309144,0
28.971045398766,7.9836133959895,1247.2675040848,244.011738847809,1830.97671268052,69.3705015768781,544.721561733733,0.0545715172479671,0.879557253180776,16.263600440382,11.1896823412677,6.3668001806562,3163.10423266389,99632.2964400619,2065671447.261497,2211558089.767552,0,0,0.30904719259665725,0
29.1537574285378,11.5833525028862,1213.57313535023,243.371562799622,1781.70770470635,67.4693747975482,529.878517935851,0.0544939786358756,0.785164883150281,17.7406166444183,10.898399348336,6.39374661875203,3082.18045957196,103106.017613353,2105246813.5463395,2210186170.8321166,0,0,0.2717281038929081,0
29.4161629793636,15.1959033688328,1175.24586677837,245.964524517211,1724.67813315548,65.2479133847921,512.46765116203,0.0556873022468675,0.717105067732689,18.9683720616434,10.5092728522623,6.42187253740148,2991.35931490457,106740.852899894,2149840343.885594,2208781059.1919856,0,0,0.2536565369609499,0
29.7258459865274,18.5520077388985,1136.8013044623,250.992905556822,1666.86933871498,62.9811924913636,494.922770353322,0.0575916462614302,0.663614965310577,20.0205954543661,10.0724118233279,6.45087776010568,2901.45003774834,110257.688955142,2197102461.6774645,2207396295.248014,0,0,0.2436019681392479,0
30.0177033802252,21.2644561912939,1105.61260706852,257.398546249952,1619.61353950924,61.1131026105941,480.889032199531,0.0596957135633463,0.618973903944493,20.9508278806177,9.66027395277464,6.47839808787183,2830.02229312474,112463.981785588,2229579470.380896,2206013947.2606516,0,0,0.2421966606134367,0
30.2071125071676,22.7442684086583,1088.97825844304,264.293339023297,1594.06494615738,60.0780321569608,473.823645362611,0.061431036544842,0.581410566210953,21.7325521290919,9.34953813655487,6.50108647505085,2794.43452272325,112646.395243045,2239748579.321361,2204534508.593593,0,0,0.23960860765719413,0
30.2914083804708,23.1327743365231,1083.6823964549,271.318997215202,1585.4786813918,59.6940188703084,472.272796860225,0.0627118335553998,0.549287157438926,22.3835885294159,9.12980797663588,6.51942194880272,2786.67985516817,112227.779554393,2251088108.480477,2202941216.113553,0,0,0.2319414357968569,0
30.3206781139031,22.9291511332188,1083.63213272843,278.671843062559,1584.66448901051,59.6057184062826,473.377816010724,0.0637023610599809,0.522971117128751,22.9262682560695,8.95724214335022,6.53512547156044,2791.99124763123,111527.30657731,2263329154.5620003,2201218502.9909086,0,0,0.2262099498252821,0
30.3210756255377,22.3434834407863,1088.40882967524,286.415297569306,1590.95899115386,59.7888501769101,476.891802410554,0.0642846638024394,0.503170309301969,23.3348603442042,8.8341166912523,6.54781472381354,2809.33250478504,110162.745862497,2267941106.8086867,2199299092.7801642,0,0,0.22232512788320064,0
30.2997069658043,21.4834825790372,1100.00594184121,294.281719179649,1607.38436326875,60.3639497722228,483.729916914418,0.0642391567947323,0.489549102226936,23.5797733981888,8.78466516848375,6.55631087423386,2843.38829541955,107982.123651208,2262255166.007844,2197122920.9423738,0,0,0.21925770586850166,0
30.2599573075369,20.4647010260916,1117.08542212974,302.062797864428,1631.98266846747,61.2567209614946,493.255625816048,0.0636183348627459,0.480909392628832,23.6816464025627,8.80327642704073,6.56090916160584,2890.77981322599,105678.578268482,2257708703.508745,2194756691.8528075,0,0,0.21713845978904725,0
30.2041913977153,19.3489299119932,1136.65907270067,309.689880007463,1660.3058199658,62.2943566809735,504.034019563218,0.0626477826705109,0.47686298840518,23.6805658228486,8.86728005797111,6.56258912642238,2944.17607233354,103453.203637702,2254869749.284221,2192248619.4485326,0,0,0.2152110949177599,0
30.1290222344841,18.1722145839555,1155.59658579455,316.877459527932,1687.71680143591,63.2984972273916,514.573531707514,0.0615554438059474,0.476928010709372,23.595983358855,8.95113436938336,6.56248318414743,2995.76732392345,101708.710779222,2258541047.0256486,2189757219.49881,0,0,0.21349065315508364,0
30.0210771736693,16.9383282556712,1170.42328817581,322.990601583972,1709.10683425072,64.0753322651434,523.241271297856,0.0605861732581153,0.48060120163115,23.4162575721255,9.02400145862814,6.56195252160706,3036.69862315351,100716.420675391,2269966607.8429728,2187467805.758621,0,0,0.21191770824691772,0
29.8771195161938,15.6190744044657,1181.10457968104,327.840045447414,1724.45737584278,64.625530361956,529.983301163472,0.0598052622131422,0.487873424548828,23.1357634017578,9.08045517506432,6.56122926175446,3066.7537546909,99985.287796544,2278310624.4024086,2185309492.3397155,0,0,0.2096142161538124,0
29.7083908778218,14.2437254413003,1189.67882030001,331.770118194027,1736.77806039072,65.0635781834185,535.693866013308,0.0591525658681198,0.497985525522525,22.77982340327,9.13170151207221,6.55995739961463,3091.08023758651,99384.6865242761,2284157147.225432,2186273494.335101,0,0,0.20690695331470013,0
29.5334535538649,12.8831632903178,1198.07913874685,335.212578995645,1748.9270995369,65.4979719731532,541.239663608358,0.058572465558424,0.510171623435437,22.3979654522389,9.18910960427295,6.55779040799231,3114.65336319285,98681.267797956,2285699561.468527,2187337130.027099,0,0,0.20389057777576924,0
29.3790493000524,11.6158159789768,1208.23402044974,338.605268470755,1763.79009765405,66.0390021029847,547.521739277272,0.0579831392446946,0.523852891681208,22.0647822007921,9.26632429992411,6.55427136911908,3142.49652558794,97694.1427325076,2282197151.8513236,2188254089.2034764,0,0,0.20070530281747342,0
29.2535149972002,10.5096742596697,1219.73055164276,342.000596348807,1780.75625311937,66.6631661297498,554.345591353102,0.0573857532946568,0.538162191358092,21.8129047773897,9.35973870406963,6.54969147859562,3173.6492558962,96760.0662908556,2281210119.337141,2189087413.3630757,0,0,0.19803287437178135,0
29.1451740162773,9.5780695324021,1230.82569538714,345.127884485411,1797.21773796789,67.2706003937205,560.881836042893,0.0568464063336164,0.552795943758146,21.6196532733408,9.45472585402529,6.5447248728305,3203.65611973021,95972.6777756124,2282351948.552762,2189910921.646075,0,0,0.19573535903502942,0
29.049166007571,8.78255898686385,1239.91432601802,347.65118964955,1810.74038073936,67.7686209637701,566.355863205302,0.0564323687479449,0.567637491589175,21.4391619290198,9.53714537742683,6.5399990579403,3228.31258654179,95492.9220131121,2286868222.5693274,2190804206.3952136,0,0,0.19381617322935105,0
28.9786443044295,8.04090386649169,1245.37382627484,349.156863897942,1818.8032829663,68.0620174291339,569.962975350041,0.0562585649389158,0.582813137364417,21.1998560013697,9.59119397829519,6.53616811972382,3243.24412235823,95457.9756964667,2295199136.511818,2191843384.4532337,0,0,0.19225038121246338,0
28.9427601006075,7.29634519189932,1247.45579449443,349.578921147205,1821.7356792089,68.1639384123072,571.7988131901,0.0563752754434507,0.599126475770787,20.8709377466265,9.61576451709928,6.53318626220608,3248.95692903619,95592.4043189905,2300794309.9582458,2192979713.3673725,0,0,0.19053601770917417,0
28.9356936559009,6.56385836100537,1247.7023570043,349.225519972654,1821.87861035528,68.16314586556,572.603183066891,0.0567320728595313,0.616717388897216,20.4826122719977,9.62157913496981,6.53060764765076,3249.47885913676,95781.971880738,2303433039.6639943,2194160923.8771033,0,0,0.1887521581518507,0
28.9490001424194,5.90163950205342,1247.09379162235,348.423497687978,1820.7605171031,68.1162731039471,572.861481195453,0.0572532017510586,0.634903821678038,20.0913171247284,9.6159311879061,6.52824063946603,3247.51406451231,95999.2958028899,2304558150.717771,2195337023.569069,0,0,0.1870848839869642,0
28.9785528064701,5.37662440957401,1245.99546026321,347.444498340803,1819.00484518273,68.0440714739929,572.774422489793,0.0578243387143987,0.652347339468069,19.7734330062738,9.60223582514823,6.52615814812101,3244.24271856639,96231.4496107354,2305260657.3521843,2196460959.6581655,0,0,0.18558788646349908,0
29.0233935240205,4.99495786979587,1244.61326193612,346.431156724141,1816.93846165132,67.9575141526871,572.46941199453,0.0583610147100919,0.667498414031632,19.5586390160762,9.58253230336292,6.52453285798407,3240.30789754583,96469.191030901,2306032651.667126,2197546345.751349,0,0,0.18429124927022458,0
29.0832647533186,4.71444898129487,1242.9822185719,345.355125925597,1814.57090487733,67.8579666728143,571.980196153061,0.0588661839560597,0.679863088494671,19.4170482718183,9.55782001827622,6.52342250515495,3235.74483297725,96706.8721106278,2306585214.577012,2198610628.115001,0,0,0.18322805820593357,0
29.1518658125249,4.52744646589326,1240.78074625293,344.030174500668,1811.38533517587,67.7278988108164,571.175647067487,0.0593200351138353,0.689367945286018,19.3053255194525,9.52733226973318,6.52289506896615,3229.61123189971,96985.4423107356,2306886560.152494,2199664620.1043444,0,0,0.18239143580666065,0
29.2115213943935,4.48333661344148,1237.60485575349,342.153509408405,1806.76906774635,67.5469558911424,569.919282676446,0.0595923649184841,0.694860284118631,19.1797116709475,9.48979655080477,6.52321752626686,3220.72326628268,97342.5090518195,2306402983.9219565,2200707099.1332254,0,0,0.18171265055030822,0
29.2537934260186,4.5749817298188,1233.66126798985,339.692380315927,1801.02476774095,67.3274954866078,568.355210251716,0.0596521451537608,0.695254597455782,19.0264082045753,9.44749222074103,6.52451581056119,3209.58270929201,97709.5631008082,2303550446.5899773,2201710229.21489,0,0,0.18107691577321053,0
29.2854941772984,4.74864660865684,1229.44587834513,336.880889776051,1794.88210475277,67.0956258821132,566.708524193893,0.0595941631745053,0.691550594513295,18.8614561580259,9.40343727586282,6.52654994788555,3197.55505680427,98058.6351842172,2298871487.642347,2202654834.1739,0,0,0.18053005857398988,0
29.3219171010604,5.02293426717396,1226.61121368679,334.324416621181,1790.75216413894,66.9404423858182,565.735706846222,0.0593291371408771,0.685109987199206,18.7453992599117,9.37056187801954,6.52861409185079,3189.04708804313,98086.411663288,2288931822.1105475,2203450326.0532804,0,0,0.1797566286940813,0
29.3877156846057,5.54986242815651,1227.98304701099,333.076880994519,1792.71637464761,67.0139237952381,566.769650556436,0.0585073502464932,0.674928225743873,18.8092027579883,9.37390898444277,6.52987284194456,3191.59418260195,97541.7778052984,2274339488.0093336,2203989376.052835,0,0,0.1786921672685957,0
29.4898812093805,6.38087627224452,1233.35576822892,333.289921134634,1800.42803301789,67.3021912172477,569.7404364372,0.0572111904321771,0.65955192605951,19.0959082099543,9.41593906988578,6.53047000296751,3204.78786241496,96856.4174043033,2265437778.806388,2204355726.930486,0,0,0.17805571913481236,0
29.6144229991359,7.433867265949,1240.40379871558,334.265787408159,1810.50225117802,67.6783148029821,573.550338854697,0.0558217547133726,0.641969766376953,19.5321262431234,9.47884831423791,6.53069821328191,3222.52807952939,96173.4174416835,2260821880.858114,2204624512.8449636,0,0,0.17768578596133233,0
29.7304471020674,8.59637039280325,1246.18334014033,335.236419691322,1818.63918512039,67.9804970954272,576.788255841407,0.0546118439643591,0.625341954416619,20.0147614790687,9.53743011987901,6.53110864055552,3237.15195322674,95880.5431871531,2264117700.9435186,2204855104.642559,0,0,0.17777527036807061,0
29.7785552304443,9.70832163833588,1246.89243576614,335.471012132914,1819.24331901996,67.9969111937029,577.632762110311,0.0538083836582546,0.611334059760577,20.4113506988426,9.55772595145717,6.53284427998222,3238.91848934885,96330.0056198777,2277456284.8778095,2205092181.260336,0,0,0.17836965568582536,0
29.7304382825085,10.6354288886635,1242.69694063332,334.984328851648,1812.58831085181,67.7376512818511,576.16512569052,0.0534039462963099,0.601265432098446,20.6589002865983,9.5367251159237,6.53586471593256,3228.26842628055,96971.5282795519,2287820191.4751496,2205303861.4849644,0,0,0.1784669797229719,0
29.6109210404791,11.3700976914239,1236.6057036051,334.302565826064,1803.13319122277,67.3714464507859,573.84208421883,0.0532148258397276,0.594183992255208,20.8011193902336,9.49668570305592,6.53940580009923,3212.9096331161,97604.165217926,2295062966.8852887,2205467056.7116275,0,0,0.1781984212987566,0
29.4782110462294,11.978252481572,1230.47333104651,333.742134699382,1793.60901580218,67.001805094889,571.569722560846,0.053127601808009,0.588313386031165,20.9095882777816,9.45162130875856,6.54313408241326,3197.57587902304,98184.4001316325,2301181608.2892857,2205549003.058718,0,0,0.1778669912561798,0
29.4246011704931,12.4959095598947,1224.8837705753,333.304914679704,1784.88026507905,66.661834298135,569.639389772059,0.05311589495663,0.582677649191877,21.0416165463395,9.40581149292159,6.54698001013679,3183.69260439653,98695.5402778504,2306606622.5193973,2205529956.932532,0,0,0.17758977068591594,0
29.4838279571126,12.9492550610166,1219.78974436652,332.95715016957,1776.8725587454,66.348740622156,568.021498164679,0.0531761103870821,0.576873752951048,21.2113214720894,9.35754847438618,6.55102566454949,3171.11153904705,99188.0079524943,2312443553.517065,2205473704.868628,0,0,0.177485639190073,0
29.614627326499,13.3701850772921,1214.80481941828,332.702722586042,1769.00151724172,66.040135054054,566.515932393943,0.0533078373371095,0.570765700522096,21.3978164739873,9.30364530535054,6.55538531248887,3158.87730646985,99680.3130079399,2318676391.420523,2205431049.8691707,0,0,0.17754802214771748,0
29.7547139815756,13.7123763622398,1210.42871476477,332.628470298311,1762.0371209106,65.7635899800856,565.350969220919,0.0534862597744547,0.564783065236381,21.5861608618393,9.2501288713118,6.55974012316893,3148.28743087944,99969.6933490705,2321329640.192526,2205468535.5823,0,0,0.17742823988526343,0
29.8304460227147,13.8431716039496,1208.43777445368,332.977559623723,1758.68887950122,65.6174534122759,565.360636187627,0.0536394464770771,0.55951689210952,21.7882629576159,9.21184338567138,6.56339494954122,3143.89412272243,99883.350706488,2319032609.512629,2205624666.30866,0,0,0.177033990006094,0
29.8220562214794,13.7485325380823,1208.84144636603,333.739066737259,1758.9904466804,65.6015998432895,566.533944188012,0.0537448557060928,0.554997199911757,22.0139190218896,9.1900433289276,6.56626799409056,3145.71979217148,99701.733588061,2318302306.5706444,2205849415.706626,0,0,0.1768596428954363,0
29.7645424069856,13.5137778538942,1210.28319086218,334.69026715893,1760.89416742588,65.6410425537196,568.215674278926,0.0538323860549476,0.551393758697901,22.2531135514832,9.17616134763143,6.56866062892332,3150.26874371656,99500.9365387879,2318786629.1731625,2206119375.7411594,0,0,0.17679988724207402,0
29.689074420758,13.2009894844887,1211.70359796463,335.602185295268,1762.79446099423,65.6791568110214,569.901691192548,0.0539230404633532,0.548834980810033,22.4789607920665,9.16325225002315,6.57080775935218,3154.77039602788,99373.446441314,2320778351.3574843,2206420342.992268,0,0,0.17680391682887078,0
29.6077459313342,12.8365039601528,1212.17991574845,336.181921093113,1763.29749295553,65.6692202012708,571.166053677262,0.0540469778817249,0.547338008355531,22.6449155172252,9.14477700726862,6.57293439315895,3156.75615746104,99392.8133317317,2324043408.553597,2206742117.426991,0,0,0.17684034688665867,0
29.5214231148719,12.4130682856425,1211.87366936524,336.381311112421,1762.64359495262,65.6224007137275,572.084626541303,0.0542051852759633,0.547052612307747,22.731890277314,9.12183048733598,6.57495166384258,3156.58406897437,99417.2408328078,2325243467.0782747,2207082715.0934753,0,0,0.1766857819832897,0
29.4284031610197,11.9259185183244,1211.54539606387,336.373521694709,1761.97785168221,65.5792201822599,572.994621114367,0.0543749736886853,0.547881365264625,22.7603915360737,9.09993868740583,6.57663727868167,3156.22792598208,99408.8595041797,2324857366.0233603,2207433871.19246,0,0,0.17640834019778728,0
29.3359056557101,11.3614967425878,1212.90054262921,336.531965701702,1763.85678234107,65.6328128299563,574.70073052974,0.0544983908566852,0.549966181099937,22.7569896129524,9.0924602734681,6.5774425617333,3160.12386789496,99064.6563095945,2318762962.4866753,2207814858.4191375,0,0,0.17575775981944083,0
29.2651358225931,10.7133343702313,1218.47803255642,337.423860028971,1772.08196162557,65.9234642128477,578.428768429443,0.0544672283695565,0.553507501629405,22.749804538691,9.12079361910332,6.57649409721104,3174.89891122695,98154.5837056163,2305902057.080127,2208245598.542978,0,0,0.1747258412956476,0
29.2230662867635,10.0366815461143,1227.7505395637,339.025684830638,1785.87575240122,66.4208043517183,583.911507619687,0.054281826408609,0.55810600821922,22.7547832589088,9.18364890233841,6.57387056815701,3199.249207549,97148.7827383958,2296515597.18348,2208704145.0773525,0,0,0.17403289650791168,0
29.1988056101366,9.38763991495511,1238.30695627708,340.862481141367,1801.64382899013,66.9905762316144,589.963286122996,0.0540287603717602,0.563876270649273,22.7675309879848,9.26400210344585,6.57020588405369,3226.92936952973,96198.4790137852,2290169693.7733903,2209179897.7892175,0,0,0.17351773221455097,0
29.1839474846587,8.76675658910101,1248.41244834346,342.496326930253,1816.76983268231,67.5363330743162,595.72268167846,0.0537772171046182,0.57111651124253,22.7618876841174,9.3489131374555,6.56595320478105,3253.34162962925,95416.534796989,2286456635.0161757,2209647639.019839,0,0,0.17306087185412408,0
29.1784148542779,8.12668775887816,1256.84514718985,343.506014044778,1829.34710214625,67.9891144184109,600.561241700013,0.0536133468468924,0.580197588176472,22.6831269068448,9.42782674811717,6.56145825985138,3275.09155642146,94888.8183536656,2284931836.929099,2210072569.5547166,0,0,0.17261746762064456,0
29.1836274143978,7.44407892633669,1263.6644764168,343.818457203123,1839.42607001341,68.3520522636069,604.482184092947,0.0535786430364474,0.591770824164069,22.5079293991389,9.49920567864488,6.55667691910386,3292.21938140306,94465.9852581463,2281901179.666422,2210453883.817952,0,0,0.17195383106222153,0
29.1982676113202,6.74946265654331,1269.6799997483,343.672881577899,1848.25259410158,68.6710393188607,607.875394482395,0.0536523045305695,0.60589538692368,22.2623752742666,9.56797456885093,6.55139655384478,3306.91286989245,94091.885123543,2277650584.99806,2210791257.678355,0,0,0.17114993781143664,0
29.2167290430799,6.09895104020429,1275.36841679139,343.285781889603,1856.59241300126,68.9739534211626,610.983028369235,0.0537969734917194,0.622071657472328,21.9802667478905,9.63722133087859,6.54556058762903,3320.55429781036,93748.5570367241,2272984785.58093,2211102132.6296363,0,0,0.17031524863707542,0
29.227075526406,5.55323067689211,1280.85986363022,342.781954126901,1864.69060554674,69.2704217009611,613.89921946999,0.0539458043748972,0.639308898503745,21.6860846319301,9.70821932571954,6.53926681062566,3333.62156206713,93425.5233436532,2268245922.488235,2211418819.4600997,0,0,0.16950782559720992,0
29.2237673677466,5.12469689760058,1286.06195003037,342.18445984638,1872.42441594633,69.5561568646654,616.604601268029,0.0540553178306718,0.656377045819227,21.3888875117736,9.78070904470109,6.53272240270924,3345.9362851439,93138.2952325541,2263829826.9611073,2211742229.0478096,0,0,0.16877574612086774,0
29.2114288952926,4.78359598835944,1290.82370501058,341.455478415123,1879.54708176166,69.8214121332525,619.024486698218,0.0541383695822993,0.672723729383102,21.0858272519477,9.85313129229182,6.52609152161514,3357.08023212541,92893.1846798812,2259623686.3513217,2212070452.2850785,0,0,0.16812286511054517,0
29.1914081393871,4.48083678235979,1295.09705764268,340.525640931173,1885.97277014819,70.0624198493356,621.125793786545,0.0542545279173837,0.688618988869401,20.7692136598242,9.92412111948143,6.51940826180028,3366.86446651164,92681.4885334629,2255146818.6226964,2212429956.241113,0,0,0.16753359214637278,0
29.1534636629534,4.15064698993568,1298.92837485437,339.267729978817,1891.78941817314,70.282183056206,622.917434616677,0.0545277755070199,0.705406432301999,20.4267247330647,9.99242872617954,6.51253187847241,3375.31585620791,92492.4406406435,2249792939.1499853,2212855930.033416,0,0,0.167004762411561,0
29.0916687404237,3.78530067965482,1302.31559759319,337.626508342103,1897.00523638886,70.4808955527734,624.37532210727,0.055018887050723,0.724686893646019,20.053532973686,10.0562615487554,6.50528998338162,3382.38456888937,92337.1218129392,2243668204.848031,2213326360.876449,0,0,0.16655732280816554,0
29.0114028913119,3.42343819973422,1305.21852988803,335.666989242041,1901.54455911652,70.6556940793984,625.47309419771,0.0556847322599673,0.746545908037851,19.6564312809867,10.1148414296645,6.49770246211755,3388.00244746118,92216.8125761798,2236970291.9897313,2213820054.235208,0,0,0.16618500743612766,0
28.9260371640933,3.09241487827104,1308.44195052991,333.630181040801,1906.61333766227,70.8512734519921,626.622920067454,0.0564281607442648,0.770456634193623,19.2484782258475,10.1754163198158,6.48957081315518,3394.33119756393,91960.1308431648,2227045800.2576885,2214310581.395495,0,0,0.16567138074390889,0
28.8579023108721,2.80798240924931,1313.77377117914,331.93913889478,1914.94064935125,71.1682421091896,628.733577516273,0.0570885559887404,0.795828469000781,18.8480836591576,10.2545005218221,6.48031921064861,3406.13107514661,91390.8296210709,2212614038.5658836,2214768533.837995,0,0,0.1649249497251892,0
28.8160639505762,2.57423680367993,1321.31353751189,330.661750798428,1926.71070450722,71.6125750596858,631.874229332213,0.05758333064336,0.82137303256021,18.4631651094495,10.3561203752515,6.46995569691009,3423.74087666706,90749.8074592253,2199782763.6673217,2215202502.159909,0,0,0.16439680431083203,0
28.7916205785472,2.37997261489527,1329.69459873864,329.525415739463,1939.86043406114,72.107646833681,635.372859167225,0.0579666984597637,0.846591188063509,18.0881459197632,10.4710709865694,6.45892461479501,3443.59454270157,90136.2429155161,2188824541.7942257,2215621861.074044,0,0,0.16406048087191583,0
28.7800111567669,2.2083338918066,1337.73566529206,328.278157323107,1952.5860620112,72.587056880043,638.63458091879,0.0583324168379738,0.872015453061994,17.7126448168676,10.5897007408503,6.44754797184379,3462.57039565528,89625.6428971768,2179715078.4185677,2216005978.952035,0,0,0.1638641626501608,0
28.7937390408994,2.04214547557091,1344.46960836059,326.734787449548,1963.39984059553,72.9963531051419,641.161732886439,0.0588013164748615,0.898646628416562,17.3220563968001,10.7025560332187,6.43607227631214,3478.11220271435,89286.8912294472,2172689102.449923,2216315080.543543,0,0,0.16379551242454052,0
28.8418948586628,1.87718186153472,1349.85443629244,324.887603150685,1972.2181880333,73.3329539102722,642.915447133386,0.0594152217963316,0.92766540673721,16.91036656037,10.8071859035962,6.42443265031046,3490.08158726812,89021.1348207279,2165287369.755079,2216561837.0451436,0,0,0.16367667787414075,0
28.918466026606,1.71839863184766,1354.53150860651,322.853401794427,1980.0084964155,73.6326792457811,644.211016508295,0.0601297693193639,0.959266779340697,16.4837223296257,10.9078988898768,6.41242756668516,3500.1428132091,88781.2816944245,2157313366.3977885,2216767928.125892,0,0,0.16352624755014658,0
29.0053955152147,1.56797363301508,1359.55954707279,320.812410745417,1988.35409002734,73.9542641716326,645.572121162849,0.060892714923346,0.993325631288737,16.0551297348569,11.0134171780719,6.39971484204012,3511.02299133296,88438.0675145775,2147136444.273715,2216939407.283175,0,0,0.17971613275713205,0
29.0701757260386,1.42604745760072,1366.50779520894,319.011438976386,1999.56636476537,74.3840545979588,647.755461856253,0.0616344317527785,1.03020461418715,15.6433709390642,11.1375477366321,6.38564715049565,3526.70469005904,87852.3195864925,2133516375.3777888,2217075104.16272,0,0,0.25311632164304254,0
29.0960168344711,1.29646920793344,1375.45119106084,317.45540861819,2013.74627153076,74.9257645976824,650.791901213786,0.062305110081703,1.06951771611826,15.2549554088106,11.2832100234902,6.37012876140607,3547.36085282115,87206.1812170618,2120920716.1921031,2217214547.6766734,0,0,0.3394894282574296,0
29.0927381216838,1.17922843009512,1381.26850240306,315.107505949969,2023.36757468562,75.2983958670939,652.266839455281,0.0631551526246274,1.11184874218121,14.881486054799,11.4405381087099,6.35350855888216,3559.86994780272,86590.7391132316,2104187160.5551708,2217317678.762371,0,0,0.36709690557389973,0
29.0756783890937,1.07516637228864,1383.86022069255,312.038476220558,2028.28703062901,75.4961652496115,652.127819977298,0.0641719635382483,1.15856962873662,14.5173521054605,11.6003259600112,6.33600720314826,3564.04427262337,86036.5491044104,2084239750.5774243,2217364468.728368,0,0,0.34915771151464703,0
29.0553819362574,0.990388604220543,1385.4683338551,308.792297680663,2031.81751507332,75.6422646670446,651.44808935745,0.0651130665038956,1.20711342109013,14.170510084351,11.7604513591496,6.31808028215827,3565.72188096454,85560.0557205083,2064972221.6476016,2217376743.7754064,0,0,0.3271089442132926,0
29.0356578215304,0.922463148678311,1386.86650279705,305.551155460367,2035.10768293116,75.7794270949292,650.617435803877,0.0659251952421086,1.25482016641767,13.8484803836559,11.9221331492343,6.30006535442542,3566.9300070273,85138.673846296,2047018470.3610415,2217358774.9733644,0,0,0.31281365279773476,0
29.0156550516586,0.866520449181301,1388.33061710013,302.359744637125,2038.55312433138,75.922459452228,649.769373915472,0.0666413496972097,1.30072621943954,13.54854740335,12.0869004079013,6.28203653760044,3568.36002375534,84758.4258000191,2030375678.2275727,2217318376.8794694,0,0,0.3066066513824725,0
28.9946743831217,0.820299931990394,1389.36745602657,299.108965296961,2041.40980281681,76.0432736792684,648.664490784473,0.0673071673057809,1.3441890168608,13.2645878912703,12.2506886927658,6.26426979961893,3568.71888365272,84506.6210248139,2016379635.7718227,2217291558.070192,0,0,0.3056858589820051,0
28.9759532399801,0.782993930027577,1388.67592062249,295.520529605335,2041.7512753245,76.0687545198538,646.687636830585,0.0679900669537492,1.38391038244667,12.9948395637019,12.4006652502336,6.2475494386405,3564.64620677521,84514.393689479,2006255467.129233,2217333624.567087,0,0,0.3073259033319664,0
28.9627581306704,0.751725000452616,1386.04344126343,291.513106455189,2039.26465884275,75.9863844710139,643.744762712789,0.0687445490924923,1.41944530811285,12.742220739346,12.5310066440125,6.23224159537894,3555.57108973529,84650.4923208483,1996425942.3069713,2217443762.565002,0,0,0.30902133570347073,0
28.9548119515779,0.724782554998462,1382.6102868433,287.293624504414,2035.63004089553,75.8591298431357,640.377268807359,0.0695332674321763,1.45114103188076,12.508530414014,12.6474728983839,6.21805857112242,3544.4037147594,84825.4752711774,1986264305.277022,2217613112.999845,0,0,0.3103204927376294,0
28.9516787586565,0.710288232495192,1379.07832721217,283.05833276565,2031.85916700458,75.7253216372668,636.935634593136,0.0701497581199981,1.47751064610817,12.3025234665862,12.7547971735097,6.20503048516599,3532.97679342213,85065.2020870253,1977486400.658246,2217799742.6583123,0,0,0.3113850797236204,0
28.9574915475251,0.728538129800806,1375.08810961145,278.881839981213,2027.35627684396,75.5630871382392,633.320539590913,0.0701935207856994,1.49329027150389,12.1572509458093,12.8524973472041,6.19404159425395,3520.45911415602,85441.5166790163,1971668105.1669588,2217923337.464436,0,0,0.31255150864843606,0
28.9760405154349,0.777890593202671,1370.7344594075,274.869509605626,2022.21323308243,75.3760685891767,629.642802445205,0.0696938574094831,1.4941859095465,12.0991281349552,12.9415328395201,6.1857806304569,3507.15363656497,85885.4366388887,1967578971.365688,2218002547.682161,0,0,0.3135994621652555,0
29.0061599674451,0.848572441185653,1366.22547890752,271.032233836496,2016.74528504213,75.1761500906882,626.001065345844,0.0688896717988352,1.48151137551597,12.1219689956234,13.0239979776068,6.17998480330727,3493.57937809244,86350.410303118,1964332347.8331091,2218050254.055311,0,0,0.31406782033998965,0
29.0381299616468,0.993206170899653,1359.53555824547,267.132698944403,2007.96775188139,74.8510342218172,621.532137973188,0.0671746258585632,1.45023270087296,12.2816543368471,13.0843422439693,6.17821158758063,3474.72305745045,87239.431248832,1968742223.86942,2218075573.6587663,0,0,0.31541046471102474,0
29.0449904050054,1.40496329456726,1345.41770612247,262.759327663901,1988.08550978951,74.1075242599887,614.174899945925,0.0631109473892464,1.37501212906614,12.8333043459652,13.0842773954425,6.18639106117945,3437.79621830368,89173.2732891804,1989205371.2178087,2218107440.477761,0,0,0.3191384591932106,0
29.0042373329051,2.26224175624043,1323.27565970105,258.105782357255,1956.19150547315,72.9115351547467,603.920916798283,0.0580231400788241,1.24330772785626,13.9717149652232,13.0164138303117,6.20710820948049,3381.6416732303,91581.3129817158,2012489624.078527,2218116719.202623,0,0,0.3225072944931626,0
28.9194734412005,4.45340063630809,1299.33746655717,254.054253517494,1921.47055100178,71.6054378710933,592.911975750787,0.0096947122688524,0.98296263800856,15.6146739043138,12.9704931779694,6.24323637421658,3321.48535942276,94087.9707849854,2037766076.0056453,2218117860.5651507,0,0,0.32442494036514996,0
28.8046855147031,9.81771208529818,1316.42026461346,256.790768415631,1946.99198262027,72.5297709907341,599.400462043765,7.31391734500427e-09,0.329401386719089,17.4982985892537,13.1828320893654,6.31783083310493,3364.13031462701,105904.477508085,2327356177.2858515,2220843743.1695714,4,2,2.872429549988768,3
28.6332178832532,18.7837955969382,1292.91166998949,255.102375918051,1911.00983834457,71.1319290375904,585.857427753207,2.1240819032005003e-10,0.0371453375578185,19.3214976816213,12.8112073342606,6.37279104772703,3303.32875711571,108642.31052325,2361804274.7862926,2223516216.724154,4,3,2.806948135870173,4
28.3947220195698,27.7038640011763,1270.34114423179,256.11562970901,1874.83006653512,69.7155304052149,573.479250587114,1.94488215986888e-12,0.0104105616413865,20.8996802758244,12.1462811988252,6.41022003873573,3245.76087596694,111368.634308698,2403832976.5309825,2226161973.3142104,4,3,2.867536144972615,4
28.1080141670217,35.2191419513735,1246.80130441593,258.60098554845,1836.21453506235,68.2033269128623,561.727851597542,7.42224022249712e-15,0.0087036317738042,22.2802299342859,11.5057244018905,6.44428051069886,3186.65891836333,113984.696506401,2445446629.299141,2228748891.7269363,4,4,2.9527296204369544,4
27.8078141974288,41.8794095789329,1226.45048181021,262.223844193896,1802.09102626765,66.8606480273737,551.622925591156,9.257851365734449e-18,0.0064495632394349,23.4679321518095,10.9444504830812,6.47369842490093,3136.00128541275,115967.186812732,2479747424.040419,2231354807.9108896,4,4,3.0471277402352954,4
27.5370513699822,47.6303960504098,1213.69495735123,266.710628875116,1779.86768489885,65.96373003209,544.985881905743,6.0123343864703604e-21,0.0039378333730387,24.381377610621,10.4792620136472,6.49760282854308,3104.92289295868,116928.882098543,2503376650.5156503,2234100933.652497,4,4,3.149598321542039,4
27.303298031988,52.5640453287941,1207.516084054,271.836203639343,1768.13712186565,65.4572028333669,541.312158813894,1.5511266278236901e-24,0.0018967199519975,25.0288931971013,10.0885615138266,6.5174025930657,3090.86644929423,117460.141014332,2527294520.633806,2236978083.779094,4,4,3.247528998087864,4
27.0889512136473,56.9755448695035,1205.006758936,277.595312033015,1762.10968130424,65.1613778836227,539.164021167163,-1.8366115134075398e-28,0.0006015216477944,25.4858904893289,9.7419398575386,6.53487859921461,3086.29537641352,117709.070297923,2551220378.4621525,2239976950.6947207,4,4,3.3432895936809586,4
26.8774105625183,60.922284570367,1204.63413447672,283.680944291703,1759.28612908371,64.9860857760309,537.873231527446,-6.30446034195425e-32,9.91807658158243e-05,25.7920281237373,9.42784832311888,6.55087623275687,3087.08971711745,117684.726123075,2572359942.580792,2243147980.234013,4,4,3.4313394444359253,4
26.6493202513779,64.2740770164961,1206.07098111285,289.41271070253,1759.30709199454,64.9238158788428,537.4144888961,-1.90281256117949e-32,1.94647454430759e-05,25.9592359816549,9.14248765642129,6.56581484103033,3092.14768440204,117419.399234026,2588577805.7122197,2246547174.3976007,4,4,3.5103187873065615,4
26.4029070271944,67.081557469894,1208.97977674814,294.577380024065,1761.75268071965,64.9587967528116,537.674736595672,-2.55561377850735e-32,4.87165972077083e-06,26.0041360858854,8.88061776272315,6.57995492477943,3100.59478428063,116995.272924958,2600521630.5248065,2250118142.3873515,4,4,3.580724764982648,4
26.1508216494836,69.5429647607686,1212.93631257258,299.449641046621,1765.93198383446,65.0607347709921,538.454213459377,-3.03410439881229e-32,1.22810115324444e-06,25.9532213821061,8.63543302641243,6.59352988898226,3111.54701739058,116478.140408296,2610144958.6802754,2253818925.81856,4,4,3.642802907073531,4
25.93097798778,71.8551168322236,1218.17876358778,304.257614365669,1772.04964657727,65.2357009931575,539.84855562817,-2.99175117316148e-32,3.1217197427771e-07,25.8125662320191,8.40560188119197,6.60653722416761,3125.60171756318,115769.929481702,2616270908.4732265,2257545278.5419726,4,4,3.695624354091816,4
25.8163458125798,74.2304084828595,1225.42188180207,309.121873314576,1780.89775011085,65.5152044638961,542.134953625131,-2.66591355656698e-32,8.0742101197484e-08,25.5619670053596,8.19364048059707,6.61882127292234,3144.29596493894,114822.679528031,2618817254.9028826,2261179139.4488463,4,4,3.739508100009942,4
25.8159944614189,76.7384364866805,1233.92335968303,313.92419908001,1791.3368640512,65.8574765360857,544.963217481807,-2.2951772562476e-32,2.13399160771002e-08,25.215762156674,7.99370450037597,6.63062695291122,3165.70712643622,113888.496070737,2622153657.648305,2264760837.7118244,4,4,3.7759640305100968,4
25.7329591809877,75.8792753004415,1174.25623754214,308.546385291378,1701.30395100323,62.464704620482,520.084738832945,0.0142424384285589,0.0182720307079609,25.3162026934459,7.49317607839426,6.66247675025513,3017.58412474565,103816.751056072,2309255003.9256034,2265022273.7191176,0,2,0.6387701260731363,0
25.801012151769,61.0756906599403,1171.71272578911,310.7083351786,1696.35174258749,62.2532538298268,530.027214403058,0.0267172634637042,0.0813618001623501,25.1501546767924,7.40638298470067,6.68809262922794,3018.59101573424,102950.666865257,2292888553.8227544,2265097159.0561414,0,0,0.483203421025672,0
25.9248885024534,43.8021197524167,1181.85747403425,313.67649367552,1710.60095401672,62.7629198621731,547.806024466333,0.0298941997283103,0.145138333029435,24.9116434045231,7.47450960555156,6.70793827924053,3052.41896302996,101989.589321288,2290243957.2046976,2265180979.9452386,0,0,0.4940635090179491,0
26.0727000755912,31.4537204763717,1192.42221997869,315.917132325311,1725.76674393163,63.3057196262964,562.973978026974,0.0431688280694344,0.220754293452119,24.5914647473191,7.54942960282768,6.71517986172852,3085.30709478928,101091.110731731,2287068439.033409,2265242004.1087418,0,0,0.4977569975409126,0
26.2383879887999,25.4045133016361,1200.84564289966,317.375513777274,1737.88834891617,63.7345836205256,573.432793215108,0.0480290372854959,0.289874937122909,24.1779318818081,7.60233356905245,6.71183242204026,3110.32354799592,100290.843190418,2281337574.5012517,2265231437.712372,0,0,0.4729516376850796,0
26.4107375531171,22.428317599354,1208.87853723338,318.560076425166,1749.48499669074,64.1445587078174,582.155135038937,0.0497419134554405,0.343586046627393,23.7585519284547,7.6451535143655,6.70575121668661,3133.30852877075,99294.4792227805,2269923310.881273,2265054928.215621,0,0,0.4355061189906597,0
26.5584047803393,20.8326906804124,1219.70975552956,320.256964261682,1765.32646717493,64.7138700316295,591.408013115434,0.0501440119717895,0.384603526045549,23.3826086604081,7.70668120986115,6.6986973404727,3163.07376442432,97879.3780161235,2253251120.1399302,2264617969.711747,0,0,0.3994099438438034,0
26.669619483854,19.8819720049425,1233.48177398988,322.606530550214,1785.64284092042,65.4509049690656,601.468299939686,0.0497577526508993,0.415568132664513,23.063743686149,7.79618992497081,6.69109550268163,3200.21282812528,96462.1746964722,2241099222.515897,2263996145.8842225,0,0,0.37182265699168204,0
26.7587666730482,19.1957049467249,1248.26593589622,325.171367878529,1807.55236484167,66.2480129358707,611.533219800375,0.0490601570340514,0.439497565129058,22.7922250141288,7.90458124181026,6.68334672862665,3239.7686554709,95164.2060893034,2232851840.678791,2263260925.0614605,0,0,0.3523915664006662,0
26.8446235285529,18.5501487247331,1262.75571803675,327.560490509518,1829.0863998125,67.0320113276467,621.10432620509,0.0482641863230717,0.458789808811831,22.5567290352783,8.02377715223591,6.6757038145833,3278.3243850284,94022.4215926888,2226960160.786298,2262452612.666341,0,0,0.33882091008378984,0
26.9485877149638,17.8164457704728,1276.26102525051,329.507936151741,1849.17735042462,67.7639081057662,629.935150908536,0.047461067174423,0.475091690147221,22.3452732353094,8.14827880505182,6.66830993029554,3314.0154444504,93059.0797960912,2222625781.6739497,2261591832.711359,0,0,0.3289832780212164,0
27.0772406111747,16.9336933264309,1288.73883707977,330.962700988592,1867.74718727218,68.4411241101953,638.050327191412,0.0466913132882209,0.489632639682136,22.1521299027098,8.27650211719147,6.6611335964496,3346.71331709536,92212.0464284798,2218326914.9397984,2260678231.2871165,0,0,0.321243680244751,0
27.2204526926713,15.8913197196872,1300.47138774918,332.034751742244,1885.23817478693,69.0796821706641,645.620854763911,0.0459728948565365,0.50325932777232,21.9779367866564,8.40936723861413,6.65402874738508,3377.22875355784,91454.3275039735,2214123187.2525635,2259715085.169153,0,0,0.3147714254897022,0
27.3583151975852,14.7398770818041,1311.35980001279,332.78875724341,1901.54610714035,69.6752446427438,652.63121192161,0.0453269185217959,0.516532972998888,21.8339802714487,8.54551586044828,6.64690802835677,3405.42869166524,90825.9890202806,2211216736.142457,2258718524.502382,0,0,0.30924582135640144,0
27.4568429706331,13.6028989776709,1320.84874492094,333.180831230902,1915.91108517245,70.1994521605961,658.831847396206,0.0447690210815828,0.529740859394537,21.7532698977666,8.68053632909789,6.63980025779101,3430.00187288893,90373.3654511855,2210315922.230946,2257717617.6097674,0,0,0.3044433812992668,0
27.4995727712693,12.557455446839,1328.83424723206,333.210523597659,1928.20519987279,70.6475830466059,664.174192927559,0.0442949488924484,0.542975321635913,21.7511981451461,8.81280889604997,6.632667614791,3450.72104949227,90020.4762533029,2209610034.162148,2256739071.646977,0,0,0.299942444720788,0
27.4988498287701,11.5963431253708,1335.69692045393,332.955220790873,1938.96441825477,71.0394851624486,668.828195501253,0.0438963895543471,0.556253818139567,21.8094671147987,8.94383796196278,6.62538160873304,3468.53384055946,89731.4458945996,2208772509.910179,2255800540.628934,0,0,0.2956989293171835,0
27.4856497234746,10.7853110501451,1340.02026396446,332.316180123526,1946.08644512422,71.2963618281513,672.042462738083,0.0436002584922602,0.569121384969334,21.9247846910892,9.06230875295591,6.61833702389516,3479.88255093317,89830.529642281,2214224029.03672,2255022334.4510818,0,0,0.29241396372274875,0
27.5114342346863,10.3551463969146,1337.88521336074,330.961688090942,1943.85043255362,71.2039329546713,671.810826012535,0.0434458533140768,0.580180642245693,22.1520288082468,9.13795558466212,6.61278357438283,3475.01354212143,90725.1731344295,2231612659.9816556,2254577263.3257933,0,0,0.29068642125679495,0
27.6024221172984,10.3980450051767,1328.71084498241,328.916966104787,1931.44714686836,70.7312262002962,667.877315550138,0.0434047417815753,0.588165262991446,22.5321741166941,9.16287622614457,6.60927626944356,3452.59747751075,91932.7038224947,2248449117.558742,2254400298.1044636,0,0,0.28913162402780057,0
27.7418938620154,10.7938908175044,1315.50780782574,326.554395271081,1913.27945107747,70.0422986566597,661.81841418882,0.0434352350459542,0.592435564380697,23.0422226630521,9.15498839276486,6.60736908102079,3420.24340244674,93205.7967121341,2262186075.012659,2254414508.46024,0,0,0.2857656619373274,0
27.9018207042667,11.3614345420164,1301.35960207911,324.290898170196,1893.77264822067,69.3020309120695,655.211393991639,0.043536620143183,0.593125267607244,23.6228380323586,9.13081060996343,6.60652255231005,3385.66982330564,94401.3160552425,2273158231.0530167,2254508680.6488805,0,0,0.2807403396708059,0
28.0608742946896,11.869926841992,1288.51548586718,322.486307246007,1876.04013537329,68.6263016393269,649.173998033199,0.0437344988038967,0.591079969762619,24.1890208434378,9.10155166357157,6.60627291226974,3354.42152108912,95407.4585664313,2281637674.0524697,2254552236.786117,0,0,0.27719905095039843,0
28.2131945580906,12.2434963438866,1276.91966445208,321.146302053122,1859.91212613255,68.0089354311701,643.67134047836,0.044056149442196,0.587143727557152,24.7037907961988,9.06746794049834,6.60653403343408,3326.28102776455,96356.7195093703,2290751669.0648956,2254582773.0110097,0,0,0.27565665718080523,0
28.3635381915761,12.5721640573013,1265.37769978202,320.070625466193,1843.70276265497,67.3873172609354,638.145616327634,0.0445046929071622,0.581750484901851,25.1917012101116,9.02324292950083,6.60748111399139,3298.28810593579,97287.4467336489,2299825811.5520606,2254632385.976289,0,0,0.2733737163247776,0
28.511739361887,12.896595510671,1253.59049752451,319.165904304006,1827.05798469888,66.7484099557311,632.505668414147,0.0450553967454014,0.575189169665703,25.6464793789542,8.96757853368745,6.60915129354395,3269.76208792697,98182.0047299259,2307926143.489345,2254702641.5512896,0,0,0.27010555414314746,0
28.6457994264216,13.129884666895,1241.98974533266,318.399420489075,1810.65569590877,66.1179993706632,627.005336217778,0.0456890617206095,0.567940286150073,25.9810390090688,8.90296355868111,6.61138711441318,3241.79023972436,99011.7243377067,2314498191.6386466,2254784845.3962817,0,0,0.26763359791353225,0
28.7591634523234,13.2158958204332,1231.03873466843,317.774847000684,1795.18311249968,65.5220044085875,621.883912993036,0.0463837470266426,0.560614174229852,26.1486372952274,8.8334428421797,6.61393927116773,3215.51060498215,99746.3732622256,2319217102.3567157,2254855403.196695,0,0,0.2659601068470621,0
28.8568812599143,13.185786842986,1221.08493604753,317.34742703884,1781.14015612164,64.9788132907894,617.31049927294,0.0471048669652561,0.553499829763047,26.1858017827275,8.76334682853439,6.61659658361282,3191.7948663072,100363.514615191,2322255989.7313437,2254892690.679099,0,0,0.2639335554694939,0
28.9404074254463,13.0670070497814,1212.29543873473,317.164204636136,1768.7707947231,64.4980655146876,613.371135436087,0.0478258751584161,0.546706561721722,26.1621596181951,8.69532846503546,6.61923431878468,3171.08437436921,100878.657272385,2324570398.2943826,2254926448.5759935,0,0,0.26168616487685203,0
28.9998351617428,12.8455022692683,1204.56679769952,317.220229271231,1757.94337577907,64.077151672165,610.031664936173,0.0485416852921373,0.540430065456359,26.1721240622666,8.62990754917475,6.62178846202262,3153.15623433026,101315.843669555,2326939378.5955267,2255008810.75394,0,0,0.25997293488126755,0
29.0311098303119,12.5130845623554,1197.85824201789,317.491541284759,1748.60725902874,63.715083649571,607.271065205784,0.0492481622332745,0.534983536144733,26.244262999943,8.56815513735521,6.62415609488364,3137.90270374965,101652.243812528,2328854924.201458,2255118733.8542614,0,0,0.2585983005718088,0
29.0412661197107,12.0912654053437,1192.21889155322,317.960144326874,1740.8229365327,63.4128443949752,605.087671869183,0.0499322186965659,0.530507304398366,26.3354123827888,8.5115603904568,6.6262412126426,3125.40152224676,101897.487699104,2330433164.4443955,2255240051.930003,0,0,0.2571524217458582,0
29.0380381285613,11.5930906161073,1187.82245264307,318.632327335652,1734.83033167004,63.1774562237398,603.536692014058,0.0505798619406786,0.527097232723319,26.3967067177567,8.46204943922103,6.62793678275012,3116.04368958327,102024.661936731,2331127354.7417083,2255347854.048589,0,0,0.25571111387276174,0
29.0270524417346,11.0084278589464,1184.92010529301,319.528503827665,1730.98250970491,63.0197827323683,602.708034403328,0.0511845019092154,0.524926301669719,26.3870153836841,8.42207768529636,6.62910130160697,3110.41536354472,102017.574219858,2330769392.0523844,2255417916.3767014,0,0,0.2542948631725359,0
29.010418074609,10.3558324136369,1183.26374685533,320.609307508467,1728.91317655757,62.9257165683325,602.451608873556,0.0517552465180205,0.524105358995898,26.3031519268984,8.39055737200605,6.62972782232388,3107.86718701277,101963.135051057,2330948471.770863,2255477343.508916,0,0,0.2530209911360645,0
28.9875189338345,9.67879085752251,1182.32772952805,321.795984480924,1727.86363329613,62.8683375763321,602.496706044209,0.052305270037497,0.524674373601981,26.1725077279534,8.36439259801983,6.62990080896027,3107.07385486345,101893.244910341,2331685426.346556,2255548469.1372824,0,0,0.25181842531285764,0
28.9542685447487,8.98031599610296,1182.80513314038,323.092990528307,1728.87830051487,62.8876204879333,603.215210601408,0.0528096562204874,0.526893951794779,26.0047194598108,8.34947648211358,6.62935148032388,3109.76128742508,101581.698982902,2328590667.9081416,2255650841.068756,0,0,0.2502576866745377,0
28.902434647107,8.23088483889834,1186.35288223568,324.533226394281,1734.42274608375,63.0759733915195,605.480409189453,0.0532181308843905,0.531165701592538,25.7799760741919,8.35940468897928,6.62749201557533,3120.0315164564,100860.93329143,2319574114.3665514,2255793258.332156,0,0,0.24828096855044365,0
28.831456107911,7.45883311720178,1192.54868699601,326.010065934456,1743.88168966453,63.4109086365238,609.060955284113,0.0535498836592498,0.537535064650245,25.4972803142381,8.39276949745685,6.6243169503484,3136.77291976405,100075.409646397,2311665992.9864254,2255951074.9551034,0,0,0.2466225701593113,0
28.7482747233248,6.72083938704337,1199.72490808532,327.385768783558,1754.79505174755,63.8009769630813,613.066807139714,0.0538611171721655,0.546124122986777,25.178936262744,8.43824776735673,6.62020098770595,3155.79257308314,99324.9723404031,2305019308.952938,2256105758.446557,0,0,0.24511943535490513,0
28.660083279781,6.04249305640181,1207.98191122646,328.795964857688,1767.3177345583,64.2512185467381,617.538531546177,0.0541278830425006,0.557219392847204,24.8556686860606,8.4972005460758,6.61504324616032,3177.43619937041,98404.3635620976,2295446200.351712,2256199399.7521358,0,0,0.24323356666169643,0
28.5737003622386,5.44156837809671,1218.88345925701,330.643674614929,1783.76332546975,64.8463031595175,623.28581352167,0.0542440557632405,0.570800140721646,24.5728647384564,8.58248783123288,6.60834624751437,3205.83089166767,97149.8631526888,2281925119.72956,2256168079.781307,0,0,0.24085249308743478,0
28.4916906703663,4.93061138765734,1232.1714810535,332.945218778188,1803.75148154046,65.5720337581071,630.172000862707,0.0541778950243739,0.58612695538177,24.3468903617907,8.69440134952173,6.60016989211057,3240.35690141391,95878.8600561698,2271489734.681675,2256059627.2293825,0,0,0.2386903818416977,0
28.4126169870367,4.50074356033118,1246.24614199749,335.361077882559,1824.92369484967,66.3418174694428,637.364026944817,0.0539918736842521,0.602918102277445,24.158616935686,8.82239608104934,6.59093952097864,3276.85128267108,94692.7246720719,2263784576.456562,2255915189.640409,0,0,0.2366652821953392,0
28.3406345942976,4.12880352918683,1260.57233163787,337.676704957008,1846.51117557687,67.1274054983192,644.586582713802,0.0537266473597196,0.621446109362328,23.9843571180735,8.96278519811635,6.58075793996857,3313.86665761601,93518.8487707956,2255874923.291697,2255736961.9082294,0,0,0.23448934890924453,0
28.2906392121303,3.79667058517038,1275.637698971,339.845324174399,1869.27491794892,67.9562676330116,652.096665585716,0.0533805623519208,0.642015598427886,23.8037935656819,9.11931340974209,6.56943160487309,3352.59999753005,92282.462476392,2246251283.542814,2255507851.085881,0,0,0.23208588291453838,0
28.2687387506267,3.49893871220919,1291.3628379721,341.824263232837,1893.11193091768,68.8243787234628,659.848573189145,0.0529629838579792,0.664513315393316,23.6105694249578,9.29173465803106,6.55696596865778,3392.83561679165,91104.3194276216,2237619420.2599406,2255234826.0160775,0,0,0.22977184773548603,0
28.2673060977617,3.23366785238632,1307.06328822577,343.554429052246,1916.99327768662,69.6942620145728,667.477949941964,0.0525077050722184,0.688765770441804,23.4105760739246,9.47491817734906,6.54357252108188,3432.83402018098,90028.610598457,2230305770.2271314,2254929431.0564504,0,0,0.22756340546695708,0
28.275477256951,2.99878811407469,1321.65630649684,344.892530562035,1939.28542431317,70.5067698174426,674.414153704142,0.0520619643947656,0.714486676102844,23.2000502788029,9.66009786028567,6.52962974781037,3469.80447875033,89183.8645745516,2226184093.300992,2254627736.001016,0,0,0.22562864049245357,0
28.2817340452539,2.78945286739718,1333.50838101938,345.526782411259,1957.52216027871,71.1730596678666,679.805342244878,0.0517038565798896,0.741274331412687,22.9501621932205,9.83311955164077,6.51576176085599,3499.46928405426,88706.577104694,2226419806.4004865,2254384265.868209,0,0,0.22407949731640817,0
28.2812100511043,2.59636375745006,1342.41393066226,345.37756864539,1971.37833138727,71.6821686526214,683.547565535467,0.0514752588498862,0.769332437502329,22.6419774734583,9.98939269851103,6.50215166401952,3521.24871075196,88400.2789334811,2225828325.979166,2254198433.796658,0,0,0.22245477372044564,0
28.2767119534085,2.41513366264997,1349.50939476087,344.662516702026,1982.55094043557,72.0958240899931,686.235849869443,0.051352787329839,0.798716173320998,22.2853791630757,10.1351504973013,6.48856351469114,3538.10384976723,88167.1005614273,2223701131.9020987,2254060213.3790784,0,0,0.22079021248217584,0
28.2693949621384,2.24452839634958,1355.8195024557,343.595080341074,1992.58377489182,72.4694978735589,688.412857010445,0.0513128332401918,0.829095724997262,21.9033168936142,10.2770071014639,6.47479242815148,3552.73334885991,87944.7085796893,2220086930.5012813,2253987725.152449,0,0,0.21917953636961937,0
28.2522250386466,2.08151231487781,1362.11233759514,342.279056019814,2002.65505374972,72.845118773485,690.490790136664,0.0513512913748752,0.860367130431895,21.5238580615893,10.4203167870421,6.46064642279042,3567.14040261958,87678.8777432568,2214702492.582989,2254009479.881794,0,0,0.21766221979776382,0
28.2199101120134,1.9278129588337,1368.454447363,340.717960802612,2012.87849801433,73.2262043058179,692.512720279781,0.0514653589996068,0.89238644974213,21.1609869017623,10.5654382297446,6.44613770688884,3581.50924687025,87429.45106314,2209177224.203582,2254107338.845713,0,0,0.2174865483129692,0
28.1748628797766,1.78605006462234,1374.42498208528,338.893322752439,2022.60830788586,73.5892387207508,694.266974800618,0.0516560307433156,0.924801526109536,20.8094379563048,10.7088530601661,6.43147959481644,3594.77888397386,87225.3461286004,2203792330.708789,2254263253.3135734,0,0,0.28269291810164926,0
28.1234046811285,1.65747775288151,1378.96784091343,336.681418220103,2030.26481714132,73.8766753323479,695.22103318115,0.0519451805136899,0.95701852474644,20.4534590588651,10.8422339120216,6.41713077075875,3604.26625745482,87198.0774478205,2200537924.14961,2254480157.956605,0,0,0.38710148270365713,0
28.0752964901494,1.53836652882927,1376.93084730252,333.038827356605,2028.26039351821,73.8114155649328,692.80071793063,0.0525634232019862,0.989417517779273,20.0671560970877,10.9485306238806,6.40380724515901,3596.67698337872,87514.4762638887,2196073069.058044,2254723740.9421062,0,0,0.430992385378933,0
28.0372416896427,1.42374139378901,1369.13193104209,328.170489391071,2017.84224215457,73.4386645894554,687.428203226232,0.0535378652842577,1.02385048859507,19.6366163920034,11.0208690287974,6.39159249823734,3574.19886894915,87984.1977565288,2186692745.4749384,2254946713.605855,0,0,0.4144286871010089,0
28.0084153206733,1.31712914704867,1360.46549178683,323.104693717503,2006.24547989919,73.0224251323096,681.56698960671,0.0546495534830594,1.05838666132114,19.1708217929637,11.0700548558948,6.38029516716619,3549.52507870329,88494.5910795863,2176687988.6766524,2255148532.5879264,0,0,0.388399882058351,0
27.9863890685699,1.22381785580464,1355.22130429224,318.697104983736,1999.77441431127,72.7931482764385,677.376457518358,0.0556770523615842,1.09054777025688,18.6946720374887,11.1179412690762,6.36932307765986,3533.71233379503,88768.2315022147,2165585990.8952246,2255340715.365234,0,0,0.36998138342381237,0
27.9719718280939,1.15198168047742,1356.75103999982,315.591375866708,2003.30569335388,72.9296832147301,676.540587618905,0.0563629583931089,1.11872016458024,18.2463641032947,11.1976255664247,6.35746334175076,3535.33346618195,88501.6871341201,2151116784.6430106,2255524052.9617467,0,0,0.36491693554411647,0
27.9645810691474,1.10086783710433,1362.06270191954,313.173713031573,2012.35096982889,73.2685451230748,677.566046288526,0.0567826993833035,1.14240165025556,17.8409919119048,11.3171745914971,6.34442996841872,3546.58674077703,88048.6334082568,2137574047.133851,2255697525.1590567,0,0,0.36426439432223556,0
27.9615668201615,1.0622648254831,1367.59619362278,310.770191451795,2021.65330871726,73.6174898282211,678.661329568708,0.0571247912636559,1.16333636013169,17.4642424249801,11.4585930311029,6.33077480697812,3558.30018892601,87582.6513562505,2124028446.564351,2255904205.221652,0,0,0.36464098552542923,0
27.9605885806853,1.02917850647652,1371.77285498076,308.062731508414,2028.91886722982,73.8923449476063,679.02583421837,0.0574816575452735,1.1835120259348,17.0974188579452,11.6058020068962,6.31692522875759,3566.4231281874,87183.5755071195,2110095701.0415053,2256173538.038986,0,0,0.364989589519608,0
27.9590440952187,0.996414828585176,1373.96891162166,304.86581507371,2033.25948188523,74.0601578269206,678.339625679798,0.0579082115859745,1.20423891953594,16.7241124422105,11.7482479539244,6.30315920483089,3569.32469295244,86912.3237296666,2096177111.3309243,2256498588.9731874,0,0,0.3649451622241425,0
27.9558077910446,0.962107964992701,1374.69547447369,301.232409693457,2035.4508895795,74.1490408262301,676.853714794633,0.0584001129189963,1.22634272473987,16.3383580648521,11.8844463783988,6.28942091641479,3568.30454969093,86690.3654357147,2080977580.66275,2256852329.7054973,0,0,0.3643101265786862,0
27.9517034284025,0.926993623817156,1375.00804021379,297.381711643658,2037.05894593881,74.2163687584203,675.095682278855,0.0589115120441063,1.2499051964574,15.9448025048941,12.0197192271052,6.27545127162038,3566.10131154911,86475.1250291319,2065024376.7085733,2257213253.6480074,0,0,0.3633465031257224,0
27.9479540234457,0.894980973145192,1374.6289795362,293.343341706412,2037.65728550461,74.2468634633463,672.940985193364,0.0594202472258087,1.27348530472765,15.5452454286254,12.1503490648278,6.26163196799285,3562.05542507829,86428.1243140202,2051984977.7943354,2257584142.6274085,0,0,0.3628206196507907,0
27.946253431937,0.86969548044567,1371.55471906223,288.870938110313,2034.26047725573,74.1320423986112,669.433677229175,0.0599858498596672,1.29428517353707,15.1316594801207,12.2562840509381,6.24933103358382,3551.11173790289,86783.0577357956,2044819417.2102027,2257985850.440752,0,0,0.36327476453422786,0
27.9482303518406,0.847655720848559,1365.40107668799,283.945610370126,2026.30697310036,73.851973370153,664.418423368963,0.0606986382786971,1.31154235944996,14.7020417645024,12.3295015699865,6.23909064322025,3532.34969960608,87300.6656370918,2037285060.574373,2258411466.256037,0,0,0.36360243211796045,0
27.9540623437178,0.826964848430675,1358.51877878732,278.981041754323,2017.29871200487,73.534530348556,659.049771022371,0.0614902839448827,1.32579347664269,14.2646638601181,12.3812268864286,6.2303247455349,3511.81356065309,87836.4142637103,2029148926.860232,2258858181.064196,0,0,0.3638474628090191,0
27.9490666425131,0.818607343553267,1351.23019678463,274.01012486542,2007.67415634251,73.1951913072155,653.492213013023,0.0621870787487657,1.33450207449338,13.8497212394386,12.4124847696535,6.22337414871546,3490.27840768636,88575.0060894234,2025058428.4859934,2259353723.020735,0,0,0.3647519927316189,0
27.8850811927057,0.845212570705887,1341.61467969725,268.652197809197,1994.47164726143,72.7253663180011,646.86235960361,0.0625355329516898,1.33078466249579,13.5441735403956,12.4035956652841,6.22028890509353,3462.7154304199,89807.1965576968,2028802606.8960695,2259948874.0804133,0,0,0.3667426774327922,0
27.7290635489741,0.902755772703011,1329.44413037432,262.821504319723,1977.29555648105,72.1107311932438,639.113854790897,0.0626297923120231,1.31101421606514,13.4153271880267,12.3494194799346,6.22198744474929,3428.49125820996,91237.9282823579,2032998620.5326512,2260630328.759236,0,0,0.3685440047594881,0
27.4954209972523,0.980638051629677,1316.15531330433,256.778306417643,1958.31437812138,71.4306144945209,630.94735765522,0.0626107105167776,1.27834837908178,13.4456908852693,12.263224295374,6.22741448923729,3391.32914122068,92703.0999681917,2035794457.3930514,2261374725.7338185,0,0,0.3699302436679554,0
27.2403951212612,1.14711390619564,1302.64759530305,250.877858504075,1938.89124337507,70.7337020248781,622.874939810951,0.0616726553573894,1.22953978923676,13.6643560963349,12.1593889446014,6.23645465828558,3353.75224460901,94209.8193249053,2039273027.0975628,2262109421.600778,0,0,0.35410870752270934,0
27.0699251467328,1.62393132904512,1285.9106835769,245.069673913394,1914.49578836533,69.8513336640889,613.788385153692,0.0584625993218597,1.14619126834707,14.287299618229,12.0563703748874,6.25132448918606,3308.55617106888,95792.3818301096,2041729128.2645338,2262656544.070015,0,0,0.3033199160399127,0
27.0375452999629,2.58126673808198,1266.4782776034,239.724473601668,1885.89468412327,68.8101255185978,604.085840808395,0.0543566840706314,1.0241627525271,15.4320379189532,11.9606361522179,6.2725779349554,3257.37446539805,97378.4032351725,2043523690.8863773,2262979815.5992637,0,0,0.2715008148052287,0
27.1055687463933,4.2038355751292,1246.2036581649,234.975078412557,1855.87833571626,67.713768629262,594.272959219636,0.0510243287831541,0.893139794166564,16.97114621768,11.851360991514,6.2965539584344,3204.61386310475,98914.9530693774,2045484130.4951692,2263060212.000196,0,0,0.2569735180098414,0
27.1966728288681,6.60408022415649,1224.99522907465,231.039690663066,1824.21195099159,66.5531099001283,583.82103883574,0.0491142736444307,0.782668556928355,18.7128510771592,11.6930595642143,6.32022989735858,3149.83172193899,100683.819093674,2053362300.6537464,2260206109.118612,0,0,0.2504838568721771,0
27.209368572881,9.60389439281857,1201.49224284872,228.956499246711,1788.52049401611,65.2351856338683,571.774242693678,0.0485579762962143,0.70165722960328,20.4575212810558,11.4555763727773,6.34362362776479,3089.9833012658,102935.893545917,2072976380.5424626,2257197485.220238,0,0,0.250249788196578,0
27.1106446426735,12.8554695583368,1176.72132549252,229.351481327077,1750.23038029575,63.8097886524311,558.714072375834,0.0489144468706711,0.644526754298121,22.1020343710972,11.1547402620884,6.36693180061043,3027.98994512387,105168.853875482,2096828242.0832405,2253999519.2364078,0,0,0.24856482833306073,0
26.9481689752161,16.1201553215518,1152.90581908894,231.730369958416,1712.8985891275,62.4110105484932,546.0468082043,0.0497570319592099,0.602020344923203,23.6796176750932,10.8292367687387,6.38986073459501,2969.32593236185,107203.006423392,2122897829.0686443,2250639635.9006734,0,0,0.2415659608255434,0
26.7797665269712,18.9642144665854,1134.68424484947,235.621735862389,1683.78757032422,61.3104159000515,536.301468045455,0.0507276228691654,0.568859324546533,25.1405223439462,10.5333235292253,6.4106804289292,2925.43825854271,108216.915197253,2139165382.6351557,2247091906.302702,0,0,0.23455908514858245,0
26.6490688492983,20.6977805039655,1127.75542652339,240.797286165577,1671.71068200784,60.8361240032326,532.406832478439,0.051451477821383,0.54261063679788,26.3030671141985,10.3278231017783,6.42677351516078,2910.4428813607,107719.706633377,2141455207.8028338,2243321891.274443,0,0,0.23140494266904116,0
26.5572513044088,21.3368500037465,1129.91307843758,246.8693949208,1673.35394694493,60.8668434499395,533.311993114027,0.0518643859986397,0.521095336034556,27.1641792297792,10.2037247747284,6.43879339351168,2918.66135786678,106843.533868945,2148108035.515842,2239372032.0544643,0,0,0.22949303891701936,0
26.4824010283432,21.3618905590507,1135.90728062204,253.559990632634,1680.71030365461,61.1065693565399,536.39660954774,0.0520883582589629,0.504061704163323,27.8411892867132,10.1203398235381,6.44862449203865,2936.87687018635,105876.261302157,2158118085.6301203,2235277216.504131,0,0,0.22811809854735612,0
26.4273326990354,21.0180034622131,1143.89049678448,260.485404534438,1690.98574463278,61.4535914281835,540.69934648146,0.0521281629767935,0.491599618757404,28.375015979668,10.0653711381602,6.45665676662049,2960.22416002598,104783.327737146,2167450671.7808256,2231059411.5999646,0,0,0.22688437831571817,0
26.4268894164073,20.3384267416085,1153.77460618402,266.836666208136,1704.10933777923,61.9097542701193,546.148164772332,0.0519565420779545,0.48345930390576,28.7476566031567,10.0423156755149,6.46253906844158,2987.92511109054,103544.326087404,2172852350.0455804,2226728938.103437,0,0,0.2255312729353142,0
26.4896252232643,19.3649665874163,1165.23612340754,272.344599836505,1719.62182127561,62.4594523960146,552.524555960403,0.051598009510591,0.479219929514589,28.9568700824546,10.0504702200304,6.46618899839901,3018.9753395323,102289.578565494,2175794993.086822,2222304702.2967916,0,0,0.22412654227730275,0
26.592094966574,18.1892285537999,1177.62900776402,277.352770253131,1736.53604525252,63.0640013836115,559.42327531005,0.0511126789235858,0.478520236673186,29.0260306310999,10.0839415709576,6.46783745057984,3051.97820354932,101071.669666295,2177855620.867964,2217801688.3612466,0,0,0.22258442378264426,0
26.720026018623,16.9392128366807,1189.87734813611,282.083199280984,1753.28333321733,63.6634063807154,566.26114946574,0.0505719069686761,0.480878806142958,28.9791287101689,10.1322150939092,6.46799655435907,3084.47237058298,100041.192027158,2182012112.1586394,2213278159.2329698,0,0,0.2210367979473591,0
26.8796545330822,15.7786833713722,1200.49316729869,286.476423241535,1767.80329561636,64.1803150664668,572.307189873741,0.0500419732278226,0.485689148721847,28.828596264166,10.1807916136324,6.46740837406111,3112.92802345675,99312.7855756762,2189380160.539013,2208804856.1666794,0,0,0.21953119829280376,0
27.0739736232055,14.7536393383381,1209.26562053178,290.462109335943,1779.85541202371,64.6058208651297,577.448579044361,0.0495417055134051,0.492434584768808,28.5826833920877,10.2253789254463,6.46635354162436,3136.84135691917,98718.1258458725,2196122118.209399,2204367027.6308575,0,0,0.2177595930671358,0
27.294663229626,13.8146186515435,1216.87263374778,294.061877670911,1790.36736854324,64.9749380684411,581.974686479044,0.0490701613039317,0.500551731451833,28.2584727053591,10.2687767288712,6.46480695380791,3157.78012077129,98213.7039894156,2202163317.185939,2203251489.2273192,0,0,0.21585789167036057,0
27.5199412863683,12.9403262811214,1223.4802580024,297.323937071704,1799.48621610208,65.2932683075083,585.923407902081,0.0486466676538971,0.509518351054162,27.8774585831213,10.3093195882782,6.46296098746726,3176.06563648363,97837.2812382109,2208760923.4748282,2202375159.7445283,0,0,0.21403415490951538,0
27.7067277107381,12.1461750196206,1228.79242686598,300.320497551176,1806.72278221946,65.5418165648986,589.122264443775,0.0482960707125718,0.51888821646043,27.4567696107137,10.3417005409162,6.46117860401692,3190.96756607239,97620.1872234577,2216638023.0447373,2201608431.2636952,0,0,0.21237033166478633,0
27.8380098901752,11.4394524428021,1232.73636272881,303.071589263874,1811.96927542235,65.7161915007449,591.536492832473,0.0480268433032605,0.528312380812083,27.0076167158783,10.3633471248356,6.45968640762492,3202.32417987487,97508.5101153005,2224657150.435213,2200958313.674131,0,0,0.21077599404513359,0
27.9330962608256,10.8137417541937,1235.4988228379,305.53696931619,1815.51987652538,65.8278091080971,593.276336704676,0.0478343114392114,0.537468434070044,26.5389482722198,10.3746303847728,6.4585622672792,3210.587555599,97477.3725940096,2232403041.498544,2200448578.9553523,0,0,0.2092754284406948,0
28.0159651534651,10.242941638536,1237.88479788652,307.754011094937,1818.60340230427,65.9225123040038,594.764212907798,0.0476950709316324,0.54626174390162,26.0674277769447,10.3819205298234,6.45756918761746,3217.7940554557,97367.7903577994,2237246135.419838,2200108191.710963,0,0,0.20766004301528454,0
28.1074260917588,9.69130692494963,1241.35259595073,309.907575573736,1823.42733352077,66.0817155789235,596.744036296538,0.0475621923988734,0.554750196309917,25.6265618083121,10.397753556266,6.45615491476111,3227.68937179187,97039.1596507098,2238072633.0909476,2199950082.470869,0,0,0.20585804723367215,0
28.2137569114817,9.17174211742739,1245.99332656465,312.063971834447,1830.12047412638,66.3099467160628,599.266310812503,0.0474203095053107,0.562728964995559,25.2349473393177,10.423312991241,6.45430684163138,3240.54224139301,96689.4208494777,2239740997.378176,2199935934.2923512,0,0,0.20436605419448853,0
28.3267998736056,8.71514417773361,1250.75366540416,314.102433437871,1837.09014661511,66.5484910327248,601.81241879163,0.047287841869276,0.570197069430444,24.8851950758519,10.451161905133,6.45237886321508,3253.66965769061,96375.2848092117,2242108107.6788073,2200032353.740268,0,0,0.2031107304772663,0
28.4431806231571,8.3170860496173,1254.65802408568,315.871232775132,1842.83791084443,66.7423657905268,603.892136722815,0.0471901851754459,0.577241408974992,24.5571035059791,10.4735545672586,6.45072009880408,3264.52923950637,96195.4958511265,2245989128.5650034,2200230572.1546297,0,0,0.20205313463322638,0
28.5735911731194,7.92658723919364,1256.78409306226,317.181200586327,1845.89492751866,66.8380626158833,605.018510183106,0.0471852617202864,0.584155121424204,24.2175351655476,10.4813587067779,6.44969975949752,3270.62055818734,96235.6005515688,2251804372.8822136,2200534515.813049,0,0,0.20117756231012343,0
28.7225014936834,7.50896529680681,1257.33938464641,318.019299075124,1846.53953482691,66.8460848680599,605.278463169641,0.0472944331037604,0.591607287729083,23.8534589012821,10.4749877786545,6.44919297326638,3272.40250163125,96331.7495156622,2255861107.489494,2200925496.9854417,0,0,0.20016779759804726,0
28.8820989701445,7.08086427937422,1257.25136784079,318.557672499561,1846.20011640536,66.8186098931771,605.143616048989,0.0474816137785286,0.599622971588519,23.4801640740328,10.4621537956087,6.44883494064437,3272.3197068061,96424.2059197866,2258260271.7131324,2201385258.2819057,0,0,0.19913723964852809,0
29.0500273903151,6.74283508930482,1256.59611529155,318.851217579463,1845.08503279339,66.762298654485,604.687995283521,0.0476711284378677,0.607205105675093,23.1148326820636,10.4442514320461,6.44870628576968,3270.70891473027,96596.605435619,2261303040.74346,2201906990.6214995,0,0,0.19831738486446382,0
29.2369273708644,6.68364973285249,1254.59988081298,318.734198705232,1842.22275619436,66.6396735286223,603.617072831939,0.0477124237483443,0.611835194802829,22.767167131287,10.4166816283196,6.44942198380561,3265.77754033587,96934.3075833258,2265858582.0115952,2202485559.9942145,0,0,0.19760605867691994,0
29.4468935649655,6.93459349328066,1251.26898573905,318.17074710824,1837.69387656083,66.4530468093853,602.005453685111,0.047562706180838,0.611425707018622,22.4403301415391,10.3807087948977,6.45130049870004,3257.62302192236,97310.5002460895,2268888369.479392,2203103042.6537695,0,0,0.19683058103033066,0
29.672303883137,7.38105953686974,1247.25674509095,317.315992453276,1832.37287461827,66.2353601661811,600.156728321008,0.0473254302763108,0.606912401803395,22.1322762342776,10.3404549686176,6.45404721549319,3247.85333089223,97682.2673076801,2270416398.1847763,2203745166.489963,0,0,0.19621242066689967,0
29.8953352788237,7.97850262003564,1242.9083147752,316.386811316548,1826.60211991414,66.0003680778235,598.185912039355,0.0470635342769371,0.59984850688644,21.8887788762493,10.2963368731624,6.45742789499329,3237.28068364285,98070.7870401153,2271960167.1228495,2204346584.595027,0,0,0.19575238810300827,0
30.0816659591538,8.82166923633239,1238.30555380589,315.681921645995,1820.27553659866,65.7456383242964,596.087060701515,0.0467560121055957,0.59050487690394,21.8492530218326,10.2469780647148,6.46150672776617,3226.08909297446,98497.0773295889,2275295572.4248133,2204801614.9329762,0,0,0.19532920100223541,0
30.2175400550277,9.94059238968172,1233.53686485452,315.317345322749,1813.44352868523,65.4735604309445,593.908050800877,0.0464321634845263,0.579099537314156,22.069990462732,10.1925189922065,6.46630178853874,3214.50832799772,98924.9174068149,2280171982.041602,2205132061.4380064,0,0,0.19494611688795566,0
30.3188284488175,11.2495025518972,1228.71054073666,315.179176301234,1806.36172509446,65.192891346378,591.735750314235,0.0461568425833872,0.566929827414228,22.475671086987,10.1337692690215,6.47161507063063,3202.82498880908,99337.3149850804,2285797230.771368,2205378010.9771595,0,0,0.19468969934343816,0
30.4019927567906,12.5714362401518,1223.70570073265,315.15625320298,1798.93044756989,64.8983775798661,589.5251312127,0.0459884286853384,0.55519972963839,22.9432665273012,10.0688154833486,6.47736821534315,3190.74314990935,99789.7103111699,2292633795.4326997,2205580881.439448,0,0,0.19458843365654946,0
30.4724977583606,13.5967698067146,1218.21701789486,315.234412445907,1790.69046688601,64.5704054263081,587.100728000623,0.0459893879341033,0.544905857927983,23.3107047153042,9.9931937396517,6.48362168837131,3177.48531637237,100328.217105572,2300814580.979228,2205780640.8866014,0,0,0.19459906680478095,0
30.5293105386868,14.1960218750251,1212.42728908911,315.453397250123,1781.9029806835,64.2177258591154,584.54938948361,0.0461453192604117,0.536554087503399,23.5209729866664,9.9080407465385,6.49024883887184,3163.51419672173,100853.49796617,2308155026.5181017,2205961925.8600726,0,0,0.19457308107820034,0
30.5714946702607,14.4940770816576,1206.81998380274,315.843646702259,1773.30581253342,63.8688926069253,582.143407123489,0.0463878084838283,0.529579921089764,23.6401226619013,9.81890478640785,6.4970629926611,3150.07072699244,101331.272508116,2314717258.4372377,2206117045.0984597,0,0,0.19454646161862374,0
30.6169532547492,14.6246025822181,1200.68870411873,316.312494082303,1763.81774706158,63.4876038796632,579.546777419264,0.0467102284523356,0.523182497219661,23.7491572867309,9.72035957819692,6.50435969935949,3135.34521254402,101990.898670249,2324974101.4304266,2206294627.9936795,0,0,0.19481309596159935,0
30.7125684361391,14.5798690869337,1192.24664955538,316.649182393112,1750.67025514343,62.9787773078043,575.863224516683,0.0471933699135221,0.517202232590635,23.9134140994211,9.59661287721744,6.51277398385557,3114.71656295091,103019.938635312,2340737259.013376,2206567951.612166,0,0,0.1954003403721714,0
30.8727006606978,14.3212739800895,1181.74782451627,316.8713749418,1734.21312070915,62.3576669925834,571.196251248292,0.0478560312918462,0.512167251117208,24.1396881982458,9.44929422728626,6.52208041202852,3088.78047467128,104081.78704903,2354558647.787862,2206936092.7104073,0,0,0.19569279664978026,0
31.0703240425195,13.8962649666392,1170.86436355884,317.187674888855,1717.00330449367,61.7145838545242,566.346393072753,0.0486358076023982,0.507838395127778,24.3913135834236,9.29213178117761,6.53164856159773,3061.81790384344,105078.018344705,2366549152.7054925,2207397479.824721,0,0,0.19578669095711232,0
31.2612346114241,13.3903018837741,1161.58650091362,317.863124100951,1702.07945170066,61.1563381657143,562.27654953735,0.049440319257634,0.503863208118225,24.6334577925576,9.14031807690426,6.54083122789418,3038.93782396341,105777.284703484,2374514094.104954,2207917726.656081,0,0,0.19563989377915858,0
31.3850475022502,12.9077654971979,1155.82956537367,319.123666702919,1692.3589013579,60.7856080902562,559.924801328797,0.0501476297114867,0.499943980503318,24.8423848583539,9.01013234626348,6.54895088608796,3025.0355380246,106024.713844876,2377917410.3649926,2208448747.8203464,0,0,0.19538694093325615,0
31.4309134353261,12.5043145298366,1153.00754138387,320.867198500783,1686.97412425926,60.569916829025,558.992666322925,0.0507326486919289,0.495755646660907,25.016777703659,8.90023218819759,6.55610831620724,3018.60312263226,106140.721530259,2383048498.4571815,2209013264.2188435,0,0,0.19553490416323185,0
31.4333010339308,12.1551748047766,1151.43975907316,322.849329790267,1683.39669049341,60.4188448080423,558.64195001842,0.0512459909904624,0.491772732180987,25.1658222971191,8.80027670784899,6.56269266435249,3015.32938115088,106205.249001363,2389077120.152405,2209624138.7574687,0,0,0.19582386522676945,0
31.4100453089924,11.8004450300186,1151.67031379624,325.002896475694,1682.47970868979,60.3652714973525,559.17214510997,0.0516505990821819,0.488755418542679,25.2730442215062,8.71665711408891,6.56834462667954,3016.55178412791,105925.695453067,2389757647.444626,2210234870.973124,0,0,0.19569394669171333,0
31.3526318179519,11.4083996591413,1155.60609783162,327.287024234942,1687.17220014602,60.5177442798025,561.59046924429,0.0518389953525258,0.487029465877637,25.2927389802545,8.66735892801097,6.57226800771029,3027.03490114094,105114.322472098,2382638950.608532,2210775178.8747506,0,0,0.19508777814397335,0
31.259688297315,11.0010544506499,1162.74097806926,329.56356268626,1696.73818821492,60.8493832208789,565.651596735958,0.0518087784352277,0.486323433711301,25.2193099481926,8.65108744991406,6.57455678467432,3045.45947079554,104194.742904616,2376125085.748585,2211245768.6036854,0,0,0.19466086614302158,0
31.1420122295293,10.6043854946943,1171.24674973123,331.724334571998,1708.40127961601,61.2585489911024,570.410236322613,0.0516367259205955,0.486811058389198,25.0843604653527,8.65473743965758,6.57574403306386,3067.20737875931,103279.90703784,2370432849.7129555,2211649387.5970855,0,0,0.19424150353554248,0
31.0204763974575,10.2033422307736,1179.89140925651,333.720351322613,1720.31020140878,61.6775898448683,575.229910563222,0.0513868890938702,0.488703246398412,24.8986763846612,8.66932232163172,6.5761726272661,3089.20337067703,102460.9021414,2366185483.471134,2212041000.2591996,0,0,0.19373665713953495,0
30.9314751663112,9.74250932732069,1187.78118789026,335.516896624205,1731.16637079466,62.0592376310927,579.655947494009,0.0511348831175575,0.492215868408835,24.638334007337,8.68766996205389,6.57609438967004,3109.26312188199,101803.179406282,2363824260.379374,2212501939.2801666,0,0,0.1931120626203394,0
30.8860930168091,9.21224421291063,1194.86858638949,337.118376766351,1740.92043902976,62.4017115753651,583.655387477057,0.0509137832357213,0.497593640683972,24.2970278246129,8.70827966052783,6.57551580889379,3127.28837744256,101211.643951173,2361172645.4326496,2213017633.576482,0,0,0.19221789388470173,0
30.8664879599376,8.65910001214668,1201.52742562808,338.532771289829,1750.11608258014,62.7247036688812,587.403214620724,0.0507119549446921,0.504555852082359,23.8982704541815,8.7328459721293,6.57438848207723,3144.17912904639,100668.681822011,2358358681.956198,2213573252.0452657,0,0,0.1911489870061779,0
30.8532297885408,8.11296543250963,1209.21466778953,340.00574880236,1760.92686285661,63.1067026957234,591.631136093722,0.0504734397113286,0.512910147257276,23.4858103050017,8.771773753547,6.57230029590196,3163.68464240646,99870.542058571,2350677686.716919,2214148580.0282364,0,0,0.18964214739260674,0
30.8304139315741,7.58486942558434,1220.33360067925,342.069801312951,1776.95837789106,63.6774823573609,597.555763244273,0.0500979590348833,0.522498055561191,23.129383480199,8.84418921689805,6.56846953984522,3192.10913774383,98593.3622698482,2337008212.149106,2214722362.24094,0,0,0.1877146309943056,0
30.7951558857291,7.09842116623233,1234.37334179474,344.705582779352,1797.44271364074,64.408719601323,604.911471999554,0.0495910563652243,0.532719906612368,22.8512098454264,8.94810561056221,6.56304129707152,3228.17659010931,97299.1897484465,2327434943.772402,2215305124.835635,0,0,0.18615952409849643,0
30.7549061021672,6.66648182187601,1249.03286993123,347.448317092375,1818.93126204047,65.1758744138386,612.526614653394,0.0490374267577133,0.543611642350704,22.6200774975422,9.06698524981346,6.55669262549291,3265.88363065349,96122.4536851382,2321232912.9332924,2215903545.0072675,0,0,0.1848244570502472,0
30.716156320101,6.2771914125498,1262.26486812751,349.818296034795,1838.38520248447,65.8698035644102,619.369930934299,0.048515340031048,0.555351175392678,22.3983352232292,9.18527406900593,6.55004513004655,3299.87416735757,95246.8242618625,2319390445.460577,2216565165.0298605,0,0,0.18370722486336707,0
30.6822584561728,5.90057704107642,1272.033474182,351.288236640814,1852.82877098451,66.3842439930598,624.430822716678,0.0481251327632345,0.568161074498222,22.147739594868,9.28598325820841,6.54377338534222,3324.83703455221,94824.8871474612,2322275488.609387,2217357083.8326373,0,0,0.1828002284155035,0
30.6538146313763,5.51401534807084,1278.44822023271,351.802466074328,1862.45853993365,66.7270190780405,627.768645867104,0.0478977239757804,0.582649860571887,21.8564404410206,9.36688914984265,6.53789069613881,3341.03287920566,94574.8936511499,2323163442.7297044,2218248167.4000306,0,0,0.1816232277362919,0
30.6297310063186,5.12262069762544,1283.08995407825,351.724464056804,1869.60308187234,66.9817976169195,630.163584164759,0.0477902622531625,0.598699868349231,21.5412036847478,9.43752785896042,6.53201776331762,3352.56591061932,94388.3869191109,2322113104.7932405,2219204493.8017607,0,0,0.18028026584408283,0
30.6057597351515,4.73400546476362,1287.36586081577,351.326961424065,1876.30607520457,67.2218125829455,632.303580989738,0.0477723310368781,0.615918665682302,21.211574584344,9.5070560746184,6.52582788027098,3363.02001495674,94151.3357631732,2318517543.845816,2220166300.5782695,0,0,0.1788406770008707,0
30.5721800176103,4.33888574052836,1292.51584319762,350.633931509975,1884.35116875783,67.5114531867325,634.787928991616,0.0478434665897201,0.634408917379872,20.8511370238298,9.58395421983215,6.51894026021675,3375.371129309,93767.4023824009,2311224856.939424,2221049686.5213833,0,0,0.17736944216526984,0
30.5245949906668,3.94808886165326,1298.52528724218,349.568163695346,1893.68838161789,67.8488232158519,637.586896655488,0.0480144615910232,0.654333948129246,20.4493822891422,9.66777723919962,6.51132286611715,3389.4856961244,93378.3257219186,2303448561.072263,2221858230.636936,0,0,0.17614376239253043,0
30.4672083922553,3.58517530929339,1304.51707947113,348.116393930788,1903.0275971314,68.1870395443385,640.257848549025,0.0482840611001353,0.675527462770634,20.0163616643453,9.75217190214613,6.50325744669369,3403.22326114431,93036.9505165306,2295638210.3137803,2222607575.2037244,0,0,0.17511737382478237,0
30.4023323869294,3.2603152789023,1310.03240764652,346.324364293285,1911.71354249485,68.5022635299115,642.582026862189,0.0486334837737194,0.697771300785799,19.571146949548,9.83454043317461,6.49489291712982,3415.52965028263,92721.0686050666,2287006675.105698,2223304655.8766875,0,0,0.17417860499673365,0
30.3242091970311,2.97279599046561,1315.20891241645,344.256487627915,1919.97667516615,68.8026939289315,644.639887268002,0.0490333636946072,0.72088352434644,19.1391453119557,9.91648241272465,6.48619500481929,3426.82013519226,92400.1229108808,2277208214.5206914,2223955757.146872,0,0,0.1732759077436018,0
30.2291872184315,2.71958959743783,1320.12183906981,341.933857080896,1927.93514132954,69.0925369352815,646.472542529329,0.0494638061037706,0.744622453305102,18.730991130096,9.99891346177845,6.47716177006263,3437.30209724738,92105.832733018,2267196894.083031,2224560128.708116,0,0,0.17247904500882624,0
30.1205609476566,2.49671206507795,1324.67071830164,339.352197405349,1935.42554815076,69.3659314984073,648.027308423,0.0499204565826315,0.76879242886366,18.3384695435858,10.0811145934861,6.46785827787879,3446.71257222679,91846.9871096798,2257057541.628626,2225114974.6551976,0,0,0.1717986455917406,0
30.0081866159203,2.29732703878386,1329.82424017667,336.730554436493,1943.87226926725,69.6744955774541,649.787783677437,0.0503729942162095,0.793731718083647,17.9545279878704,10.1708823382725,6.45791237973026,3457.56505724352,91417.1961542798,2243241764.8886423,2225559806.3295627,0,0,0.17098606254297258,0
29.9093280913111,2.11820225359587,1337.7814455425,334.582508771279,1956.53561903034,70.1361802525769,652.852543331912,0.0507268943942099,0.8200114110923,17.5792399660034,10.2871862662035,6.44641937737466,3475.60303603816,90605.1921271856,2224075421.2264476,2225851497.4979835,0,0,0.16993703968933105,0
29.8301768179176,1.96011940034316,1348.67103036121,332.988890233633,1973.60672175366,70.757857702794,657.282252241494,0.0509433801184455,0.847201937940283,17.2098768058058,10.4340732158299,6.43323886581327,3501.19875212199,89707.0464063445,2207056434.5169954,2226063619.258838,0,0,0.16919647060966014,0
29.7632444841522,1.82020793160306,1360.77256319201,331.584377993594,1992.53220790061,71.4472397371558,662.214176411708,0.0510800973782615,0.875136623836382,16.8414669092273,10.5998143904307,6.41889741823299,3529.88173525937,88848.3466212495,2192548177.5552173,2226228829.5596566,0,0,0.16872548417664052,0
29.6979709235248,1.69409586978847,1372.53692242635,330.013744182459,2011.00540598553,72.1212044712603,666.870445412154,0.0511972412598647,0.904153221566385,16.4767038849784,10.7723992595161,6.40387879898066,3557.59952713531,88124.358508389,2180499078.6726794,2226384174.224005,0,0,0.16845821130151273,0
29.6216460155874,1.57847870760373,1382.65401754725,327.984727705588,2027.05596515285,72.7091493999825,670.594432412189,0.0513469484922615,0.934400611397461,16.1318231930752,10.9403133762557,6.38868390117287,3580.91390051752,87623.7957656183,2171210800.696875,2226593486.891233,0,0,0.16838063019734384,0
29.5292463223699,1.46939303081553,1390.98490561413,325.459065678111,2040.46036599718,73.2033899110133,673.316594040834,0.0515552822698607,0.966266858595656,15.8183598630075,11.1005371486587,6.37341338438128,3599.4415486347,87227.666555255,2161600009.90997,2226843757.3368173,0,0,0.16826169719843626,0
29.4254701312288,1.36463323462963,1398.31956375932,322.60642920761,2052.39673406506,73.6463473725697,675.430894842827,0.0518125605237362,1.00006108163886,15.5317665483541,11.2578821340162,6.35781923335232,3615.24047637123,86874.7956866306,2151346580.4890385,2227128321.2318664,0,0,0.16811678020010948,0
29.3206576793121,1.26360780145581,1405.66972238847,319.650878856829,2064.38945715638,74.0926519228422,677.443706681776,0.0520982268345471,1.03595410384928,15.2606327938202,11.4198554896033,6.34154150140223,3630.96682119484,86469.7883574999,2139590695.5074232,2227435560.757553,0,0,0.18012115708844423,0
29.2315621706674,1.16691217631559,1414.26642354234,316.857346540774,2078.30923750857,74.6092656592094,679.970547104596,0.0523722713038553,1.07422060851058,14.992250137873,11.5970569246101,6.3240535315392,3649.86108331391,85908.6599801401,2125546604.2811587,2227741492.975785,0,0,0.27543865749953983,0
29.1657745521324,1.07505091788883,1421.37838184217,313.662048632955,2090.15570941131,75.0519564048164,681.717218596082,0.0527476898557688,1.11535304461838,14.7181590297495,11.7911351179459,6.30520124351192,3664.9339064511,85314.6362677151,2108356048.2571332,2228026685.346559,0,0,0.3544994506170249,0
29.117235495278,0.98713828219903,1423.72181042329,309.429555866241,2095.05993661438,75.2452876167056,681.102328331427,0.0533935590590667,1.16221745113444,14.4368000601752,11.9921044929143,6.28504720485697,3667.74328584813,84755.6283270949,2085216060.0326056,2228237015.381185,0,0,0.35281690321674347,0
29.078168343633,0.906965972070574,1425.01154084646,304.98877873096,2098.45194834259,75.3844988922792,679.878872399243,0.054106194432585,1.21350343141406,14.1513362444112,12.1950915907087,6.26397863567611,3667.82701573339,84246.7039013452,2061960250.5416675,2228340924.472303,0,0,0.33039096170564414,0
29.0445651398105,0.838043261781933,1426.48564588643,300.587956121894,2102.10322429029,75.5335121360542,678.633920587291,0.0547832116393125,1.26625112307827,13.8662577393894,12.3999128483884,6.24241912601406,3668.30898922837,83788.2346770265,2040300837.023514,2228293855.9286914,0,0,0.311235450256269,0
29.0152732797807,0.779875883363094,1428.29705436382,296.245508415228,2106.20831538391,75.6994853073137,677.446924047706,0.0554119451274539,1.31838394567588,13.5842739636939,12.6073780287951,6.22063975368769,3669.54749709973,83375.0416623148,2020265183.371302,2228116565.541159,0,0,0.3006617385410285,0
28.99002044704,0.73056924671192,1430.2632644397,291.931002766213,2110.50427842191,75.8729195546725,676.240507911819,0.0560108172960805,1.36899848700476,13.3055679761349,12.8178213951469,6.19876540791729,3671.09047232701,83002.8567455514,2001497767.236923,2227828532.6284165,0,0,0.29703108956227303,0
28.9708751816779,0.694658455110339,1430.6540823195,287.354508839137,2112.45479450557,75.9618305052687,674.215511489397,0.0565598131909836,1.41564242142147,13.03615781233,13.0174175546314,6.17783714226477,3668.57063799156,82941.5450465709,1988266114.328276,2227445279.3559403,0,0,0.2978573301841092,0
28.9716485588809,0.68470868643476,1425.1841542531,281.777077937748,2105.76261912252,75.7375643513199,669.419040295424,0.057008543832573,1.4512809358681,12.8032102499949,13.1650139343576,6.16096201733327,3651.15683267086,83653.7929417024,1985962023.555117,2226999023.279472,0,0,0.30131804529510975,0
29.0135801651494,0.697214940029437,1412.50665105828,274.954285494299,2088.49023734756,75.1289753185225,661.318581657409,0.057461020234694,1.47134535725764,12.6347283478678,13.2399788689455,6.14997590341474,3615.52284779207,84792.2289921043,1984019251.3648689,2226488821.5173078,0,0,0.3051073740269971,0
29.1047739024113,0.724688971355908,1396.85254949415,267.640161851878,2066.92277802228,74.3626138951208,651.93964368066,0.0578732650601873,1.47651167926023,12.5331870881909,13.261455267764,6.14392809893496,3572.50109004941,86054.6206445777,1980452280.7033963,2225912340.5101237,0,0,0.3066413431879401,0
29.2362050792538,0.807349777031393,1381.55182482302,260.487231618466,2045.92068776739,73.6146550503764,642.915872617158,0.0575469513395082,1.46186129360402,12.5465552894213,13.256099434156,6.14233213577357,3530.60540822712,87386.5549742225,1978589757.2730749,2225280223.116119,0,0,0.3074116991355133,0
29.3935443115223,1.08242537007113,1368.9566235536,254.091172429528,2028.78175391504,73.0057725537282,635.65030217442,0.0549469452618714,1.4046058356692,12.8806368075673,13.2503417264256,6.14761101722455,3495.97453756136,88837.4695784104,1983832512.6748974,2224677133.3703933,0,0,0.31378030899116277,0
29.5678221247784,1.64516606949129,1358.67550356225,248.48971631275,2014.79171748173,72.5117404046005,630.215461668014,0.0508637854247537,1.28902423547122,13.6896338195811,13.2588819218744,6.16171194398772,3467.7201696244,90351.243633428,1995268525.5491984,2224174475.398131,0,0,0.31769518816998243,0
29.7573805721676,3.17601046763362,1347.27169607567,243.035881980426,1998.81866375067,71.9448751602073,624.565000698083,0.004910156917388,1.01973389729416,14.9267804943734,13.3537086859817,6.19186233640496,3436.74985183901,91888.9732419913,2007005708.1083996,2223773658.4982686,0,0,0.31514562042898414,0
29.970951844843,7.478092945823,1367.16376795645,243.215842000181,2028.73030069374,73.0057936214056,633.046383069342,3.1985102665766602e-09,0.302892292612716,16.5276582650673,13.6903665616302,6.27047521692536,3484.84790296841,103022.564031295,2277202339.67058,2226105325.571361,4,2,2.8427871112499523,3
30.2121585796028,16.4418628219651,1340.36930188034,237.794268448227,1988.36210934632,71.5093953827761,617.968656383783,7.29277489520372e-11,0.0274406928425619,18.1626679860309,13.3347912952038,6.32380709146509,3413.84418395624,105721.441614231,2296093265.862527,2228429459.793445,4,3,2.721367728792484,4
30.4975250764733,25.6216171297504,1316.16422895725,235.773644457194,1950.90055097782,70.1010242504355,604.929353169718,5.10957363643382e-13,0.0086914364217609,19.694474210289,12.6557725004111,6.36225062733626,3351.25939502582,108647.368251852,2331622546.443689,2230875233.7971997,4,3,2.787950750198574,4
30.8124778305507,33.440702954768,1289.11622655587,235.375362039642,1908.64076167948,68.5112120026121,591.800177408343,1.6790867123004401e-15,0.0076219021251392,21.0925967752724,11.9943965333001,6.39857043121109,3283.2097840739,111508.958866951,2365786574.124936,2233405324.891536,4,4,2.8734824234946488,4
31.1118413184377,40.2766635492152,1266.18248696624,236.459650222283,1872.3036475881,67.1371576280694,580.838259226302,1.6248619368262099e-18,0.0058863668890065,22.2880038878566,11.4294036745492,6.42926296266284,3226.19929995814,113364.17440973,2386421555.1320605,2235980910.021712,4,4,2.954581366611812,4
31.3241700235832,45.9006694842474,1255.97684560876,239.205558755351,1855.0323111434,66.4574259611127,575.700224624818,8.00691164569231e-22,0.0037099339455617,23.1460524156448,11.0066141947266,6.45192866885078,3201.31318813663,113526.222514781,2390385904.568375,2238573938.11302,4,4,3.043069535115478,4
31.4420565299607,50.5037605999348,1256.70153248868,243.25578973548,1854.15056227679,66.373134201921,575.472351275472,2.91250694703995e-25,0.0018358889489248,23.6990622142746,10.6934369319514,6.4685557036813,3203.88177012292,113156.030944222,2399179010.4375024,2241189260.768454,4,4,3.1288927878555537,4
31.5049386270499,54.5734450211522,1261.83241969142,248.126638035137,1859.77962960306,66.5239886448906,577.073506761978,8.600315169667519e-30,0.0006346913185806,24.0713997791335,10.4329020157488,6.48229805414029,3217.5574326323,112582.856869261,2410645411.5610113,2243819753.7469006,4,4,3.2035959584684823,4
31.5487597555784,58.3003685553301,1267.45711092769,253.271776205131,1866.03212702697,66.697781686111,578.738064651423,-7.116898395722949e-30,0.0001159658105136,24.3409157335361,10.1941367456037,6.49498783535285,3232.43068188493,112070.905650563,2424169549.182683,2246493908.7198367,4,4,3.267017337935343,4
31.6106403820277,61.6359097370833,1271.44356248384,257.81829347435,1869.80537992932,66.7865714485032,579.571128335758,-2.82347190051699e-29,2.04495923028743e-05,24.557661236425,9.95763597368123,6.50785352543204,3242.81294333032,111808.27433647,2438697727.311539,2249263131.39969,4,4,3.3204056166011453,4
31.6974109930629,64.5606901787197,1274.28565491128,261.55395209944,1871.91184576391,66.8204183688156,579.839732642414,-4.43347768995705e-29,4.96052162583783e-06,24.7275081202174,9.72335990456497,6.52093762565087,3249.83629320547,111515.029147476,2448173213.891793,2252100404.5330753,4,4,3.3648216603107333,4
31.7914763562089,67.173137729348,1277.49470472739,264.936282687838,1874.598720736,66.8775066906245,580.269643472599,-4.89476751091004e-29,1.24287740034823e-06,24.8405103093729,9.49781650169684,6.53382789098851,3257.51175676603,111143.337195075,2454830721.5982347,2254985561.8323493,4,4,3.404507205203054,4
31.8749851962509,69.6472063046883,1284.07655812838,268.501436957521,1882.35353184913,67.11771635095,582.298048240244,-4.57941225493675e-29,3.12123176969137e-07,24.8939635221408,9.29997564670427,6.54552373968288,3273.55323706375,110147.650828757,2451801994.7029486,2257795873.108852,4,4,3.4376749674810125,4
31.9356573170323,72.2813252910959,1298.14534197853,272.762002678883,1901.33304822727,67.7620147879297,587.861160576761,-4.02724870298478e-29,7.97236347752591e-08,24.908103568329,9.1585950622034,6.55459813454243,3308.34962997695,108172.504518404,2437119207.184286,2260376488.178074,4,4,3.46404742922014,4
31.9793419778063,75.2354704499038,1317.91715325479,277.562399377825,1928.84939767313,68.7130293000213,596.109472890725,-3.52287053483369e-29,2.12870912546921e-08,24.9209590447778,9.06154684406163,6.56164566326283,3357.4223238361,106107.687269231,2427447258.3726983,2262786125.0547748,4,4,3.486186078569455,4
32.1328520720524,75.2168937531946,1280.7288260059,275.563246417367,1871.81937463544,66.6222799159945,581.278391739512,0.0100570091441845,0.0155280804725264,25.5183909442833,8.70146237429,6.58843525030016,3265.76105215539,94989.4452867556,2132296158.5525718,2262058342.152344,0,2,0.6060429886173534,0
32.1976297376521,59.5264129514917,1291.10588726052,278.893984321485,1886.35013595041,67.1187527620008,598.4351024999,0.0179088614971599,0.069662451684472,25.8843416602083,8.74121615480981,6.61236216259443,3299.89495932799,93723.3288845103,2124138942.299342,2261176863.181766,0,0,0.505186761861639,0
32.2167142634124,40.2544154151943,1304.40663971533,281.848607478115,1905.81022432951,67.8027816687171,619.400429058068,0.0277093564090607,0.132819790352205,26.0251826317881,8.90843843320854,6.63083545265503,3342.842664224,93497.4655957042,2140510265.06573,2260383865.7028184,0,0,0.5304239900536346,0
32.1992076412618,28.3747560213468,1309.95353002545,283.181435185313,1914.1764034088,68.0934148013578,631.515288152967,0.0356024073721016,0.214867410940128,25.7730096869391,9.05047003762574,6.63020122649568,3363.07829272263,93632.3748689401,2152199771.0016055,2259629101.333718,0,0,0.5423428881269335,0
32.1548140266688,22.3898601332407,1309.8068027252,283.281272555767,1914.27709788023,68.0907775012724,637.406626029608,0.0375246995847302,0.287342832523397,25.2956901681108,9.14407069394136,6.62122672394614,3366.65904166184,93852.4893184586,2156528181.248472,2258838738.206113,0,0,0.5269539450240612,0
32.0986486215547,19.126972188159,1308.69001678016,282.91978267299,1913.02279347319,68.0416988865642,641.135846509514,0.0384560324377916,0.348969612706241,24.7546863829996,9.2066017913809,6.61068874269729,3366.60410384467,93799.9205659376,2152291354.044879,2257953792.5667906,0,0,0.4968564883638263,0
32.0513611050551,17.1019034525867,1311.49709574448,282.884036453632,1917.61978089048,68.2044805214059,645.632095120149,0.0387555486299091,0.399620733703732,24.2506179748128,9.2805795465366,6.59959081942208,3375.66980977381,93166.0577793844,2139542507.0624008,2256927437.0873265,0,0,0.4648026820402861,0
32.0227700348684,15.6710906910362,1318.66891686715,283.368454750938,1928.69231981463,68.6008303815224,651.381680152718,0.0387425176708906,0.44011633281792,23.8175429654115,9.38108219154238,6.58807692087629,3395.20738669829,92422.1213686807,2129999077.5630417,2255784292.089252,0,0,0.43740806486700295,0
32.0069606316316,14.52646569481,1327.40012529599,284.019144461804,1942.09461361798,69.0812790134163,657.273450710468,0.0386253813944122,0.472341796349,23.4329026570941,9.49603141107896,6.57670121481048,3418.30338320003,91745.2917208637,2123880637.5779011,2254552755.942368,0,0,0.41543142435381414,0
31.9972214973323,13.4888029668655,1336.10294856854,284.584679367946,1955.4994679385,69.5623271929749,662.771828827513,0.0384895044451693,0.498457924502589,23.0740763487154,9.61699093823687,6.56572539138873,3441.08097561773,91111.6588978166,2118376637.9165518,2253223459.164779,0,0,0.39950655483284475,0
31.9934826006982,12.4581931957183,1344.70260277556,285.08910678954,1968.79869377793,70.0405865046759,667.981577245551,0.0383547455198322,0.520376932031443,22.7380172212424,9.74399687821492,6.55505009026638,3463.46428046435,90470.5512874326,2112326169.891645,2251770561.2169614,0,0,0.3877263305067825,0
31.9972419424717,11.3893340603938,1353.28474399842,285.5832860502,1982.11451210446,70.5206782902584,672.980505278557,0.0382359270435002,0.539686478810782,22.42724169387,9.87756905090044,6.544522962786,3485.71687412951,89868.5980689468,2107050144.3325377,2250220447.01741,0,0,0.3785986270632362,0
32.0077336808636,10.2681253600751,1361.68509559165,286.023929416599,1995.20901218735,70.9939110262226,677.690170523691,0.0381620641614383,0.557916458108963,22.1397401444595,10.0161657257013,6.53400804162339,3507.41340190264,89320.1342638847,2102623642.888043,2248599232.133815,0,0,0.3710556776720977,0
32.0113345212425,9.12416995234194,1368.97448144492,286.248153807047,2006.68777485195,71.4100328702279,681.646132547914,0.0381809406501364,0.576318686970833,21.8747924350818,10.1520116363819,6.52359942306732,3526.15210817279,88982.7088647566,2101483742.7016337,2246934447.7792125,0,0,0.364924982536273,0
31.9671640863747,8.03744860079698,1373.20129794805,285.924314143568,2013.58996269639,71.6629014117538,683.837611634649,0.0383517447650464,0.595683831781376,21.6408464142872,10.2681171565672,6.51380764168507,3536.84572064013,89043.2026033306,2105410826.1925898,2245263116.9894314,0,0,0.360132261344676,0
31.8497439765981,7.05133374014083,1374.14833897012,284.943194699806,2015.55639378085,71.7399978554358,684.132737143786,0.0386870116969979,0.616587181068378,21.4449489589221,10.3601096326704,6.504689567075,3538.83487012894,89253.0483205574,2108066787.5129678,2243587892.177281,0,0,0.35554039801475046,0
31.6722635666629,6.160511398072,1373.3629937074,283.515078690493,2014.90249721268,71.724432843649,683.3146033059,0.0391644447449788,0.639150160195317,21.2829845882522,10.4380730750548,6.49577597118559,3536.07274749669,89485.2281343621,2108435012.950624,2241900586.081092,0,0,0.35100236680876973,0
31.4709664310927,5.41625758762548,1370.98270205017,281.800119526202,2011.85964999423,71.6239746024407,681.470185514501,0.0397507720285625,0.662488778381402,21.1587973606027,10.5015582355302,6.48716655577755,3529.05059754217,89916.3679315382,2111236497.2456586,2240226381.186538,0,0,0.34767857684785125,0
31.3043070864419,4.95196270942724,1364.84864055197,279.727024855098,2003.25945301705,71.3242858203523,677.577092840437,0.0403360881608991,0.683251901917184,21.109209906666,10.5342000086166,6.48004061826617,3512.51929076961,90794.358362024,2120088385.8213964,2238609639.659419,0,0,0.34894137663723945,0
31.2073605237002,4.77942222579008,1354.615320146,277.327306399695,1988.61265951105,70.8076187093977,671.575909795081,0.0408167822151752,0.697299401520409,21.1622018582203,10.5337478415106,6.47521793606167,3485.75012736765,91837.1464456707,2128025793.835364,2237024783.5322704,0,0,0.3583706565386343,0
31.1674358237141,4.80427329035706,1342.17552350903,274.801176152385,1970.7106922859,70.1741572777994,664.483216948004,0.0411980607640415,0.703531766239088,21.3055303547544,10.5125082780434,6.47244031538662,3453.53291711955,92903.8372740924,2133935799.9960616,2235442893.628361,0,0,0.34819666564974544,0
31.1597698345219,4.93406633456934,1328.97300875745,272.342433326679,1951.65257630807,69.4986117593689,657.016233265072,0.0415570746361771,0.703258180873661,21.4872852367383,10.4778634633265,6.47123469804532,3419.48822086271,93966.0151542945,2138869701.0885334,2233841184.312276,0,0,0.336197408617568,0
31.1753530725334,5.07153845581706,1315.59148169715,270.150523062351,1932.26181868407,68.8087844309011,649.413750366392,0.0420111219412139,0.699052932835018,21.6043262623219,10.4305799160479,6.47119219767151,3385.11497617001,95014.6688896154,2143421964.9673777,2232201677.895486,0,0,0.32873773562818526,0
31.2141151248281,5.19195667168021,1302.11219627604,268.308962795473,1912.64124418504,68.107415361852,641.694836562081,0.0425930014067183,0.692998372655132,21.6048049177165,10.3693755074639,6.47206619902721,3350.64342390963,96051.2270453224,2147802955.669927,2230531343.8241506,0,0,0.3264939872660923,0
31.2745538608719,5.33331266061078,1288.5313529579,266.76459465773,1892.79230264371,67.3952165544961,633.906940580926,0.0432518911974972,0.685134779065297,21.5251718412227,10.2950603943247,6.47385577745576,3316.06131620413,97062.7004812964,2151719414.9486165,2228833449.6211443,0,0,0.3274935279266763,0
31.3385044107477,5.48727615895669,1276.26849155933,265.641059680502,1874.83820745034,66.7491713622781,626.80826990514,0.0439327078331348,0.675753191422061,21.4183165367353,10.2204040689702,6.47602233837342,3284.96693225264,97772.7261704976,2151117505.7963705,2227022443.4166226,0,0,0.3240744802200937,0
31.3576339202422,5.59031604928573,1268.07080612634,265.339375356875,1862.86056353116,66.3157448911229,621.766967507759,0.0445780039792636,0.66631845537761,21.3267851249082,10.1690907465749,6.47733275957622,3264.35856251391,97929.5706586274,2144810473.1236386,2224981539.3969383,0,0,0.3171688898233938,0
31.3124279850652,5.64474467291566,1264.09199492174,265.924019147526,1857.08226093131,66.1027938300818,618.834190786906,0.045140621026157,0.657413492915903,21.2617740627968,10.1450388220032,6.47748043444481,3254.63873047305,97880.2465648665,2140953518.5396993,2222756485.9672694,0,0,0.3136441687431741,0
31.2264691300538,5.68575908388723,1262.41839389252,267.073563522667,1854.6734936777,66.0091417334707,617.059532174954,0.0456202455964468,0.649083961747345,21.2056490433791,10.1370659105091,6.47692860029759,3250.91533726932,97739.1657285326,2139118086.3975606,2220387412.3598957,0,0,0.3112746488784313,0
31.1129107687085,5.73072565620107,1261.09162023672,268.388671566178,1852.75261123052,65.9323450298596,615.485270277426,0.0460400592077094,0.641414827707219,21.151568969214,10.131625458974,6.4762598362539,3248.15206114873,97722.6059941672,2140846959.4760563,2217953379.7075114,0,0,0.3093356903435707,0
30.9515219162702,5.77633918344857,1258.00601246427,269.361779737968,1848.23562357584,65.7635637888439,613.093300041023,0.046464826710073,0.634450629655491,21.1223152786192,10.1116500657763,6.47622351893293,3240.89642033454,98018.0574150961,2146686001.2795954,2215544719.196205,0,0,0.3078229188736987,0
30.7319680589978,5.78931943437515,1253.31628653221,269.876525541675,1841.38342233795,65.5130368417272,609.972967462987,0.046926904401963,0.628944594497757,21.1270451237674,10.0771472067396,6.47672570952911,3229.47558756818,98337.6979586549,2150161179.926533,2213118809.6281776,0,0,0.30591584240909575,0
30.46956476913,5.75099864352726,1248.58126626347,270.206845408935,1834.5038901789,65.2628019606738,606.88065786147,0.0473988724537783,0.625157466618155,21.1502024433403,10.0401231337297,6.47719205800956,3217.87503113749,98596.2998444672,2151754407.7320094,2210646698.040465,0,0,0.30380052276645897,0
30.1974227820714,5.6439518457458,1245.81652408068,270.693352547921,1830.60122244939,65.11962823514,604.802320936603,0.0478412593632177,0.623249755721053,21.1698829369893,10.0172872576536,6.47684503729008,3211.26127979106,98523.2625639343,2148606732.1681786,2208134709.3396688,0,0,0.3012069728831625,0
29.9678105549199,5.4486266957213,1247.42952784049,271.654685799173,1833.3115327077,65.213185198393,604.926410817726,0.0481957635296025,0.623754109474679,21.1627604832307,10.0301406936752,6.47461542539021,3215.79080511777,97909.7169588673,2139541002.7033706,2205602439.04899,0,0,0.29813279768579243,0
29.7948317990211,5.20235879277142,1252.80877046098,273.05011216973,1841.73459517863,65.5108701876156,606.931912587438,0.0484501212198948,0.626383332702667,21.1270210600668,10.0766409971021,6.47057242019358,3229.93978381842,97186.4834828125,2133094546.1743448,2203070870.928425,0,0,0.2957057307514739,0
29.6524641867611,4.95117716542217,1259.56164102735,274.601744133962,1852.27230807997,65.8839302232672,609.616211481661,0.0486433538511713,0.630803243447759,21.0769036542014,10.1392343482576,6.46551847126482,3247.6199889411,96497.9334018651,2129108424.2287357,2200557074.829631,0,0,0.29371195975596187,0
29.5197729852171,4.69324868131094,1266.44335443904,276.10375881262,1863.03216480054,66.2652668099822,612.34532602882,0.0488187682935479,0.637248654763006,21.0124364376439,10.2083356113708,6.45983277930201,3265.59442851254,95856.0882733244,2125953646.6281524,2198054659.8625164,0,0,0.2918014365213728,0
29.3904689689615,4.39340563591626,1273.18525646796,277.419721075665,1873.56459260805,66.6398969229059,614.95263121265,0.0490465862893765,0.646577768084529,20.9099540956656,10.281049603104,6.45348621454572,3283.04008927654,95255.9607341084,2122776511.1446192,2195543745.8079877,0,0,0.2898503905399251,0
29.2653666977675,4.05442815314531,1279.80307859915,278.50801278933,1883.87841052443,67.0085845068837,617.411556228128,0.0493567910211211,0.659652783368425,20.7586337481977,10.3564139596883,6.44634942753901,3299.93028863045,94700.6402145149,2119529285.0966594,2193026627.4711547,0,0,0.28787119886886836,0
29.1462835619348,3.71074172334852,1286.30899218952,279.404394520339,1894.01899566596,67.3725572390432,619.719290232597,0.0497241155130964,0.676262504614881,20.5718825083354,10.4342454643465,6.4384347332123,3316.34132063937,94188.335843431,2116366372.1303916,2190505874.2438025,0,0,0.2858833935864401,0
29.0381834429669,3.38073201028892,1293.31091314365,280.20724045238,1904.92353961016,67.7650514837223,622.179122433665,0.0501122536769606,0.695988825272205,20.3631450908423,10.5197632392576,6.42955868041532,3333.86071076642,93586.2619918766,2111245384.4466584,2188011787.7618203,0,0,0.2836536223690939,0
28.9505130405071,3.0694897782831,1302.05963157851,281.068956343332,1918.47596460668,68.2535065738499,625.404070817057,0.0504734221877679,0.718754513657161,20.1375459236285,10.6240989974896,6.41920976761645,3355.66984911723,92770.9382075806,2103009163.5993602,2185574297.6727605,0,0,0.28111597964264395,0
28.8850442561513,2.78908629766414,1312.47600251616,281.994183661676,1934.56132621892,68.8337051066611,629.348341085424,0.0507760998484536,0.743998123939237,19.8982429043518,10.7479751582192,6.40741076398176,3381.57779908865,91935.7549380889,2095894966.521358,2183162422.909729,0,0,0.27884375144441365,0
28.8357045487181,2.5445603952767,1323.41374862145,282.856235587451,1951.46573151299,69.4441584020796,633.449356840542,0.0510336063279002,0.77106252798325,19.6480861545723,10.8828343795431,6.39464791279103,3408.68990500374,91156.3915479644,2090144488.0160038,2180755251.8168406,0,0,0.2768011839085603,0
28.7873590431947,2.33248596473209,1333.47612160319,283.480857046713,1967.08679072135,70.0094468957455,637.019608753991,0.051287989735802,0.79948217577092,19.3803509419338,11.0168375994513,6.38154642985024,3433.44983627213,90577.1803935328,2087268617.735319,2178337316.1113687,0,0,0.2751138527458453,0
28.7082431170616,2.14217775709038,1340.92794841074,283.626594803098,1978.78800556025,70.4348983532106,639.197218929229,0.0516357512332247,0.82896357016846,19.0693366686151,11.1333301134132,6.36894196609834,3451.39301644724,90343.7636641834,2088337627.4737637,2175900463.3912063,0,0,0.2738616439952016,0
28.5837277367631,1.96295251247063,1345.64001295352,283.245422338039,1986.35143443803,70.7127154011577,639.909274258071,0.0521372864073296,0.860153707652028,18.6993435340558,11.2278965994547,6.35697287579506,3462.13906685031,90252.8011685962,2088440276.5260475,2173455430.4099183,0,0,0.2724328331954765,0
28.4268532633942,1.79436622424606,1348.81874532637,282.496355270425,1991.59171873021,70.908042418626,639.75010437962,0.0527601954503156,0.893288777164996,18.2807951304013,11.3087718194198,6.34523418299185,3468.76528184398,90209.8223685887,2087026665.9901755,2171006613.3390527,0,0,0.27085210604778054,0
28.2442226314377,1.64325507352744,1350.65724820953,281.401913055302,1994.83633634035,71.0329217482503,638.848230701467,0.0534660871028808,0.927153319445378,17.8310165175886,11.3770584777238,6.33387123402879,3471.81697127438,90316.3934052774,2086760234.3262577,2168592474.698224,0,0,0.26953003084480287,0
28.0158471624493,1.51260063255812,1349.92704757232,279.679187171213,1994.33463854469,71.0257101450191,636.679840601527,0.0542852018531828,0.95990088435338,17.3600396842983,11.421951255486,6.32370794206365,3468.21078798613,90709.0437359721,2088894253.770267,2166276530.915212,0,0,0.2686700422604418,0
27.7296690433958,1.39583254406581,1346.39533285196,277.202131575365,1989.78658658863,70.876338019356,633.179190621515,0.0552797962909352,0.991053840683406,16.8714823939759,11.4399514639965,6.31503125678982,3457.35836130924,91215.3498955851,2088824963.3613036,2164040868.4390564,0,0,0.26768694383548974,0
27.397695952649,1.28939035278271,1341.16923378711,274.183909095943,1982.81013005193,70.6421788613269,628.871106098177,0.0564412970166442,1.02075984881507,16.3678172622905,11.4380400062415,6.30750916122227,3442.07681827701,91750.9413749126,2086159568.1909366,2161858799.250277,0,0,0.2665559494556284,0
27.0624926056315,1.18896989702364,1337.07937154498,271.128438971737,1977.57791106582,70.4715910085651,625.078983839877,0.0576953407927062,1.05004418794466,15.8649357549552,11.439070075461,6.29989238534788,3429.56080637502,91917.6150207868,2075996402.692244,2159660775.5793033,0,0,0.2647531674585128,0
26.8045601756212,1.09425648827312,1338.62673132215,268.779755911119,1980.77227102094,70.6026616814485,623.899342532657,0.0588278546869053,1.08096408580344,15.4024367582176,11.4841384845936,6.28984798802912,3431.24763584981,91316.8842830057,2056010552.164054,2157356633.263088,0,0,0.2620695312059426,0
26.6492145377891,1.01245129548093,1345.97278230017,267.245371130512,1992.61480753756,71.0426927554881,625.376543130403,0.0596878169761404,1.11270060475534,14.9953488298764,11.580713912962,6.27706634495673,3447.57211752999,90505.7414606685,2039240206.2979598,2154982084.431994,0,0,0.26007065131381274,0
26.5571147097013,0.943661482686623,1355.66890984493,266.031653964787,2007.96168958753,71.6078843663674,627.879587756326,0.0603688264056409,1.14398901882838,14.6248423688249,11.7046020250598,6.26290787656466,3469.79071813089,89712.9047696715,2026015881.804454,2152575400.475492,0,0,0.25862536255357504,0
26.4885386457993,0.884751978816555,1365.32690581112,264.751952774414,2023.26473655871,72.1719399992928,630.289174398165,0.0609582781024222,1.17503887488237,14.2672823540896,11.8367388713175,6.24829771018621,3491.83450759514,89026.2924466227,2014928931.5887892,2150197141.795285,0,0,0.2574309383807993,0
26.4162705541173,0.833215944462498,1373.70567737114,263.186261554872,2036.68667289705,72.669739225679,632.032687773409,0.0614978110783596,1.20609194204834,13.8990564537289,11.9661081225487,6.23376284208677,3510.54722409721,88506.9687928259,2005591250.6088831,2147921265.0180187,0,0,0.2563957172067118,0
26.3332642432181,0.785453025554571,1380.85259223558,261.318161688058,2048.30842496479,73.1045027521254,633.138751725563,0.0620152000875571,1.23772446509655,13.5109794942109,12.0921250026643,6.21925829546547,3526.04522704304,88055.2430605885,1995771412.838312,2145720379.3755324,0,0,0.2772335528887224,0
26.247793352658,0.739160546097439,1387.55669152189,259.261515691058,2059.31170707242,73.5184845279088,633.971579122741,0.0625097763956022,1.2706808437978,13.1103472424832,12.2207119074896,6.20437125193694,3540.32884777031,87622.5794269491,1985444892.6585045,2143563053.4911919,0,0,0.3525340574713397,0
26.1661553093659,0.694840780503129,1394.07653693513,257.054740450159,2070.0939940546,73.9253916464951,634.651529281942,0.0629757442059509,1.30501186425321,12.7054200843376,12.3545327707042,6.188950588334,3554.06409447106,87229.3410472635,1975448832.9308443,2141427113.4313812,0,0,0.43675340444519756,0
26.0856069788664,0.654241295562588,1396.14121604041,253.943978818467,2074.33328353678,74.0977470634405,633.266067317358,0.0636301154391053,1.34128675242881,12.2974410829141,12.4897880180976,6.17312739553376,3556.42406672512,86913.2476571666,1960836042.6418297,2139235709.701641,0,0,0.4584446228954172,0
26.0029844692295,0.616950761985951,1395.29374006504,250.213130566784,2074.34660607768,74.1174401253648,630.526185505955,0.0644328417530521,1.38034699851417,11.8855889926907,12.6232324108932,6.1569590806746,3551.37048966128,86636.2378960487,1942938820.516997,2136957988.9787972,0,0,0.438309959860487,0
25.9194300023013,0.583394668593412,1394.4441241778,246.389070563052,2074.45008366951,74.1390142047003,627.746203875741,0.0652317755277902,1.42028990652016,11.4714575420314,12.7570181226747,6.14058269836321,3546.30431280939,86379.8038204498,1925347015.5468864,2134603826.8439837,0,0,0.4154804474637413,0
25.8356620046253,0.554156440907793,1394.19929089616,242.614290655296,2075.5032688685,74.193969956542,625.194925078131,0.0659976239444865,1.45921571362825,11.0614231631837,12.8915720282587,6.12423395028657,3542.75308686581,86164.9430890634,1909431507.3228276,2132206335.3003938,0,0,0.40096221151141165,0
25.7493517353674,0.529895305565408,1394.13749325308,238.872674755622,2076.80539652485,74.2583590950952,622.676393303898,0.0667438158429813,1.49570903478011,10.6719438746112,13.0238403393076,6.10828052896767,3539.61689130832,86023.8354022308,1895478368.318229,2129809791.17578,0,0,0.39464842958132507,0
25.6589066767606,0.510241632573952,1393.8987692837,235.136596299584,2077.7771626212,74.3120677573789,620.029280185198,0.0674905251898365,1.52904813957819,10.3143070508009,13.1517314745219,6.09295109317881,3535.96733227996,85930.0987736528,1882502284.861905,2127457147.80708,0,0,0.3931447461393213,0
25.5651451758442,0.494592051771901,1393.44909449331,231.399534782331,2078.38011239644,74.35342731195,617.24462454535,0.0682378695396367,1.55902573961287,9.98517814791101,13.2754960564306,6.07827343718728,3531.73240202626,85868.3697060881,1870100240.2032123,2125216358.0171902,0,0,0.39345741562831166,0
25.4702706046391,0.480619854012851,1393.01884251719,227.679854936805,2078.99020976148,74.3953936748984,614.427534310706,0.069014566993944,1.5861076225018,9.67241101399652,13.3973329447281,6.06406279395266,3527.51267457295,85794.5391557844,1857537717.6606994,2123086956.6330137,0,0,0.3937288312207079,0
25.3774525886305,0.464128108687053,1393.09932369504,224.023537508035,2080.37104948525,74.4651234189098,611.78354139714,0.0698934512198449,1.61197642183745,9.35641631408451,13.5217027314797,6.04981282530364,3524.54804298966,85652.4648423873,1844123703.5723026,2121043444.82623,0,0,0.3931864833127761,0
25.2873129938337,0.446059155598695,1393.66389138843,220.415894203423,2082.49436796603,74.5615390372118,609.286976064435,0.0708544830441309,1.6377564624578,9.02472178717781,13.6492630026702,6.03530075254762,3522.76561529234,85498.5931034415,1830997172.1430573,2119071903.0426025,0,0,0.39205576569135425,0
25.198037286235,0.428315517149219,1394.20832317844,216.796856695114,2084.5998808042,74.6572982287663,606.718434622938,0.0718724751598373,1.66316157794149,8.67985713159905,13.776613795415,6.02075937010778,3520.89972534794,85364.6033871448,1818238120.0202568,2117162948.3840954,0,0,0.390544540415802,0
25.1099218481303,0.416601476011829,1393.56854738842,213.023265079285,2084.93375930392,74.6893839270058,603.596486813123,0.0728416557692348,1.68577004499373,8.33017553008167,13.8931462415306,6.00716102912698,3516.04147629242,85414.8310027416,1807944217.9106278,2115284595.2964118,0,0,0.3892833260806608,0
25.0328555580259,0.421470918144185,1389.5655197697,208.808770029013,2080.22659885333,74.5403766308698,599.051727818727,0.0735606084321394,1.69950933025434,7.98542227295631,13.9768653441439,5.99670269292077,3502.76376847291,85878.711857053,1802219069.5768874,2113370606.1924717,0,0,0.3888086184254575,0
24.9808474486705,0.440096048603416,1382.00247341541,204.135360985182,2070.18437438368,74.1997046881468,593.075835702208,0.0741217928908937,1.70088947214681,7.65403666293063,14.0213630810442,5.99036550775825,3480.62569592618,86529.0595124814,1795870751.291571,2111410725.9833748,0,0,0.38804232668353794,0
24.9576933261133,0.466520405283441,1373.14153921548,199.324606678399,2058.19604425593,73.788951295315,586.651361034191,0.0745925801779597,1.69140968719492,7.3388546969097,14.0400807787083,5.9872145756615,3455.3226711112,87213.3314876741,1788448174.9102767,2109410683.2146966,0,0,0.386918812688694,0
24.9581557213385,0.525652611818609,1364.023021253,194.604181977489,2045.75913726379,73.3615463343039,580.265320389183,0.0742581098458526,1.66695864441537,7.10446286973775,14.0377352191344,5.98768299393843,3429.49754105155,88102.1760735651,1785058675.3859313,2107394734.4450388,0,0,0.38629901567189934,0
24.9827995431857,0.697473314263284,1353.46790207191,190.073573448465,2030.90815120046,72.8462746472421,573.651283380259,0.0714544285575255,1.60721034506797,7.183562733452,14.0058213013022,5.99565455470838,3400.34277819404,89483.1456101305,1791100140.9138186,2105387105.5725276,0,0,0.3869383546711421,0
25.0380926243574,1.01433503394381,1340.20655994612,185.738520929118,2011.59676486088,72.1694520252171,566.487027186162,0.0670059336536944,1.49908927280552,7.74779819574478,13.949082362565,6.01318175627491,3364.80400177589,91056.3141371503,1799567534.9851959,2103348553.587486,0,0,0.3871460878963852,0
25.123739747486,1.50326844707667,1325.61380551772,181.719586940884,1989.93810269796,71.4073441041469,559.256589797846,0.0623181960090872,1.35563736732912,8.73022946317897,13.8765637497285,6.03773045097884,3326.26898597156,92644.0204490729,1808294029.4681642,2101278640.268317,0,0,0.38668811823349236,0
25.2523198340472,2.19694882035351,1311.64166451298,178.566733014561,1968.94807406893,70.665910151981,552.493547604328,0.058195653819102,1.1979041724679,9.95641615749567,13.7703054109994,6.06684833621859,3289.75144623076,94490.7025440725,1824983239.407824,2096568024.64058,0,0,0.3864794833931756,0
25.4796069169317,3.06952890842744,1293.1216310786,176.88642383011,1940.84519502862,69.6567350663187,543.69870061095,0.0553829601302709,1.04789137490063,11.2230970025405,13.5831172850493,6.09959879221473,3243.04721961824,96910.1363113793,1851617172.393285,2091938065.3336086,0,0,0.34935926143752816,0
25.8368200106679,4.09111295907134,1266.78722474974,176.971156525556,1900.70858354948,68.1983928055421,531.346761607056,0.053912094189424,0.925224851436654,12.405153501749,13.301329935341,6.13370415041349,3178.40591048274,99476.7625871627,1876883028.2610126,2087201195.352539,0,0,0.3041566377179551,0
26.2928895121433,5.25221072656232,1237.31128771195,178.766275719027,1855.61567803023,66.5500486709827,517.497943753367,0.0533130465363131,0.831586162271244,13.5178915396033,12.9569699364931,6.16716890318009,3107.14836296807,101988.053634235,1901528283.6620023,2082365171.49355,0,0,0.2818549490005493,0
26.7742593892407,6.40323963369848,1210.28790991708,181.739624505251,1814.04735893133,65.0240258497349,504.678661161268,0.0533636216199248,0.76142446601672,14.5543975957107,12.6028302075376,6.19797719181859,3042.52255757175,103886.663179994,1919806666.2652125,2077504599.7345207,0,0,0.269499330845325,0
27.1754362843399,7.2163727203909,1191.20833456972,185.22745438023,1784.30976312935,63.9250143270359,495.296049022474,0.0538915520811373,0.710856193722273,15.3958155646744,12.2963432598338,6.22354738780151,2997.36434906319,104743.204689673,1927920777.7427733,2072687254.6634204,0,0,0.26417494586096046,0
27.4703944759521,7.63472523232678,1180.05321929571,188.981921142296,1766.36312508266,63.2519612969145,489.35812151098,0.0546541747905024,0.674056586471896,16.0204933358887,12.0410583195604,6.244509134406,2971.44128706219,105218.723784964,1937618776.6996427,2067879335.5619843,0,0,0.2632114829558873,0
27.7062858929298,7.8194190102201,1172.84581226821,193.073716361576,1754.22048377241,62.7867283695761,485.200041617801,0.0555458908360106,0.64617005412397,16.5020559522687,11.8124432583044,6.26290254604577,2955.22511758687,105486.923454957,1948366978.154016,2063063935.213995,0,0,0.2580520003884244,0
27.9114304709815,7.83114372846186,1169.29561083646,197.504718864635,1747.57464446608,62.5198848350031,482.727565669178,0.0564217058437676,0.625651242264233,16.8826939918562,11.6192838787945,6.2783889073441,2948.15716013564,105201.587491364,1953636846.029111,2058162552.8894787,0,0,0.25211365797692775,0
28.0872898377914,7.66774373955882,1171.61123397388,201.9789812049,1749.98713251861,62.5863049643755,482.934292282056,0.0570728688410458,0.611895155881502,17.1960619190865,11.4923061925862,6.28925197666249,2955.60412424,104151.728854223,1950953121.2967453,2053081879.9101574,0,0,0.24684852021203996,0
28.2335444962502,7.37566519024869,1179.11771813884,206.324778146366,1760.47477440354,62.9519156076183,485.515977703405,0.0574414175341275,0.603672879858497,17.4612259119853,11.4303236036214,6.29564548226806,2975.83047781046,102885.703053466,1948970720.2080874,2047881853.9342859,0,0,0.2432077288529706,0
28.3520866004621,7.00033205391294,1189.42605731216,210.597038805737,1775.31116592292,63.4786878841199,489.381566736251,0.057615961359213,0.600411426344731,17.6679716374785,11.4116127512992,6.29881401599336,3002.94341637773,101578.031224832,1948268662.3452415,2042605165.8170671,0,0,0.24053862043953897,0
28.4360142233574,6.53100951284436,1201.38110112823,214.836473394994,1792.69838740516,64.0992853885428,493.98483087341,0.0576950704285643,0.602391018954761,17.7893625083164,11.4257993777887,6.29927652850602,3034.095941224,100227.616110502,1947492728.964448,2037351944.2989578,0,0,0.23817252151475668,0
28.4672037468567,5.93670266184236,1214.70690598536,219.032055134647,1812.25179795103,64.7989626473861,499.169740087503,0.057791426252322,0.610392648993615,17.7904697996832,11.4703062533883,6.29703122122956,3068.61870592519,98835.4056778491,1946145845.805978,2032237638.451267,0,0,0.23583584477783442,0
28.4437731729127,5.25756041030174,1228.90158036519,223.127880934636,1833.22790925401,65.550889239864,504.677025229069,0.0579927855699102,0.625150894017679,17.6740453148007,11.5391765684505,6.29224370133714,3105.24263730115,97507.3569029474,1945608113.504643,2027218480.6922247,0,0,0.23360268415203334,0
28.3817521953759,4.57740441648825,1243.25841227363,227.049873690655,1854.53483106239,66.316055452101,510.165632301263,0.0583272414494162,0.646678478885573,17.4767018946148,11.623940811457,6.28533515807801,3142.15699564358,96285.9725083656,1945963479.791032,2025277515.2884588,0,0,0.2314293928820157,0
28.3034698722507,3.94700003021205,1257.91094659981,230.764957168791,1876.35386088437,67.1017136369048,515.663422561383,0.0587744311819227,0.674782989464554,17.2266906674824,11.724180629719,6.27634187200374,3179.62403216146,95051.0795456319,1944974890.3115158,2023411223.0802524,0,0,0.22908080073114157,0
28.2403722948157,3.38955747659022,1273.81420552333,234.305824589957,1900.10777139329,67.960074842045,521.55065401482,0.0592654802309733,0.709278810459933,16.9385498462148,11.8478469024293,6.26485709779652,3219.94374689265,93693.5658087141,1941450814.873648,2021337687.1407511,0,0,0.22650949633708,0
28.2061367541334,2.92532788156102,1290.7466614568,237.672533399129,1925.44686100676,68.8786007915429,527.723304195898,0.0597220661227181,0.749088501041889,16.6261755751481,11.9925506903224,6.2511780643143,3262.56072884986,92410.3105801455,1939224005.28885,2019119189.5812435,0,0,0.22417585846075536,0
28.1911712134295,2.55318252557267,1307.56278523376,240.808635614654,1950.64444608187,69.7945255788707,533.710174983215,0.0601150293227651,0.79267806129091,16.301586113412,12.1473057817745,6.23616485383006,3304.67595897604,91265.0637282921,1938481350.6520655,2016847868.4291975,0,0,0.22204653882818223,0
28.1827692930754,2.25881283882629,1323.25967830859,243.631015824221,1974.19657247503,70.6529661538228,539.106247798258,0.0604406875702501,0.83874077516835,15.9749980766849,12.3019267460635,6.22060931330214,3343.82520870569,90321.2871606058,1939583173.356402,2014632158.2136927,0,0,0.22012301726522923,0
28.1714520412811,2.02746699697845,1336.92028586373,246.015377822603,1994.72492386593,71.4031880764442,543.543867668481,0.060710083530183,0.885894978883791,15.6598454531824,12.4463452593231,6.2053092798972,3377.71727480381,89636.2647220245,1942820746.7269373,2012582973.2101982,0,0,0.21842508513136386,0
28.1542895005638,1.83795822995855,1348.50608485977,247.92031011305,2012.17748231906,72.0429453137458,547.022474027801,0.0609740500974347,0.93351533931051,15.3619310543675,12.5781485663487,6.19052911520471,3406.24290630558,89096.9407892614,1945819697.0005202,2010664437.9960053,0,0,0.21672765219400883,0
28.1343927337347,1.6757916235747,1358.65812257449,249.421639456071,2027.52350495314,72.607617438708,549.817779531644,0.0612595193079941,0.981699412233805,15.0783497200865,12.7013262026272,6.17605642753401,3431.01180014252,88646.6332620995,1948248661.7235525,2008834938.2475224,0,0,0.21506674109103202,0
28.1116657997727,1.53187373030768,1368.03247636279,250.620920925696,2041.75455051661,73.133624539156,552.212417333003,0.0615869011029199,1.03058196528615,14.8034814784329,12.8207325550135,6.16161811722164,3453.68944523764,88226.1956901691,1949730043.5725834,2007078202.8897731,0,0,0.21346384641023158,0
28.0754439977056,1.39960573357686,1377.26899307485,251.607468320453,2055.84845493735,73.657125522807,554.482930732099,0.0619774751949164,1.08060033861378,14.528590134923,12.9418398813039,6.14685520963236,3475.90370878301,87777.6004689017,1949806751.0631354,2005385292.2769759,0,0,0.21919264584657192,0
28.0191501109413,1.2798469683059,1386.44263753765,252.421109907222,2069.91923769027,74.1824726920727,556.667586670647,0.062412909393143,1.13171973260408,14.2505915619316,13.0654363866695,6.13173184316523,3497.87048497574,87356.0954305971,1949877948.1451857,2003748081.9000242,0,0,0.3123709349544764,0
27.9474456825311,1.17339783990266,1392.61652320715,252.640738140028,2079.54656912812,74.5500327978914,557.602702377395,0.0630159347873626,1.18384969873998,13.9735181135902,13.1876377106989,6.11648993841611,3512.24031791355,86986.6687218523,1946797859.5360312,2002124896.6567743,0,0,0.4015388415456772,0
27.8772873430166,1.08916872321675,1391.73497600662,251.708729350624,2078.62561979133,74.5390574117594,555.687651147719,0.0638840685780683,1.23787629792547,13.7099755624865,13.2965040183142,6.10169416969464,3508.88497246848,86811.630273723,1938772091.8312488,2000429983.6268742,0,0,0.40360924061891557,0
27.8468373863038,1.04379110973725,1387.17574030814,250.300436027197,2072.19315797234,74.3295395957196,552.307494424825,0.0645392647727605,1.28741737500639,13.4895866762757,13.376205945579,6.08920598882847,3496.3826232295,87015.0078587732,1934780954.9856427,1998652589.1351354,0,0,0.38134954011026384,0
27.8812154233007,1.02762067053913,1380.66267132472,248.660011143879,2062.84118338721,74.0146208061314,548.208840357562,0.0649642165836191,1.32670969638119,13.3283359105211,13.4256508382671,6.07998686666132,3479.08021204497,87387.6575727284,1932309699.6400468,1996821786.136459,0,0,0.3612303026027751,0
27.9718935150606,1.02846258390962,1374.07943280837,246.968476892982,2053.41400455278,73.6970736227697,544.148602927894,0.0652381671886118,1.35549450675467,13.2156630735481,13.4571241037823,6.07337918062933,3461.63974140592,87805.2614255377,1930693653.3981018,1994970313.6411202,0,0,0.34969384424973965,0
28.0864854941124,1.0590823604297,1368.7829248591,245.441211697404,2045.93402879836,73.44936684809,540.670928843141,0.0651236875198672,1.37242238572003,13.156054829365,13.4796098628108,6.06909056181625,3447.45718609153,88279.1072698403,1931970601.20256,1993102960.5573378,0,0,0.3463785364956236,0
28.1694020722112,1.16328617795518,1364.81900484089,244.202241535117,2040.42127079213,73.2708496571318,537.882131326234,0.0640630924284964,1.36994997801215,13.2059998819883,13.4979038953438,6.06811353237844,3436.74112752108,88857.9676986003,1937734432.2826262,1991203440.2079756,0,0,0.34878379871909143,0
28.1877825728634,1.34419356918345,1360.45563583527,243.039077161525,2034.24875962652,73.0661883551094,535.195582163198,0.062330555837469,1.34337390120909,13.4047420604162,13.5153671154046,6.07111476466743,3425.22471789845,89479.5544994355,1944594820.9153473,1989292700.9067256,0,0,0.35222880851914407,0
28.1536267000464,1.59005536072908,1355.01644015951,241.814507338466,2026.41250088738,72.7997185500185,532.321860108007,0.0603971930155048,1.29806033318547,13.7300566290751,13.5308278757153,6.07735347193801,3411.186028238,90106.6038779721,1950685286.169789,1987383841.387702,0,0,0.35410292993236303,0
28.0988666177382,1.8723324574453,1350.27584543666,240.805847369804,2019.57114660552,72.5676848406735,529.854175766704,0.0585929153069104,1.24280433751178,14.1207555228014,13.5434857956586,6.08545994254985,3399.00563619758,90666.8304658048,1956654273.5390632,1985485764.017395,0,0,0.35512500182503226,0
28.0626858691432,2.13120578716375,1347.70115632857,240.371178965013,2015.86011930129,72.4465387219596,528.221790724893,0.0572239769776894,1.18732898383426,14.4822740074217,13.5552854735519,6.09374035412,3392.30591473094,91083.1068808015,1962922258.7835188,1983605558.7446463,0,0,0.35597078436004637,0
28.0631458531655,2.35639639817286,1346.30409500809,240.459093366267,2013.75083196808,72.3807618045256,526.961400009179,0.0562379461924342,1.13786921451949,14.7667159482952,13.5644254543661,6.10129144154076,3388.59968286347,91434.0372701262,1970015490.4802063,1981753605.9822538,0,0,0.3563093661342263,0
28.0901077594186,2.56731836337616,1344.82054989698,240.825596614348,2011.3735250342,72.303397457312,525.628726617487,0.0554725837686625,1.09421302338242,14.9979530315837,13.5686066327155,6.1083181707167,3384.7417654361,91751.6313931737,1976876141.6055183,1979932321.8849294,0,0,0.35607701636238814,0
28.1306325049957,2.78796112817694,1342.06386663789,241.226112959377,2007.00488923981,72.1530948822825,523.838369556117,0.0548188934939391,1.05398086427778,15.2042541960356,13.5613523614583,6.1155876945266,3377.81721653592,92172.4722858405,1984769348.069062,1978199528.57527,0,0,0.34892588588006496,0
28.1835851110822,3.02914899044812,1336.08599547612,241.35228841196,1997.80021458025,71.8283288111672,520.891154664157,0.0543167332709605,1.01564291658618,15.3749494820968,13.5277029378471,6.12416482451178,3363.05588269631,92843.1407436516,1994122433.118416,1976629861.4918823,0,0,0.3253455389651179,0
28.2506747103251,3.27179274726769,1327.51427701296,241.234377778511,1984.75531555515,71.3658276929647,517.042025243349,0.0540161432827196,0.980074847892937,15.4866143714883,13.4666023438364,6.13395073030738,3342.03569727903,93554.8070390902,2000986078.6831467,1975171867.32671,0,0,0.2912804310946655,0
28.329056830151,3.50063487747604,1318.17712051502,241.072156798277,1970.6047297992,70.8640866498073,512.976953265367,0.0538842571044028,0.9484501573259,15.5388276066551,13.3908039764936,6.14402467773397,3319.24568497844,94213.9959753776,2005608217.7150166,1973781139.5279334,0,0,0.26100775704544543,0
28.407589788959,3.68773923193619,1308.95267698856,240.943719846942,1956.65554641286,70.3693274659692,509.010461521965,0.053948479123263,0.920841007493018,15.5599164937673,13.3059402565436,6.15402536830056,3296.81280491141,94865.7608778983,2010078461.4624863,1972418967.6736252,0,0,0.2451264714106703,0
28.461010451619,3.75368720329894,1299.65002288265,240.672944920224,1942.68336793626,69.8723622497208,505.034309587698,0.0543998694817577,0.89866118798888,15.6023364590419,13.2064431615878,6.16397703872025,3274.18600046809,95572.1959504218,2015163121.6224167,1971048937.6771965,0,0,0.2394702444172573,0
28.4769454549361,3.67908709518106,1290.08746201779,240.136492155042,1928.45738073982,69.3645814457975,500.938768303269,0.0552992822048418,0.884085835984496,15.6862640858532,13.0897995057922,6.17361736778188,3250.85461140293,96254.7398573475,2018711192.75913,1969679666.977536,0,0,0.2383012964024806,0
28.4656252799929,3.51594089091525,1280.46213510586,239.427537559181,1914.23855857427,68.855795147587,496.793812649733,0.0565400905628999,0.87635853281021,15.7898164664964,12.9611274264832,6.182762271688,3227.32271676589,96886.4102166405,2020550411.1184936,1968312958.6794786,0,0,0.23542655056153536,0
28.4405029515094,3.31516993788347,1272.44779635473,238.836000873824,1902.47825037498,68.4353553076774,493.260759003416,0.0579409894705944,0.873904051809511,15.8791890215284,12.8392151693631,6.19064602448544,3207.75238267196,97194.7313597318,2017451417.1631548,1966946757.4815094,0,0,0.22865817372509242,0
28.410532846433,3.13712894771954,1268.91568808448,238.778987198533,1897.40053462573,68.2567137382177,491.465915788295,0.0591622055264643,0.874917642097066,15.9246695302171,12.7558015033869,6.19585085297095,3199.23551546106,96941.9912263782,2008583859.8397908,1965582620.5766804,0,0,0.22260433119953632,0
28.3786673555286,3.01491230400821,1269.57329287276,239.282675257759,1898.52182455128,68.3022607705076,491.309245486742,0.0600161859880659,0.876170389981766,15.9281044612958,12.7148298974956,6.19866947859048,3201.06004788654,96530.1741056922,2002085533.1687367,1964217943.357872,0,0,0.219249433020072,0
28.3435337147452,2.93076398179562,1272.11086424995,240.060096287357,1902.40661764326,68.4474975477451,491.891909248773,0.060614660730596,0.876800657076835,15.9076611451473,12.6974520378852,6.20025387190201,3207.52689951514,96096.8376931993,1997688068.459729,1962848981.3186119,0,0,0.21688292493429662,0
28.3049543333787,2.85074316963258,1274.63260645859,240.788746078251,1906.21121861321,68.5902030478729,492.444728818879,0.0611546254777556,0.878144039622275,15.867486825409,12.6843306205108,6.20142378818464,3213.85277030283,95809.5112460367,1996054002.3978913,1961495860.0245466,0,0,0.21515600113257408,0
28.2665732218858,2.73013287499152,1275.44011398699,241.074229406634,1907.28940780737,68.6365604065829,492.245035571132,0.061923483538957,0.882338201776839,15.7893185201474,12.6550670569908,6.20291169429029,3215.56226766198,95810.0009086376,1997251301.480873,1960188305.7572157,0,0,0.21397269877068997,0
28.2307851695824,2.55745685202872,1274.6677602467,240.816855218673,1905.80703890072,68.5937707859218,491.298051849652,0.0630416592795495,0.892091722268673,15.6591262880756,12.6070505861242,6.20441463161858,3212.84077265211,95871.6918341453,1996353057.776219,1958905220.055961,0,0,0.21280292309257032,0
28.1966060733337,2.35889762254805,1273.58167613227,240.225246788951,1903.73050529059,68.5323438846034,490.102442371141,0.0644019686779544,0.907659509719545,15.4859340452411,12.5520119259111,6.20526452292308,3208.93139203383,95915.7001101561,1993615120.0712488,1957626561.1803453,0,0,0.21168682256536006,0
28.1685018593256,2.14935275447774,1273.63592498842,239.583758404153,1903.34478076437,68.5341832201359,489.257281286574,0.0659197606446523,0.928297444147363,15.2863059096969,12.5054911706493,6.20476247049883,3207.63292808427,95763.2865017208,1987675277.388836,1956339372.5651596,0,0,0.21048396242974282,0
28.1626758808853,1.93164063731857,1276.49518345097,239.205800387411,1907.27702677823,68.694353432096,489.43460530528,0.0675530307995288,0.954553001547488,15.0755047024683,12.4855101848732,6.20186207532563,3213.28835778536,95264.9822795697,1978071782.831134,1955037941.5154905,0,0,0.2091088362138629,0
28.1857103988502,1.72889117030204,1281.8455447657,239.121403311992,1915.08194561121,68.9965207333789,490.51106064381,0.0691789373660796,0.98576618252832,14.8642991385967,12.4911426734081,6.196698378618,3225.19419441134,94693.6643109605,1970244009.4499924,1953729077.3793304,0,0,0.20808508754698515,0
28.229232143097,1.55329634521312,1288.10800270932,239.127052156279,1924.317219351,69.3518764563982,491.869529475865,0.0707449004369103,1.01997259451312,14.6553340467185,12.5088131883717,6.19031161168397,3239.35945177596,94151.5273404246,1964134727.6335015,1952416475.7086792,0,0,0.20731605631724595,0
28.2810525311669,1.40153222430106,1295.42980153377,239.183370562121,1935.17439989663,69.7672301756006,493.565796272381,0.0722035293387878,1.05689644034271,14.4438783571544,12.5412659810519,6.18262453505856,3256.07745165717,93434.4168564041,1955460169.194165,1951043471.0363758,0,0,0.20631243792512416,0
28.3271939342032,1.27434598515521,1305.72602002858,239.485851367739,1950.56903473047,70.3478303251169,496.346791083986,0.0733387853937526,1.0971039381503,14.2246430964879,12.6097035937112,6.17244052003994,3280.10480614793,92340.8366486547,1942282544.6815991,1949522063.923957,0,0,0.20489592363831757,0
28.3627112990687,1.17156895969014,1318.95558861088,240.045475244904,1970.44478427175,71.0913218772246,500.201445482445,0.0740417425591449,1.13939004657183,14.0000425620734,12.7171850467443,6.15978788633036,3311.35928730195,91196.8128375306,1931262064.480903,1947884790.8818204,0,0,0.203738725857203,0
28.3925945893619,1.08596269101959,1333.33914008814,240.666216541846,1992.09349061812,71.8998305325727,504.437609734195,0.0744546345540677,1.18282055990797,13.7748272560429,12.8480496387424,6.14565405026747,3345.41225172869,90125.2765771776,1922693393.1150916,1946172985.9560385,0,0,0.20278956824648142,0
28.4153294503998,1.01297490562562,1346.4276312067,241.069768370168,2011.77210146348,72.6382472061035,508.097891832042,0.074758399429732,1.22667159881076,13.5441487131353,12.9778357185722,6.13145734266123,3376.14464762933,89402.3241095833,1919468897.152665,1944430367.86048,0,0,0.20226458524146318,0
28.4110512515887,0.946516436958791,1354.77225895438,240.861467188601,2024.18388552846,73.1153717956644,509.842038994005,0.0752554731131072,1.26933240780503,13.2835816467331,13.0693358913816,6.11943214951919,3394.91824927681,89326.5948799818,1923886973.6069155,1942711542.025445,0,0,0.20232693868716478,0
28.3656194454465,0.878430951209574,1357.99988165124,239.969834346103,2028.73823824001,73.3104730189137,509.52221371581,0.0761609850012995,1.31178595650021,12.9720530288372,13.1130843912866,6.10994317609085,3400.75940669699,89497.4379462217,1926860671.1463096,1941024413.981539,0,0,0.20206563029150487,0
28.2855114256838,0.80877828540211,1358.56800429046,238.662413843279,2029.19690879024,73.3597468159582,508.088277910923,0.077381768352228,1.3556604381438,12.6137375651163,13.1292117975017,6.10165623857275,3399.79882061556,89715.7691794252,1927098694.7913854,1939367529.883627,0,0,0.24344779911389589,0
28.1889596088265,0.739912123405818,1358.74912019527,237.1978267333,2029.07909550112,73.3899971938035,506.434829159658,0.0787856032669567,1.40109692579819,12.2309295890414,13.1387068685071,6.09341754105591,3397.76119701437,89843.5667710484,1924512150.9025128,1937789568.9274836,0,0,0.3289012159695411,0
28.1013956740312,0.673755181564551,1359.76829634373,235.642123753819,2030.38364155935,73.4729760490791,505.072607298091,0.0802903403995131,1.44821712393259,11.8545332756815,13.1587559722476,6.08428377666761,3397.78948883234,89763.6544756106,1918068791.97492,1936352675.5921805,0,0,0.3889960915998387,0
28.034875681471,0.613385238693774,1359.8926688861,233.710835398186,2030.57130611124,73.5159726693071,503.382569810818,0.0819655372528686,1.49701764259736,11.500960299029,13.1900854267495,6.07422197776488,3395.62458279725,89633.1317513806,1908868168.9926984,1934994633.536917,0,0,0.38332389732182026,0
27.982527243797,0.560786391075214,1360.02456370437,231.658994265457,2030.92026793859,73.5650074629907,501.68040306606,0.0836659508904059,1.54568627143452,11.1653101207927,13.2230866996603,6.06401904469711,3393.518639049,89526.6212070293,1899976994.9566026,1933681728.4655855,0,0,0.36199162895445347,0
27.9378586148084,0.517325299478597,1360.44625831026,229.588248052951,2031.77381951507,73.6323825935501,500.05856630089,0.0852931231607296,1.5932867272916,10.8408626734152,13.2602832913292,6.05368573522496,3392.13589725232,89294.390109177,1888705480.9249187,1932366900.8545034,0,0,0.3446638924433947,0
27.9051734607385,0.486303311465526,1363.32138638876,227.833878525366,2036.32104816259,73.8332916007847,499.313001180832,0.0865067068145914,1.6398149088959,10.5321914591982,13.3213891072216,6.0421743692805,3396.80931587301,88751.3702429134,1874026434.2162633,1930996434.0170805,0,0,0.3356812073468399,0
27.8874737342946,0.465981113941609,1368.33737498177,226.376364267729,2044.05688198633,74.1490358369292,499.327649394244,0.0872752095645082,1.68432360851943,10.2437325182076,13.412328975795,6.02931093599808,3406.74757741993,88130.3561800703,1860497433.5079508,1929587330.0657225,0,0,0.3325234340607548,0
27.8809459456576,0.452476861469604,1373.60939672116,224.963351012579,2052.15331668581,74.4771996604686,499.403596844395,0.0878179135526651,1.72648653581195,9.97181197420417,13.5211442800402,6.01578518231573,3417.2845137152,87538.5904151054,1847966551.93377,1928155264.0165064,0,0,0.3320426026641965,0
27.8822284126408,0.441752807929636,1378.08802198569,223.426730265827,2059.06697558862,74.7622202864751,499.150575242676,0.0883283973293238,1.76722887520964,9.7100674194261,13.6382176869231,6.00196570848179,3425.83021869348,86992.3040872139,1835389150.7497659,1926696308.9937868,0,0,0.3321100522666883,0
27.8918124353962,0.429745652665592,1381.63440375273,221.70570783074,2064.63559880074,74.9986692365272,498.511122915643,0.0889530039488038,1.80803323386423,9.45229194273773,13.7594836377505,5.98782521972478,3432.04922477522,86488.6586600089,1822440180.5267165,1925254685.4300878,0,0,0.3317943713646984,0
27.9106368509141,0.416598337005768,1384.52689360055,219.815669515006,2069.30175825928,75.2028089228055,497.582198965046,0.0896736564784025,1.84983648454514,9.19526727379361,13.8846146464312,5.97322187646417,3436.63400410258,86014.7884195742,1809151905.1317506,1923861071.7281582,0,0,0.33092547882623197,0
27.9376907546021,0.403577781170527,1387.09872007342,217.810963628906,2073.55764184254,75.3923887088347,496.488214808248,0.090425655848462,1.8924631638416,8.93934734352503,14.0150317987786,5.95810638389144,3440.40996526664,85563.7140767009,1795820523.5372999,1922511837.4363916,0,0,0.3296763185124397,0
27.9695135251584,0.392744301350279,1389.50486339009,215.743569598127,2077.60926875655,75.5746227556992,495.293965279941,0.0911236879933697,1.93500574237828,8.68742483065367,14.1514854851804,5.94259030978987,3443.76357933561,85142.2870662435,1782862639.049648,1921193411.7252128,0,0,0.32828786252680064,0
27.9988037253071,0.387171807268507,1391.71019909144,213.660507891076,2081.36373885929,75.7457978246078,494.001834214135,0.0916452416149378,1.97585781657902,8.44546483409032,14.2935269465266,5.92696975383476,3446.61801801465,84762.7096645865,1770626188.356707,1919892868.1839468,0,0,0.32692497243600366,0
28.020826040872,0.385863363010247,1393.70556676477,211.5924279431,2084.7833561572,75.9043428119196,492.620962135772,0.092023675242187,2.01389694050997,8.21712540410802,14.4406442523485,5.9114644963861,3448.9594490447,84413.6082168069,1758942807.4972012,1918605790.2947311,0,0,0.32560108280802014,0
28.0368223662529,0.386840369542968,1395.54957824,209.542777245577,2087.96016931457,76.0536058003139,491.172189232122,0.0923395115660798,2.04925490201111,8.00088360383784,14.5922573674394,5.89608509225784,3450.93299462092,84088.9029298792,1747739179.9154718,1917331195.9167337,0,0,0.32431682986907723,0
28.0506976233471,0.388189160556902,1397.2484024774,207.497106807681,2090.91494851827,76.194536117743,489.650986416825,0.0926776431969202,2.08257742471981,7.7925778933179,14.7470912521824,5.88079124793202,3452.54933853837,83790.5883565449,1737014966.2541647,1916075750.5895822,0,0,0.32306893007567644,0
28.0672102380846,0.387817865877373,1398.74375157401,205.43501361362,2093.56561238842,76.324654517848,488.027188643523,0.0931370777162137,2.11469859294216,7.58628615774293,14.9031007722455,5.86555339342149,3453.65510606111,83523.1732031733,1726745437.926876,1914853060.3224423,0,0,0.3218436625077438,0
28.0890176937653,0.385855977574974,1399.99749096257,203.348248734699,2095.85476270109,76.4422071720652,486.281531385001,0.0937245237045689,2.14616752095169,7.37837559913155,15.0585866055633,5.85037444831158,3454.15060736476,83284.8167187732,1716827120.46754,1913663788.9508228,0,0,0.320609509391315,0
28.1155865847666,0.383197044873029,1401.01919996815,201.244984080488,2097.79465022217,76.547498546514,484.42023556235,0.0944030339610108,2.176866427381,7.16958849285288,15.2128433123063,5.83531791638357,3454.06421195851,83073.9663004293,1707255497.5018387,1912507719.966256,0,0,0.319350483403511,0
28.1459452734762,0.387371818465713,1400.85955593473,199.075355712499,2097.93753230775,76.5871645689801,482.141860647785,0.0949079016450983,2.20344748940756,6.97073347771579,15.355743594133,5.8214931140052,3451.11132909763,83070.4417465988,1700809075.52125,1911391728.8996994,0,0,0.3185291103158355,0
28.1810059077167,0.415321706077852,1396.91919022868,196.691017918807,2092.32642279013,76.4159478896553,478.643148212001,0.0946861492277034,2.21592456569252,6.81176534174585,15.4592412101261,5.81209759075152,3439.04812022412,83571.9185328777,1701001630.224891,1910337380.5731163,0,0,0.31866788553391456,0
28.2213844701751,0.466235092221493,1388.49065309614,194.082166140471,2079.88317339087,75.9941075557294,473.785006051311,0.0938917138736841,2.20732535790462,6.713479698192,15.5120051410696,5.8089491736301,3416.24465423575,84345.3339345533,1702313026.3604476,1909362820.9384174,0,0,0.3186878750765634,0
28.265933007023,0.533343617533328,1378.11307364699,191.487353623325,2064.45314203197,75.4622789602851,468.453875457576,0.0927487745452007,2.17943343123907,6.66975354992389,15.52909642661,5.81094131779093,3388.91229830863,85198.9491349504,1703465145.3779418,1908477581.0474555,0,0,0.3184120964663625,0
28.3130070388609,0.652546125141677,1366.59724150844,188.985319401327,2047.2617417912,74.8642562838559,462.991385406105,0.0901684748659496,2.12744115113714,6.74928200258845,15.5136520284258,5.81869314969272,3359.06822852012,86368.5736343885,1710146046.840053,1907697241.1667693,0,0,0.318886691829648,0
28.3582140461124,0.957163639295828,1351.87709128221,186.403510833388,2025.18942271804,74.0821465824105,457.042873750054,0.0836722480116265,2.02302018945667,7.24417619146696,15.4451751270296,5.83805414884575,3321.8996666965,88310.65488805,1729641508.6142607,1907057047.0803156,0,0,0.3211873492743063,0
28.395223182811,1.55945854063026,1332.63435231786,183.520313055534,1996.28675048813,73.0418739565542,450.454246363702,0.075253080444165,1.84725428871626,8.38527246489488,15.3256048377406,5.87210147990592,3274.33351441815,90629.3799476648,1752566444.0183618,1906567452.3827446,0,0,0.32327866369790553,0
28.4219729177642,3.04241248307907,1310.98857656153,180.470262186548,1963.75778188228,71.8585432195026,443.448695936917,0.0192480069602221,1.5209051550869,10.1013165463916,15.2477970475439,5.92454912489812,3221.18897437278,93047.5873950313,1775228353.004094,1906223018.2529104,0,0,0.3242693269414473,0
28.4030531523461,6.72218350526942,1325.5418679319,181.321883166389,1985.70168454857,72.6394289820361,447.584756520772,5.32080431104003e-08,0.71597201758262,12.0149241728332,15.5813480936954,6.01524299273054,3255.72322774111,104747.342709458,2022373304.2118108,1908279164.7612848,4,2,2.5132503224850775,3
28.3293707697927,13.6100539555462,1305.79794278746,181.566076743414,1955.04935701806,71.4653010208648,438.785969477766,6.783522580912441e-09,0.167692162380382,14.0237678757928,15.4022826705389,6.09818028132199,3207.10179678115,107290.408662609,2057152224.9983249,1910420154.8925877,3,2,2.4442853100003505,3
28.1687372882868,22.537827360869,1295.60282909945,186.774853338074,1937.58543530252,70.7602012764857,432.52844365488,1.94566087448519e-10,0.0381654006235549,15.8582783205269,14.7578196522315,6.15038107154337,3183.21185056191,109807.029811066,2117408202.0567198,1912925625.4529593,4,3,2.5562305468685484,4
27.9413683227786,30.1272103342565,1277.83670752898,193.544657990627,1908.01079723634,69.6060090631245,425.469176046879,2.55814383356743e-12,0.029115862903045,17.5884771398896,14.0351487620389,6.19383063336485,3143.00197576098,112213.922057054,2172389630.0970826,1915747097.8116581,4,4,2.6500412421632267,4
27.7165702230519,36.5813185586834,1258.12538605695,200.944371616065,1875.24674920302,68.3355471635213,418.539652200769,1.02823717575142e-14,0.0250687306277552,19.1628018870125,13.3826298223121,6.23323601472005,3098.90101218382,114161.127344185,2218034510.5179076,1918853637.855957,4,4,2.7231630416835926,4
27.6192575083664,42.0569187981372,1243.46079126848,208.31047915678,1850.10212070927,67.3460334932189,413.262458293265,2.71002167152518e-17,0.0188638697309639,20.4001769034865,12.8223416738584,6.26705264272154,3066.67884446793,115373.060190051,2254029873.3812423,1922250607.6021912,4,4,2.802225051174431,4
27.6793259015393,46.595054742642,1234.53568602246,215.531245398276,1833.63683838035,66.6741647477038,409.690949461791,3.6189659234385103e-20,0.0116545106566195,21.274331760622,12.33675168867,6.29632405694767,3047.79257461182,116193.097773142,2287340970.1411386,1925893547.1172066,4,4,2.8881236561901282,4
27.8293514823454,50.4300209356427,1229.69568451481,223.099436145688,1823.23052596932,66.2225060498868,407.345975917167,2.0606204076417998e-23,0.0055955840081195,21.90147420299,11.8991800021684,6.32282626314845,3038.6314948053,116719.041665465,2320020758.9578147,1929764940.667246,4,4,2.974987280745087,4
28.0047325381034,53.7406119813593,1228.9206087396,230.96387337716,1818.90435391254,65.9949505155266,406.336882755458,3.66853101406682e-27,0.0020600634251463,22.347870132436,11.5142798439469,6.34639175164951,3039.23054590248,116576.223707397,2344552150.2512126,1933836975.0862265,4,4,3.056392864475491,4
28.1548389282101,56.7772567961178,1234.18199516841,238.53593140834,1823.85588925979,66.1153734404133,407.383959553035,2.53631587451753e-31,0.0004955373133439,22.6440246965605,11.2024707892636,6.36582668725866,3054.05611446729,115568.987057091,2357002771.0459437,1938066658.9377806,4,4,3.132089727376256,4
28.2736129005055,59.7254536501945,1244.06624476325,245.626558799367,1835.96177259211,66.506164250417,409.95652660907,-3.6935077771532996e-35,6.01602074169328e-05,22.8325476285596,10.9488541852419,6.38200083474422,3079.60210994805,114334.612638524,2367584829.2260103,1942427222.573384,4,4,3.2033303439313126,4
28.3838849162635,62.6179062216423,1255.67187471517,252.44687843836,1850.70712659166,66.9969049012048,412.988977975741,-4.36892962463327e-37,1.04594630637516e-05,22.9432859734245,10.7249163564395,6.39663117872375,3108.98403557075,113067.800196336,2377480128.8042293,1946898175.3489983,4,4,3.265375855996511,4
28.4931710398646,65.4494647552884,1267.11636754816,259.077995657015,1865.26673178764,67.4805738112721,415.890846041483,-2.42806796822129e-37,2.70880760435689e-06,22.9805612883313,10.512663196803,6.41072490415394,3137.85088528221,111925.945281901,2388154304.124307,1951488400.0902472,4,4,3.3170693590723825,4
28.5884349068392,68.1812880070609,1277.02997499238,265.430774753381,1877.77316458548,67.8876865956807,418.318574871177,-2.87332035527815e-37,7.58877431314586e-07,22.9278822644065,10.2992549798161,6.42494303250277,3163.15482477743,111014.8397807,2400251417.8361754,1956218666.4655616,4,4,3.3590773520137094,4
28.6634562365343,70.8085260988131,1285.4120148991,271.404476212016,1888.30441835583,68.2218762461774,420.332646405904,-3.49343157229555e-37,2.19776806716776e-07,22.7880771406908,10.0826456134139,6.43935381274012,3184.92976360847,110206.100205177,2410953094.8754315,1961066010.0215075,4,4,3.39206154999794,4
28.7578451284335,70.2433458170491,1230.85946825471,271.202533740857,1804.81724923771,65.1240767184394,404.849884164042,0.0141055258103649,0.0191481806159588,23.2802235635148,9.51286559463061,6.48064406782314,3056.45437576519,100251.755736028,2138670552.5875409,1963073375.3631375,0,2,0.5999056313322043,0
28.8368587319812,54.2821597294534,1229.7241369562,275.281625942908,1802.1016444714,65.003926655182,417.519275269674,0.026625600518327,0.0858709874405613,23.4124426418495,9.40004456685051,6.5136612273924,3063.70099180991,99493.9264027291,2133748728.3006697,1965039769.5088577,0,0,0.5001091333548499,0
28.9403942621071,36.3872094536284,1239.95680113189,279.450147693611,1816.81419368784,65.5346467557479,435.717986571344,0.0395167594591931,0.164982036406588,23.3637803820062,9.46130888823933,6.53594972229943,3099.1686200975,98629.2347253516,2137652234.0101876,1967083534.2915304,0,0,0.5147875672098351,0
29.08205277974,25.9928448327065,1250.3389967203,282.997283712608,1831.91295143009,66.0846929258554,449.151873930899,0.0487676768333388,0.260545534195439,23.1018136856845,9.53968751928611,6.53851272449263,3131.78906493901,97823.8122203388,2140530263.9749444,1969180474.4861772,0,0,0.5131660020424461,0
29.2489321518108,20.9632735149686,1258.43230238293,285.976641544435,1843.63298448679,66.5123871879422,458.80828054845,0.0512145266314303,0.341706686034154,22.765034513888,9.59435140601174,6.5338014418438,3156.84186023013,97124.4948478854,2141619291.6280413,1971296494.7046769,0,0,0.4874404218993568,0
29.4179452148518,18.3619507396096,1265.99593086993,288.681061396459,1854.57234746072,66.9121666201276,466.830724369108,0.0522272201413299,0.407681982499839,22.4305215868923,9.63369791799934,6.52779876690598,3179.58133629498,96246.4431918994,2137305902.7822676,1973356106.4695294,0,0,0.4517120833842182,0
29.5595755027016,16.8242661002222,1276.51880112365,291.558965792441,1869.83343853907,67.471240884815,474.931176816676,0.0523176648992759,0.459868086181686,22.1351335913554,9.69438361637795,6.52101149264577,3208.7598768422,94945.6814125248,2126640297.8560352,1975270893.4604578,0,0,0.4174256057445383,0
29.6663855855769,15.7608191250463,1290.35242646529,294.730453157,1889.89564498367,68.2072034173388,483.500986756044,0.0519243691661116,0.500651236739506,21.8918996343044,9.78871751296908,6.51345038464079,3245.41430908237,93627.9532047873,2119064769.0896795,1977075529.628053,0,0,0.39090232638885736,0
29.7519324606991,14.898440895056,1305.43659555651,297.958385729707,1911.75745337658,69.0099702692257,492.041791673517,0.0513290759645661,0.532974252924269,21.6919618820883,9.90567885688419,6.50562575783346,3284.71532963674,92422.50922928,2114778661.790023,1978810217.1287458,0,0,0.37176390588055613,0
29.8322495219331,14.086957757733,1320.25883385849,301.006362354022,1933.2640900361,69.8005844273262,500.191676019206,0.0506734732185415,0.55950875730438,21.5233540888249,10.0348565699387,6.49788686563887,3323.11889307245,91369.9665127636,2112722318.1386514,1980508053.322142,0,0,0.35790509394515513,0
29.9256748252946,13.252688798129,1333.95103438173,303.729688797171,1953.22746674027,70.5354577064857,507.727211752217,0.0500345981367469,0.582351816240901,21.3751244857401,10.1688821151592,6.49042547720358,3358.62014844559,90496.5577938996,2112470185.6428902,1982202464.0990143,0,0,0.3474108265416074,0
30.038912824315,12.3534984614245,1346.45317040159,306.102489496788,1971.59760636392,71.2127989817294,514.666345239868,0.0494504153313018,0.603188155384131,21.2421805938829,10.3058022860116,6.48317351592671,3391.11873980614,89730.5288276446,2112384798.4346113,1983895243.7895296,0,0,0.3387668134757018,0
30.1648217025398,11.3653877809896,1358.17752791709,308.178974325617,1988.94972466917,71.8537864847691,521.196520549172,0.0489426305022999,0.623326802738797,21.1251217684555,10.4472901080099,6.47588791324446,3421.61506772389,89038.5046647267,2112300510.0545645,1985619229.7324307,0,0,0.3312662336218882,0
30.2937316065066,10.3400972405248,1368.42982145794,309.886023820431,2004.18444364039,72.4184398139461,527.045818712032,0.0485545718339831,0.643504684779908,21.0285126390895,10.5861548807357,6.46872931723495,3448.34256448559,88599.3591366727,2115739681.4285574,1987462642.1240695,0,0,0.325039295466404,0
30.4132341331136,9.42377706463281,1374.97916959706,310.868344345605,2013.91274069976,72.7837595107189,531.300478324899,0.0483333908742439,0.66364658870206,20.9634282970265,10.7021437304913,6.46250775695277,3465.64501745762,88636.2994700921,2125267204.940905,1989446873.8944366,0,0,0.3201419118086839,0
30.5132674831243,8.67884552100154,1377.4148686425,310.952169774503,2017.49660508805,72.9273473795975,533.773351021939,0.0482628655072286,0.683437028705072,20.9349574343417,10.7893316759796,6.45747525044975,3472.37610067313,88871.0469601335,2133504195.8305166,1991542649.8964207,0,0,0.3402061404013181,0
30.5940327069095,8.05749479377605,1377.40888000676,310.35149065894,2017.43521033553,72.9403253880997,535.123348558269,0.048295581076571,0.702487466620474,20.9366372988459,10.8589974109173,6.45316423282627,3472.68251662248,89158.9116270352,2139028966.7559454,1993712809.4105647,0,0,0.43885515059348107,0
30.661170651189,7.57390824503024,1373.94589625287,308.960894130065,2012.23715020184,72.7674793488738,534.96899031087,0.0484603265316308,0.720462664733119,20.9729494054914,10.9165502519646,6.44935876271157,3464.09957735691,89539.7221195351,2141564783.714293,1995896082.1450622,0,0,0.5010721334282923,0
30.7150900429391,7.36691098873712,1366.55837501459,306.982190745832,2001.12572417803,72.3784080093162,533.135570247099,0.0486677518963943,0.736377950720011,21.0803742527387,10.9573543386489,6.44640857341208,3445.59497177863,90095.6542417414,2143191837.4129326,1998036263.4485028,0,0,0.4900011122710657,0
30.7533604991388,7.49160270128065,1359.5489935377,305.417093711008,1990.36896608132,71.9995302281899,531.332664990843,0.0486751190993742,0.745702576476764,21.2838809864203,10.9827561223697,6.44494280940438,3428.03154661818,90735.139880938,2148345842.472653,2000158669.9230583,0,0,0.4592668608144331,0
30.7769356752119,7.88434678794577,1354.15502239517,304.427810808645,1981.81448127615,71.698400708284,530.09369796103,0.0485001597315011,0.746613396299715,21.5697850440078,10.9971954326629,6.44506916246793,3414.50672076514,91410.0238283086,2157464826.9122796,2002312623.472459,0,0,0.4444783524861908,0
30.7868554633751,8.44493772765863,1347.97345706671,303.667469225924,1971.99851528259,71.3481216512826,528.490730264226,0.0483411516614752,0.740212128877936,21.9045501330433,10.9867197619934,6.44723137825889,3399.16203617452,92439.6273359468,2174831098.1365924,2004585298.7286835,0,0,0.45322088530451776,0
30.7745808689286,8.94402861172787,1335.1649912787,302.470156073265,1952.49981604948,70.6383873665577,524.2137517213,0.0485781153863543,0.729815940875704,22.2282403087865,10.9138904634924,6.45253619047169,3367.85540061995,94208.4504240218,2201740803.375656,2007072991.901518,0,0,0.44002019906508444,0
30.7294807295418,9.16004585293606,1314.52651773946,300.668222060046,1921.70779408103,69.5090894915591,516.787526059553,0.0493910962887819,0.720443959998772,22.4911681291989,10.769849875224,6.46066587103404,3317.7664276129,96226.2435216722,2224283920.0757756,2009721621.3764718,0,0,0.383551570368104,0
30.6529338273122,9.09908985853414,1290.21070173691,298.704357741568,1885.71804731457,68.1842518593169,507.872046239141,0.0506348072508873,0.712705112598856,22.6964262411238,10.5801446651331,6.47047864720003,3259.03891899637,98250.7539401103,2241624878.390328,2012479420.7179806,0,0,0.3416037996923161,0
30.5482162636974,8.92052160956493,1265.78582459506,296.845764172056,1849.61316916543,66.8533442740463,498.898724522522,0.0521276443402075,0.704645695279006,22.8687629306051,10.3711824934417,6.48115180840448,3200.1646675349,100091.349390187,2253698829.2761197,2015280769.4805539,0,0,0.31818974261383054,0
30.4089357356704,8.8028395325198,1243.99121826034,295.137715159707,1817.15303143031,65.6602241481833,490.958778614748,0.0536777674248485,0.694426459306369,23.020688821421,10.1638067396157,6.4920638186348,3147.40889097292,101597.229709188,2260274448.094885,2018053186.3032255,0,0,0.30702220575782296,0
30.2336392242209,8.82530597254583,1225.47344937874,293.594135944395,1789.1880057192,64.6380017129856,484.304953301,0.0551787536521181,0.680727233594377,23.1534531346926,9.96325711232278,6.50314838961107,3102.21570852263,102919.689338251,2265788570.9910865,2020811545.5981,0,0,0.30956809759345055,0
30.031231890355,8.94988444114936,1208.91499305178,292.175886638949,1763.90721273071,63.7174474069501,478.410095590854,0.0566707780719565,0.664401014931934,23.2615162644475,9.76539049610486,6.51443524009491,3061.55503566158,104090.45580243,2269710871.3494587,2023562614.906792,0,0,0.3063684699955511,0
29.8426670595204,9.09704120836763,1194.85417022399,291.134840756888,1742.24490895806,62.9303137844355,473.503702569316,0.0581254964395702,0.647687495343723,23.3358348788578,9.57969684942088,6.52523262848459,3027.02849811881,104833.470932713,2267638102.170353,2026245527.8308325,0,0,0.2935606031164122,0
29.7561902002252,9.23524967953674,1185.64965204345,291.052399006894,1727.72328114229,62.4048659253915,470.559626700743,0.0593661402845905,0.631957948143008,23.373791653408,9.4272264187494,6.53451575948682,3004.71851667144,104953.990671078,2260075703.2148623,2028796700.5557535,0,0,0.2849708871657753,0
29.7957473054386,9.37423990892069,1181.00804280824,291.957931201801,1719.89606903117,62.1249052327049,469.48312659208,0.0603208261965089,0.617254716319231,23.3810322916305,9.30983691146263,6.54223998912112,2993.95298085074,104825.274435375,2255067166.868624,2031258741.9527273,0,0,0.27928459775359155,0
29.913433558128,9.49932483127909,1179.16329064858,293.461354570283,1716.15220532339,61.9951031632176,469.577236127935,0.0610455283511603,0.604061538147109,23.3618570891841,9.21657617101156,6.54882962842399,2990.25509154008,104560.66508921,2251935642.4787893,2033669004.779397,0,0,0.2749448091197872,0
30.0537624937757,9.53663123076691,1180.8407496836,295.490326548016,1717.59710100163,62.0553040802471,471.156384745522,0.06151292444898,0.593588018239099,23.330947957886,9.15587246440411,6.55380565064216,2995.33633387703,103807.672372879,2243602133.6369166,2036024741.4093323,0,0,0.27094049508891105,0
30.1595837629617,9.41771418123126,1188.45805308467,298.294114662513,1727.84435945041,62.435666270624,475.214952799516,0.0616015940346529,0.58670700582195,23.3297904335533,9.15047520507118,6.55611870361186,3015.17061622155,102351.174096614,2228582089.034778,2038316389.6301134,0,0,0.26691010068767546,0
30.2196222358646,9.18312008231479,1201.05860116666,301.75073079368,1745.47094800326,63.0837366779455,481.355644939736,0.0613286354697004,0.582936132440339,23.375950129453,9.19650380993366,6.55595305726801,3047.37948236146,100782.396795673,2217880806.054794,2040564257.05601,0,0,0.2638584423537207,0
30.261322059504,8.90734138763594,1215.7589424594,305.461896897398,1766.18998663094,63.8442863564242,488.388686335524,0.060826202509853,0.582012662827776,23.451672541988,9.27334743011627,6.5541426732805,3084.78056410751,99277.1342430501,2210839721.2003903,2042784586.7720582,0,0,0.2613327100942135,0
30.3054656009393,8.58744342931518,1230.63630338598,309.072265359541,1787.17460305162,64.6150539950758,495.514039781311,0.060218069518176,0.584028054883596,23.508382192372,9.36660514353622,6.55121213716222,3122.54291121073,97944.5027658076,2206724056.124803,2044979066.4983804,0,0,0.2590297661201811,0
30.359170805755,8.13795906285261,1244.41336779708,312.22021669884,1806.59706263997,65.3292293066003,502.184857206655,0.0596659298258783,0.589490189497894,23.4541696537817,9.46506542479831,6.54748086753555,3157.40013959511,96859.1392931979,2204790849.1997294,2047140936.7871187,0,0,0.2568168381409502,0
30.4208599958958,7.54195860055335,1256.93992598664,314.81505519592,1824.26487110141,65.9796564719565,508.303349576763,0.0592551220610791,0.599248364346172,23.2581351568836,9.56488490386349,6.54291995018321,3188.93278798477,95908.5600693676,2202222627.5880914,2049285411.4726589,0,0,0.2543957854863882,0
30.4860987982548,6.87735067086289,1268.69277068852,317.014466119672,1840.85850973869,66.5913741991318,514.033943333402,0.0589675216260037,0.613201072990598,22.9686930824053,9.66745450965754,6.53743852459024,3218.35182911505,95057.7203472402,2199436048.3906574,2051429379.4759858,0,0,0.2518489495829487,0
30.5502329407383,6.2154827847015,1280.4157912126,319.00258303577,1857.46321622697,67.2042319740515,519.668344517634,0.05875809560307,0.630804281770759,22.6456258195251,9.77701395642572,6.53091157469606,3247.54324647784,94188.4348549774,2195200884.0869026,2053591104.5457575,0,0,0.2491057460681534,0
30.6079595239617,5.59334489884016,1293.15580069246,320.933089321955,1875.64883609292,67.8757305157545,525.640340902749,0.0585698973876105,0.651592601027734,22.3441378722314,9.90127084861884,6.52307099770351,3279.13569675545,93195.0959085271,2188648295.453848,2055784609.8855774,0,0,0.24617671690660475,0
30.6576265890592,5.03644571641851,1306.75277367276,322.79260710591,1895.18478009057,68.5974226810914,531.877457255109,0.0583857250078908,0.674844945178555,22.0833719165797,10.0390438283804,6.5140417411586,3312.7400003467,92247.9085480223,2183581683.259491,2058006877.3210933,0,0,0.24352264583525182,0
30.7012545486865,4.5534274140353,1320.18080631817,324.460457446489,1914.53661923009,69.3131112023689,537.941019140927,0.0582303182535209,0.699986417576259,21.8461544668493,10.1819352436597,6.50423832725218,3345.79812748761,91405.9405219334,2180065095.712344,2060256151.988581,0,0,0.2411086153390455,0
30.7439482635595,4.13397994966105,1332.6679149596,325.821550771181,1932.55772173924,69.9809520668998,543.503789626069,0.0581333522016142,0.726752355002689,21.6162897790821,10.3231593990172,6.49398318095587,3376.37633850777,90700.136958129,2177834634.8217807,2062572552.672202,0,0,0.23887346169382095,0
30.7962721291566,3.76007563683404,1343.68232099,326.750030426372,1948.48072813695,70.5733334060369,548.347126038258,0.0581352809106188,0.755109473322581,21.3945234110857,10.4574633100112,6.48350959543975,3403.13313138002,90153.976822991,2176737213.725697,2065014788.8080778,0,0,0.23680082485639095,0
30.863165701661,3.4193512099324,1353.21893056064,327.21914944447,1962.31213607436,71.0906997317044,552.470128620962,0.0582576483506666,0.785285605853451,21.1848263044199,10.5834332697922,6.47286204171046,3426.05037509892,89710.3188536726,2175434129.891127,2067558247.822768,0,0,0.23477506260741235,0
30.9401986731344,3.10883440637502,1361.63955935996,327.311454564517,1974.57949132815,71.5520571932163,556.02232517778,0.0584892719311853,0.81729415518807,20.9853725147444,10.7028327095096,6.46198846492561,3446.04408792301,89338.5561132126,2173795112.5655127,2070173890.7337096,0,0,0.23282125658577443,0
31.0219517062829,2.82514825782439,1369.12684622562,327.086744274146,1985.54476008537,71.9667671349552,559.083298905585,0.0588318045863076,0.850918305943466,20.7898717635261,10.8163798052341,6.45091157251471,3463.58860684334,89041.5499140386,2172238974.9755387,2072806912.377698,0,0,0.2310147957630205,0
31.1061043421495,2.55802709240418,1375.58820657075,326.523213079232,1995.08155820231,72.3304715366425,561.62082993232,0.0593357968844077,0.88628445950873,20.5862690146181,10.9225169336236,6.43969148982515,3478.46089865635,88828.8078236324,2170857332.7370687,2075379520.2853038,0,0,0.22939249577376367,0
31.1921313621024,2.3057570010231,1381.0219225416,325.611548852458,2003.19598532651,72.6435759004949,563.634073747685,0.0600264087182952,0.923858049288583,20.3676544187078,11.0202454461015,6.42831125523341,3490.65807787244,88671.0626732654,2168916560.7430634,2077900935.8019364,0,0,0.22791343525345326,0
31.2797706339599,2.07349895367029,1385.59556526927,324.398611268732,2010.12765679387,72.9146018817838,565.192543234329,0.0608782234185257,0.963562464390278,20.137359165282,11.1104856868198,6.41675610999741,3500.60651181953,88551.0998783646,2166292986.9590173,2080392543.012016,0,0,0.27730722468769786,0
31.3667359130776,1.86853732285766,1389.17610906894,322.879343653629,2015.6674628647,73.1355774700819,566.247291002484,0.0618416754752215,1.00451071969651,19.8970814538133,11.1922572073531,6.40521140484249,3507.97744552658,88515.2187242721,2163993185.158366,2082887137.1188478,0,0,0.36895606637521267,0
31.4452653903119,1.69626052283971,1390.70135746038,320.82201348313,2018.25113976514,73.2492601356767,566.380983701051,0.0628921929954846,1.045145889606,19.6366666879852,11.2610534550629,6.39411653059777,3510.08736235877,88624.8954772399,2161912301.1794667,2085427173.6730616,0,0,0.43957909408148527,0
31.5097479998249,1.54883950668008,1387.37742857514,317.60419765621,2013.80803362068,73.1073654960333,564.480217483482,0.0642113158097267,1.0859004951498,19.3483511091111,11.3148807239025,6.38354059785207,3499.90036648573,88799.2190095949,2153851124.212657,2087979079.4566033,0,0,0.4385682887019515,0
31.5620295002601,1.41952820887291,1382.72333121194,313.978689419655,2007.47301582486,72.8967102371887,561.967706014513,0.065653688570462,1.1267963149266,19.0368182753323,11.3575794750944,6.3733221309135,3486.27435221566,88994.3181903646,2143888932.9913206,2090519828.8111315,0,0,0.41195303825647117,0
31.6047075572847,1.30594941991007,1379.46899874366,310.525332311116,2003.24367422882,72.7628442252999,559.95643287159,0.0670730997849223,1.16637425797878,18.7083805481657,11.3976671507685,6.36329238282743,3476.09672825954,89117.2725306519,2133825014.9214683,2093073157.2902622,0,0,0.38999501191623687,0
31.6358248718245,1.2077467024859,1379.03251732883,307.534765347329,2003.23346064637,72.7827970724599,559.043151795539,0.0683640688050546,1.20385882001037,18.3611720397486,11.4467479361748,6.35306716856621,3472.98298003832,89067.0930799845,2123367337.8688815,2095670458.3699768,0,0,0.3822353851683402,0
31.6546891618743,1.12562382636848,1380.27714615725,304.801790861523,2005.80002385297,72.896713739355,558.783439300587,0.0695276761803423,1.23874837339347,17.9933645717622,11.5078260001739,6.34259853067505,3474.12452610085,88959.7620284737,2113749423.132374,2098308499.9285648,0,0,0.3808433130532718,0
31.6640413309824,1.05681408156824,1381.40246378161,301.997423211309,2008.28896899839,73.0078793181082,558.446351023666,0.070650430530376,1.27133361766614,17.6086515261841,11.5750314719354,6.33211812088136,3475.00413380318,88851.1651168453,2103799072.961938,2100973422.022608,0,0,0.38064569839082,0
31.664243842027,0.995033760999795,1382.59192074774,299.14365609954,2010.93458843321,73.1252350438322,558.094436691325,0.0717661235833818,1.30290594162193,17.2188595656697,11.6488471665457,6.32143026989441,3476.03283571006,88640.7666210074,2091387742.9671664,2103640074.0248728,0,0,0.3806125854003668,0
31.6506433079763,0.934371477181306,1385.09890264924,296.438291908399,2015.53032974821,73.3150849116161,558.216115938951,0.0728665391755083,1.33574248039373,16.8484687392297,11.7397054539496,6.30974152037899,3480.26966937803,88200.0774817289,2075217427.481445,2106273170.3473177,0,0,0.379721525835886,0
31.6215189698813,0.877138364323826,1388.93342111284,293.885226571279,2022.06772492581,73.5774855468759,558.800748051008,0.0738900707117947,1.37074070525863,16.5094567764891,11.8507661306824,6.2967565971235,3487.71109842682,87685.2078337362,2059015573.8337,2108875916.8962963,0,0,0.378465531509738,0
31.5803174435743,0.825071451042973,1392.94921731165,291.300681012133,2028.87646708368,73.8511525114183,559.387880626,0.0748546174633783,1.40743302426701,16.1929274361625,11.9755372233238,6.28281982057798,3495.52134901133,87174.4805369074,2043082558.388281,2111451563.092661,0,0,0.37700560820802925,0
31.5320241392905,0.77920944220097,1396.44122638272,288.575106805914,2034.94523554652,74.0984755637004,559.701350681325,0.0757634200731719,1.44535967808836,15.8919971377291,12.1085288574595,6.2682452288022,3501.9775594241,86691.2863796646,2027046690.2300506,2113995146.9591234,0,0,0.375439795488317,0
31.4828034683419,0.741401482274254,1399.24543368975,285.695586787732,2040.05936216704,74.3103576695205,559.68554661259,0.0765649155230891,1.48374797510786,15.616628515995,12.2473162224326,6.25326111119543,3506.71175697634,86246.9610439377,2011040218.9603767,2116499459.7779114,0,0,0.37389822363684655,0
31.4360984617456,0.709967960813195,1401.52834778296,282.703048445995,2044.47341482601,74.4953733659518,559.414827553119,0.0772644299956272,1.52196785189841,15.3752723556167,12.3917207827914,6.23797021509002,3510.16146115008,85829.1434711716,1995059838.5499542,2118959012.1847107,0,0,0.3724244928285599,0
31.3911857850302,0.682741635676992,1403.54414194939,279.64727109839,2048.54994588483,74.6670849176829,558.989581114731,0.0778902323677073,1.56001010810195,15.162701727926,12.542143187543,6.22234687802272,3512.95415489694,85432.140747702,1979308716.0443046,2121371194.8527195,0,0,0.37106437791591407,0
31.3459582849557,0.66007212204832,1404.44768325891,276.41127467567,2051.0320870114,74.7802658560696,558.071172474362,0.0784860136588061,1.59680502903778,14.9615207134045,12.6892877392888,6.20695321497275,3512.9906071402,85238.2678674763,1966912090.8352404,2123765956.567106,0,0,0.37036782656532524,0
31.2984889343757,0.642132251975476,1401.8711994986,272.643599632949,2048.42894201192,74.7083397844862,555.725837807721,0.0792027513233193,1.62941233156674,14.7374170998861,12.8073515034094,6.19339248526877,3504.40819894428,85510.4965813591,1960806070.1221764,2126204088.1524737,0,0,0.3708251970666027,0
31.2482905390824,0.625470347938365,1395.45128979612,268.285971680093,2040.19438456069,74.4321810093282,551.822619101847,0.0801862510208536,1.65706463180908,14.4673334283284,12.8854222947368,6.18231154901944,3486.3023219012,85995.5452275165,1954457505.9328666,2128679404.6677372,0,0,0.37118507041948795,0
31.1962500177904,0.609255895774347,1387.76426815757,263.753326414299,2030.09962327176,74.0896000796047,547.386551538935,0.081320691413967,1.68074610403808,14.1571419209691,12.9360111782642,6.1730194030138,3465.05744423067,86526.3990159182,1947259089.1785245,2131179442.0810363,0,0,0.3713594176438117,0
31.1457209137338,0.60258267410014,1380.24129550415,259.319088533892,2020.21592379202,73.7554788985078,543.001584543511,0.0822744315569669,1.6984995097824,13.8432819051574,12.9688200272163,6.16538416676459,3444.23818976369,87146.478897141,1942189913.1062376,2133693825.8058798,0,0,0.3718212584124708,0
31.1066299983244,0.624700793718476,1372.51317611998,255.03139743638,2009.90941659329,73.4055113227376,538.579532455999,0.0825348994396994,1.70401638162036,13.603566833867,12.9815681275375,6.16053209449267,3422.95712632889,87971.86705322,1941746727.8345053,2136201587.2393134,0,0,0.37292305635294676,0
31.0865825195877,0.673338104344347,1364.77413764087,250.989688961675,1999.39590668316,73.0470273740556,534.253447194204,0.0821587849602428,1.69265547666681,13.4909218454828,12.9741645395558,6.15925477558372,3401.71558121602,88890.8720841356,1943935167.7931879,2138718484.5459042,0,0,0.37413077671286343,0
31.0837662601456,0.739271553479136,1356.69263120751,247.104312135568,1988.20919209461,72.6631048547964,529.896191670609,0.0814927945358575,1.66652419776714,13.4914496928781,12.9502194994806,6.16111000550141,3379.68560870272,89835.9789029151,1946689240.7391827,2141252068.872584,0,0,0.37502639044290065,0
31.0915190149214,0.875621270790161,1347.24674030088,243.246656450295,1974.85557414681,72.1988820896995,525.188048259175,0.0795686702640963,1.62151813290025,13.6440846934066,12.9065980106113,6.16695573692209,3354.415682812,91007.965425379,1953153317.3026974,2143783394.60657,0,0,0.3763469653153062,0
31.1028086437777,1.26163420744398,1335.0405882415,239.40373337235,1957.17732986417,71.5741856036453,519.926614877427,0.0742500302405573,1.53294567841577,14.1762037874184,12.8400381380258,6.18095454486579,3322.70910541673,92671.8972616119,1968125883.782716,2146267606.847908,0,0,0.37876961592016223,0
31.1152222067855,2.03315816539434,1320.2392337162,235.695312495119,1935.34125501093,70.7946570450671,514.385271755586,0.0675055243137837,1.38847294993512,15.2334848534682,12.7597180432419,6.20474635883896,3285.0990757423,94506.8549300127,1985411387.2971277,2148693075.0070615,0,0,0.3807203561490202,0
31.1307842904619,3.36132011187143,1303.16413925867,232.049290256869,1909.86961056094,69.8802079534831,508.371844797728,0.0618058578913099,1.21621776796824,16.7063341850404,12.6627493395032,6.23410117535678,3242.14640426744,96337.6619482014,2001010378.8150446,2151044971.109259,0,0,0.3551100993820429,0
31.1670666841023,5.39512725846029,1281.50918156972,228.495136927244,1877.35160337029,68.7040234694546,500.478174717446,0.0582918476424849,1.05530969446477,18.3997509039063,12.5154372315082,6.26451773562734,3188.10773316044,98401.8334473592,2016892778.2201304,2150987882.296846,0,0,0.3029863197645211,0
31.2714058935762,7.97603928086072,1254.96497722548,226.478303837302,1837.10882224879,67.2340908585849,490.175771521961,0.0569390055662164,0.927536234040365,20.1072023727036,12.2766369437134,6.29455188590272,3122.87686542875,100953.845192258,2041010669.3703938,2150819741.092388,0,0,0.2743543978324318,0
31.4646408156083,10.755036009537,1225.62503654813,226.925486539359,1792.1442307503,65.5774147712943,478.295927638234,0.0570565062591335,0.832840525121673,21.7145599758515,11.9553235660078,6.32387837057897,3052.0227570842,103533.305450536,2068371056.1122317,2150308937.4887996,0,0,0.2602755692200017,0
31.7204295512295,13.5171689554343,1196.81587128931,229.447177197286,1747.52256588044,63.9237008935739,466.471012825572,0.0579611015861357,0.760068527580248,23.2484634002925,11.5927543925029,6.35243770240476,2983.46726731534,105951.885315298,2098067345.5455105,2149534747.024721,0,0,0.25381660266780615,0
31.9754215944738,15.9292000688473,1173.24371914212,233.44205890865,1710.41107760536,62.5412297401135,456.851468765443,0.0591855233811921,0.701568250750127,24.6426826875355,11.2413827766015,6.3790671161389,2928.28637815183,107572.640442523,2121193443.3932536,2148525985.908839,0,0,0.2534058422684169,0
32.1311253517547,17.4288836785533,1159.23760348933,238.338408631726,1687.39174164225,61.6756104278685,451.309328294444,0.0603735542349644,0.654707021075724,25.6491665519682,10.9551363494951,6.40162402448469,2896.57982278831,107978.696178319,2132262768.1608365,2147257578.562793,0,0,0.24895162205225946,0
32.1687834631804,18.0155307424606,1152.89115594485,243.764016828155,1675.65629591307,61.2238481779369,449.094126032396,0.0614178541197546,0.617197672923742,26.2336645252153,10.7302577892425,6.42047564469794,2883.56240721496,107991.073677933,2144214768.8541505,2145766680.6327207,0,0,0.24182684572945834,0
32.1412110057049,18.0874692729232,1150.32899305915,249.70479501244,1669.41126348151,60.9716228451482,448.595938247616,0.0623473132027433,0.587515677802494,26.5499690682223,10.5374731592553,6.43702564576035,2879.93199973253,107819.546789343,2157363964.8273087,2144072339.0271943,0,0,0.2369078576860237,0
32.0882578888444,17.8874058816465,1150.63989761858,255.974174790825,1667.37853209346,60.8739098369305,449.427804208185,0.0630818125858723,0.56481737726042,26.7246484746976,10.3740650981934,6.45132788331629,2883.43969794683,107337.431564229,2167932630.2620564,2142232552.3606405,0,0,0.23353907950708389,0
32.0294972570727,17.5401085410154,1154.36649673938,261.942652948324,1670.55382278611,60.9731225210314,451.855799061334,0.0634952450656052,0.548129074374323,26.8790968805533,10.2518198499133,6.46282031162228,2895.11663239501,106479.103066751,2173445758.0306807,2140320500.141732,0,0,0.23090157079501153,0
31.9663420810834,17.094623805979,1160.98945889646,267.380188597225,1678.20969315236,61.2438969989013,455.662013752572,0.063580670736154,0.536274382551112,27.0432823212801,10.1700802985351,6.47161093855927,2913.59104347393,105499.699080501,2177692621.9514303,2138342456.315955,0,0,0.22886470682210922,0
31.8912771891838,16.5411368615683,1169.35420271143,272.533309603322,1688.53863136295,61.6166406535035,460.305295948211,0.0634285087871408,0.528587216197412,27.1648300583718,10.1190311504891,6.47821808408206,2936.16389485195,104490.813498902,2181766718.615768,2136303774.9598248,0,0,0.2270532658055687,0
31.8049863782489,15.8047302522457,1180.61604775171,277.737495029265,1703.23964326432,62.1516010409005,466.215213055515,0.0630254617275157,0.525127610374914,27.1901967263304,10.1095685602782,6.48216184262228,2965.79767249585,103031.078374097,2178778498.8608856,2134122776.9883308,0,0,0.22463132435705663,0
31.7196070783597,14.8291220732865,1197.59045695447,283.382440051413,1726.54539940187,63.003046860162,474.535436716403,0.0622599341924569,0.525856918779183,27.0912236871981,10.1687458568352,6.48225991025333,3009.5392144578,100867.503914524,2166836492.5755324,2131691371.516866,0,0,0.22152799880461693,0
31.6405300403146,13.7087064268366,1219.16163225354,289.41865965501,1756.78617117757,64.1089483421963,484.785547802002,0.0612135667260198,0.52991729919022,26.8963207924581,10.2886791033899,6.47898011116987,3064.66422186805,98702.7534838857,2158981807.861213,2129066670.6104677,0,0,0.2189762327844882,0
31.5639385467249,12.5697463294032,1242.00047107114,295.446563465117,1788.98088324764,65.2867086307674,495.559613122052,0.0600841534555252,0.537232502149765,26.6520876775568,10.4403115086096,6.47360912664119,3122.87514648884,96726.7574251478,2154753855.804934,2129234205.0189822,0,0,0.21668868210657835,0
31.4788423232646,11.4947599413211,1262.95850935338,301.043416916394,1818.48540815609,66.3666394861166,505.532413730059,0.0590235879012578,0.547681256063239,26.3786954813948,10.5952176345885,6.46739089639337,3176.35661771187,95254.9184537837,2157253639.9423547,2129479047.8485832,0,0,0.2147804811597228,0
31.3626083608463,10.5323583606974,1278.57155782139,305.744489368375,1840.29055677582,67.1661136685682,513.26941021555,0.0581839334316728,0.560817883239371,26.0614857602021,10.720349437138,6.46181106085828,3216.61850876327,94543.8847580314,2168408350.365294,2129799424.0606155,0,0,0.21329635085093498,0
31.2073945033655,9.64389520340653,1288.85321092194,309.441771129232,1854.50708496639,67.6904075073044,518.770289973247,0.0575902815543039,0.576743176458301,25.6844063359775,10.8107871633028,6.45706984905731,3243.69458509832,94118.0258632715,2177728743.50259,2130186908.2223618,0,0,0.2113044745967531,0
31.0258246476132,8.78836529975659,1296.3342853375,312.404105084159,1864.84716023631,68.0757387445009,523.052710969765,0.0571668815717512,0.595033561923405,25.2593757203231,10.8836040111246,6.45248875702821,3263.76628932252,93798.7496519834,2184546850.4946437,2130634070.293889,0,0,0.20900960788306236,0
30.8386834192849,7.97060670812248,1302.35899580313,314.816037555507,1873.17155817459,68.3892491802847,526.623842705884,0.0568940420250553,0.614826321801958,24.8156371077076,10.9463093512096,6.44787695280034,3280.02334719442,93601.325744269,2191156541.1105037,2131195014.4431417,0,0,0.20682871353888513,0
30.6764904484126,7.17472499040569,1306.99527805851,316.590513265303,1879.38418662507,68.6260920938649,529.443437527533,0.0568351935612187,0.635672582496641,24.3858290775533,10.9953562045418,6.44346987813006,3292.33618269622,93561.8531581127,2198297581.247369,2131941444.478468,0,0,0.20494560036773204,0
30.5529841945475,6.39816237658462,1310.18225348326,317.663074716816,1883.31383095578,68.7794561677308,531.45332233331,0.0570480842715083,0.657805622216194,23.9841123163532,11.0272482498135,6.43939811408577,3300.41531796656,93619.2431614598,2204342175.2753954,2132829750.7929027,0,0,0.20323140086895466,0
30.4573893452394,5.67469231943931,1312.10974165013,318.153181961409,1885.30993409603,68.8623149792264,532.754112666997,0.0575201082820576,0.681163366215549,23.6051333514076,11.0421488114194,6.43567361996954,3304.87999448677,93746.302045887,2209195617.424007,2133813260.7474232,0,0,0.20165055546367644,0
30.3802462799451,5.02761941590164,1314.59373422362,318.430972999733,1888.16061610828,68.977253415633,534.150404493735,0.0581401397357467,0.705744621683214,23.250054615777,11.056066547848,6.43162353362351,3310.45984339171,93591.0651020041,2207398657.290604,2134799472.6135893,0,0,0.19976796463214874,0
30.3231003704716,4.48760549934401,1321.11809142208,319.148760481658,1897.10199588854,69.3160504137976,537.15120377915,0.0586468561871072,0.731405521555847,22.9428146874394,11.1030297138015,6.4258167852971,3326.05799890501,92816.6797653362,2196236476.9393954,2135672038.147928,0,0,0.19743596584146977,0
30.2845665484426,4.08308188594972,1331.70369664159,320.462263676985,1912.17556089084,69.8794027605492,541.799776091732,0.058868791582601,0.756153046673865,22.695757138767,11.1891905196689,6.41828422199764,3351.87083789931,91920.0867841866,2187758560.403557,2136457181.501771,0,0,0.19564114559128762,0
30.2593566069458,3.79262084876701,1343.58081012066,321.973403944834,1929.25266813748,70.5156668148555,546.950033000782,0.0588705847004814,0.778782373105148,22.4962353997183,11.2950354144247,6.41007494545762,3380.97426387922,91083.2297567407,2182385135.7094264,2137187229.6856756,0,0,0.19424711376579284,0
30.2430555085196,3.60479949040931,1353.64617642265,323.170480506307,1943.69997233174,71.0549005375575,551.29716064888,0.0587301240343504,0.798731551908788,22.3288544981467,11.3947233397127,6.40242100148162,3405.5419259314,90627.13668593,2183498762.757988,2137893053.449524,0,0,0.19338837380445004,0
30.2324751696731,3.54397834727058,1358.06739999714,323.412176144406,1949.79235914585,71.28678459151,553.240768131841,0.058482161867494,0.813737487519557,22.1856674832578,11.453786053378,6.39720026268097,3415.90497578655,90889.153903512,2194084854.5907636,2138609903.96671,0,0,0.19318305645618916,0
30.2297916877544,3.56489162443736,1356.71243711807,322.54763452814,1947.30906877751,71.2037750346235,552.75013602817,0.0582433415029622,0.82339137026546,22.0637712445518,11.4677874758414,6.39474569301157,3411.6269800751,91393.1273125786,2202144513.20068,2139324907.272649,0,0,0.192630317756567,0
30.2382632670712,3.60623128441452,1352.64869794746,320.98562113475,1940.79715786027,70.9734221550827,551.109565283374,0.0580724454788883,0.829914312869611,21.9610402071488,11.4591500145068,6.3937719681743,3400.33796332372,91910.6410018782,2206047071.578411,2140023012.5312169,0,0,0.19179395863271237,0
30.2505095489105,3.68665120204081,1349.41780692076,319.42026302475,1935.49831445783,70.7882148857836,549.816676507395,0.0577892744989902,0.834107808427401,21.9117747561896,11.4571531634978,6.39288790264195,3391.01455178702,92123.9601097539,2203506983.479467,2140668243.7787707,0,0,0.19063721929266453,0
30.2408210148921,3.93870378475252,1350.7072283955,318.823568596903,1936.84119624437,70.8471570903903,550.494909918014,0.0569104972909558,0.832858006097115,22.0232704980472,11.498693225663,6.39099828205279,3393.20109311815,91745.9850533758,2194237291.442201,2141199967.2582424,0,0,0.18914542148836136,0
30.1945658204563,4.42038448758727,1356.73257838676,319.495545880081,1945.12033229075,71.1602788879646,553.312797657337,0.055421638355822,0.821640733395818,22.3468251613258,11.5908974891694,6.38851617437375,3407.66003320482,91196.1952187112,2189394389.5643616,2141627556.2904475,0,0,0.18819989993415356,0
30.1204445058188,5.0926308432819,1364.64544421403,320.882055413239,1956.1423342511,71.5732180053379,557.059838067474,0.0537518381102091,0.802624885764113,22.8308689706023,11.7106357969533,6.38614271733384,3427.19178996102,90654.307242447,2188821465.3994064,2141954187.9413548,0,0,0.18766344383146763,0
30.0251321514859,5.94482350658279,1370.06873968702,322.188633496872,1963.50714074862,71.8499880252378,559.841620303474,0.0522286243939493,0.779993278624325,23.4137357529932,11.8165642204681,6.38504380145243,3440.79584085738,90639.7207104938,2198689414.211464,2142202712.0671349,0,0,0.18786931371725082,0
29.8997487191279,6.98516638932236,1366.62652611235,322.447065277063,1957.96856450977,71.6484366993567,558.952493744398,0.0511472044609605,0.755870578894427,24.0527732616416,11.8448879855978,6.38768508433031,3432.69274647054,91744.3798246335,2224849105.845945,2142443423.5512006,0,0,0.18907996906900407,0
29.7416293705922,8.09208121231162,1353.67488389732,321.418794664375,1938.69940337261,70.9379131901759,554.120714545238,0.0506463879787292,0.734138414905852,24.7045150962959,11.7805151499339,6.39420047352446,3401.2839771541,93251.6130163643,2248207387.7426863,2142692626.3393974,0,0,0.189681794722147,0
29.5607995258483,9.13472883695843,1336.06341956472,319.701625563698,1912.8028470547,69.9811377680569,547.389953247809,0.0505744564881422,0.716474483829243,25.346763937124,11.6605970961968,6.40273876855471,3358.52485116675,94802.9590624712,2265761409.6159253,2142944048.5396643,0,0,0.1897386027316141,0
29.3629760238724,10.0385507673397,1318.03653877428,317.939792326797,1886.37290064879,69.0030671207866,540.548983040065,0.0507696461682831,0.701299038463593,25.9741523840693,11.5208259091853,6.41198081832084,3314.85432439797,96188.1727926187,2278163440.725877,2143198888.2422657,0,0,0.18954632573153973,0
29.1431529283468,10.6630378020314,1302.51556724593,316.571796559971,1863.49248604601,68.1538488120144,534.794681961982,0.0511638167233644,0.68753017869076,26.5512623138568,11.3845581088017,6.42106055775329,3277.32822832921,97251.5212991848,2285815533.9952526,2143464941.2203944,0,0,0.18918146900119304,0
28.8964540871578,11.0033829923458,1289.84101228998,315.707131610182,1844.56665060831,67.4477993316352,530.240477060511,0.0517175338581035,0.674368181086365,27.0644783300609,11.2528846261115,6.42999845550672,3246.73030006806,98199.0024876265,2294395045.687264,2143762925.331813,0,0,0.18924785003998756,0
28.6263143531229,11.1938704553721,1278.27320196751,315.135088463575,1827.11783284619,66.7935918141064,526.166934630989,0.0524202765344434,0.661276076406124,27.5342424767038,11.1156698160784,6.43925963659527,3218.84918432751,99099.8630697924,2303405312.9549203,2144113909.0985365,0,0,0.189734484681921,0
28.3512798375464,11.3311376493751,1266.32091621571,314.682997395731,1809.0458893643,66.1147251426443,521.956855565959,0.0532643873521336,0.648313510434358,27.9583353392487,10.9652928495489,6.44911044683405,3190.10355982536,100034.820510299,2312786470.51072,2144584204.602082,0,0,0.19030896141067982,0
28.1120985855583,11.4309891317188,1253.50093178248,314.406635613418,1789.66261463205,65.3876434806344,517.39619989883,0.0542336014733884,0.635569166679719,28.2875145360471,10.7970852950598,6.4596793103107,3159.40257096197,101059.371448023,2323332959.5959067,2145243134.3560514,0,0,0.1909038053849697,0
27.927748933347,11.4645114480415,1240.32235558994,314.375048499609,1769.71638051036,64.6410045584209,512.686845049984,0.0552999003821816,0.623467373064813,28.4907810252612,10.6162969931414,6.47064066587703,3128.00181715802,102027.945881186,2332306787.3543477,2146047713.736111,0,0,0.1913733166293192,0
27.7830686263777,11.409408196473,1227.87832649239,314.631687799726,1750.80916259757,63.9334293515154,508.281730298849,0.0564108407521357,0.612254547895428,28.5842027168687,10.4334473606816,6.48149582966616,3098.52316504949,102878.885347639,2339652706.9232936,2146961433.1574078,0,0,0.1917279120358181,0
27.6702349817744,11.2270667620243,1218.6348637752,315.32347918131,1736.58966032006,63.3989852853354,505.247927007804,0.0574515029799255,0.602401206045889,28.5849725830213,10.2705244508267,6.49125954326445,3076.97817765604,103218.180389847,2339650383.9717474,2147961935.7650623,0,0,0.1916825425689125,0
27.6003976804787,10.9009625613416,1215.52392543212,316.561333332179,1731.45884355841,63.1996633865278,504.890523395013,0.0582501415132543,0.594430363835555,28.5045696525501,10.1578410831834,6.49859958674808,3070.54729734291,102776.974313419,2329892191.155378,2149017249.328819,0,0,0.19133304588434696,0
27.5738177678309,10.4854371851358,1217.59292703584,318.160727102525,1734.05184000623,63.2847885421771,506.820969852544,0.0587876099242254,0.588070833648037,28.3600373655558,10.0932767564314,6.50364981858434,3076.8678190774,102113.029127595,2321476752.630747,2150096373.772318,0,0,0.1914491897533846,0
27.5794036319907,10.0270507403079,1222.0901121958,319.878303883513,1740.27947963603,63.5037062228759,509.834846446332,0.0591624395508724,0.583598735441035,28.1621976078725,10.0556920701028,6.50726530125491,3089.14686987144,101398.612062276,2314585610.7492504,2151177060.1217856,0,0,0.19171700484380721,0
27.5983100251871,9.5310168994552,1228.31396445278,321.692110656532,1749.02765132071,63.8161860308253,513.598324039549,0.059392594537044,0.58166970388269,27.9158529742505,10.0404917382638,6.50954100873461,3105.60047904422,100521.439974426,2305752723.4119916,2152208608.7393603,0,0,0.19166722747294426,0
27.5953357486745,9.01568010129025,1237.06440462887,323.74420928085,1761.34389534604,64.2620195783951,518.418572062323,0.0594191786168123,0.582531796686178,27.6308976440115,10.0559275066291,6.5100757169578,3128.10011235139,99396.0763626322,2294113696.78494,2153139055.0683727,0,0,0.1911832021067238,0
27.5574531176842,8.51550838586163,1247.9932278501,325.99786380026,1776.69362255826,64.8216679283082,524.127940203612,0.0592395624279696,0.585750826073813,27.3203001752922,10.100774284019,6.50895003366075,3155.75669539084,98253.1539897074,2284389716.798452,2153994962.247648,0,0,0.19062686141329765,0
27.4997874703388,8.04856158715323,1259.86270829884,328.26150374234,1793.34522122327,65.4307104255827,530.195322151166,0.0589172166254297,0.591079710252494,26.9932294834318,10.1656092224235,6.50656767397892,3185.55973691412,97168.8220446151,2276535328.8678474,2154798079.7526183,0,0,0.18996184230624677,0
27.4473114532207,7.60096857438989,1270.63027859599,330.205656676458,1808.3927379587,65.9818490510386,535.736380948767,0.0585783853406796,0.598220566176526,26.6423453308182,10.2329040284387,6.50367364251437,3212.48200939404,96433.0230437168,2274435600.1209435,2155623441.3779726,0,0,0.18947266435307503,0
27.4383144139621,7.09967348115529,1277.36966235505,331.324620217807,1817.61928024163,66.320510534293,539.466917610899,0.0584625438276215,0.607328508894853,26.2310289389963,10.2750891351155,6.50135784522027,3229.23655943657,96295.4961128288,2279780467.8809605,2156572734.840755,0,0,0.18926482302705766,0
27.4886963970651,6.5007708102971,1280.08823453265,331.561992811473,1821.05109873897,66.4484002256924,541.360363222041,0.058684844668388,0.619700909549239,25.7430757861283,10.2870795896201,6.49962614040088,3235.79596039997,96349.1658785665,2282902676.8774576,2157607328.5242753,0,0,0.18862308642115116,0
27.5806335965892,5.85220821491364,1280.87723763181,331.266649311802,1821.72016114835,66.4768404093072,542.300223342404,0.0591783954892719,0.635425476059173,25.2024867123396,10.2827930772249,6.49787129413243,3237.35525014229,96453.4339642505,2283616713.766405,2158685991.212339,0,0,0.18769673027332306,0
27.6790689178211,5.21437734986223,1282.48971769353,330.906670244073,1823.62751098503,66.5523592130201,543.479169126685,0.0598132814232152,0.654026358144311,24.6554682069172,10.283576784446,6.4952748918724,3240.78639927436,96258.6602151817,2277848684.085609,2159727804.2255034,0,0,0.18634678980744362,0
27.7332523013664,4.62597861155295,1288.30808094586,331.016374432729,1831.71606917031,66.8560239394966,546.382828870967,0.0603978616650624,0.67523542675572,24.1670539746439,10.3184057081876,6.49067618052083,3254.53940031803,95472.2105544763,2263713016.5022273,2160633802.1710925,0,0,0.18459045103980065,0
27.7245584763638,4.12493181935947,1298.08468935659,331.600132162464,1845.62627807416,67.3739382005174,550.910079700602,0.0608408626747741,0.697750870371176,23.7581508666098,10.3874512760492,6.48423072925843,3278.03425668632,94596.7184453023,2252795190.057555,2161439646.5478263,0,0,0.18336399296188355,0
27.6735873639705,3.71837841865311,1308.92107308119,332.224881098804,1861.12642890413,67.9504652962206,555.804029993148,0.0612025234290522,0.72070254712313,23.4011990947484,10.4699249821662,6.47692785869935,3304.06140463855,93800.4395450949,2244873288.9507756,2162180044.218506,0,0,0.18248849759208202,0
27.6035857504162,3.38332743682534,1318.84122287018,332.562556408831,1875.34443869207,68.4801419628992,560.206296521378,0.061556382693151,0.744107299876509,23.0646961335018,10.5507739421222,6.46940899880101,3327.69244799007,93171.9917467418,2239187072.2538476,2162877420.2318215,0,0,0.18174169584315777,0
27.5296506740372,3.09109465458296,1326.70322774405,332.387326665741,1886.65302454492,68.9028419645843,563.616949265201,0.0619863456854077,0.768301514125399,22.721389188066,10.6198477198586,6.46205979172106,3346.07982115116,92777.3051698844,2235629389.84808,2163552129.1600614,0,0,0.18104951690845966,0
27.456240405424,2.824564447711,1332.67648257797,331.703805428662,1895.31719611738,69.2282147022,566.102821175429,0.0625249544977809,0.793982204673118,22.3629372639029,10.6768907662982,6.45480168032535,3359.6418400843,92480.5528801758,2231164254.2263556,2164200542.633846,0,0,0.1801983864792204,0
27.379939679179,2.58068625552658,1337.66978129479,330.68337704925,1902.64236563554,69.5045240749767,568.055312903446,0.0631377355837004,0.82132792732994,21.9986701497269,10.7282595291714,6.44735264262804,3370.64431374428,92226.2985721746,2225844123.240943,2164820866.9701157,0,0,0.17927177216910362,0
27.3008589072029,2.35922914183927,1342.53398367323,329.471325400746,1909.84912487566,69.7773678217823,569.853314563012,0.0637866421638214,0.850117533555091,21.6376764670225,10.7806782207739,6.43947392306367,3381.20363373398,91939.1648147063,2219089720.9042463,2165394789.2174687,0,0,0.17830874714890957,0
27.2317910974971,2.15871971952015,1348.18930893539,328.160832480448,1918.27623712446,70.0975340988092,571.919611041946,0.0644304903283654,0.880299923257407,21.2820347351767,10.8423272936514,6.43083848072405,3393.58675696761,91525.8604176591,2209786823.0209756,2165893482.153318,0,0,0.17730115420892714,0
27.1794038592741,1.97941000828461,1354.57574256861,326.719630413803,1927.84101499671,70.4626113709271,574.241438595139,0.0650553795334709,0.91149152895396,20.9285420834674,10.9136531836812,6.42148071216995,3407.6400937905,91113.4270467723,2200847743.841995,2166383030.2744565,0,0,0.17649733483207225,0
27.1366206712831,1.81966475126757,1360.85775024628,325.051796631687,1937.32856079706,70.8271598171201,576.454275517544,0.0656955090269842,0.943304304639793,20.5736594914012,10.9880726652212,6.41173839976397,3421.30967589872,90757.1646738692,2192555476.164091,2166889973.432506,0,0,0.17587156241574287,0
27.0839446189895,1.67818533426291,1365.81517111279,322.986631195597,1944.99072377079,71.1254921278546,578.028096575266,0.0663978641776749,0.975234849105559,20.2131549361017,11.0551634607219,6.40213454227852,3431.59849265616,90594.7559511478,2186642645.549268,2167440157.0848794,0,0,0.17550571079248906,0
26.9814719984963,1.55322602391023,1367.67705824886,320.202114111596,1948.33882830006,71.2640100825528,578.209720695931,0.0672467655485114,1.00633695135029,19.8407088840771,11.0990767168256,6.39349776088072,3434.15604362622,90782.331185851,2184355454.395703,2168075449.965367,0,0,0.1754655522052717,0
26.8061912176333,1.439686067748,1366.12829145957,316.616461535055,1946.96376273655,71.2266451610456,576.876858056285,0.0683046268231044,1.0364880589488,19.4556662017102,11.1151519871726,6.38607805186295,3428.22781753856,91141.6365555284,2180814506.578769,2168774044.5846,0,0,0.17537133248415948,0
26.5682761490485,1.33507135814697,1362.26605531377,312.439830787185,1942.42477819509,71.0712587464715,574.505212877876,0.0695477650883168,1.06580898523007,19.0623109545022,11.110512934225,6.37957449874472,3416.53816249725,91586.3622760815,2175445207.957088,2169520358.4907994,0,0,0.1752674712412405,0
26.3075123252989,1.24069647457866,1358.30342408482,308.127193680541,1937.84133591639,70.9137667985434,572.042810046258,0.0708557285042231,1.09459965583523,18.6666947882496,11.1025694288478,6.37321196536476,3404.57475848466,91830.7713423281,2164742395.9775376,2170284469.4596577,0,0,0.17492148761479853,0
26.1018191246212,1.16231116378427,1357.97097309607,304.466621570188,1938.47048685595,70.9490215400396,571.07824921067,0.0719278667468659,1.12340479852305,18.2765512805552,11.1229461222135,6.36555506650931,3401.59648081623,91528.2462836866,2146332368.0252728,2171025250.0903225,0,0,0.17408102517431975,0
25.9881295299792,1.09986748504732,1362.2343567514,301.713921972369,1945.64138347766,71.2263384303128,572.019005792269,0.0726317178161852,1.15116086687705,17.8948609816681,11.1821926817674,6.356276433524,3410.00703465286,91007.9397453001,2129645489.0033686,2171760978.37334,0,0,0.17359204676757575,0
25.9404962477781,1.04850857825486,1368.95684714504,299.458010515038,1956.30997673111,71.6332296404835,573.953238622402,0.0731061412506428,1.17749217460587,17.5221510113311,11.267046707612,6.34599092163748,3424.50176374881,90422.1003954615,2115094267.9693353,2172511100.3481426,0,0,0.17345945229563237,0
25.9183540320861,1.00300290800347,1375.2215475808,297.137690694995,1966.29703242609,72.0156921469169,575.627860308252,0.0735526055425927,1.20248506578273,17.1498717565106,11.354496271539,6.33568928204628,3437.81241482579,90075.9935560579,2105549379.332374,2173328836.6929584,0,0,0.17373936740438461,0
25.8803487026834,0.957737631378803,1377.02895434709,294.036307111661,1969.78208535995,72.1601169611262,575.321461502078,0.0742731800113152,1.22527155062461,16.7491679621063,11.4081603570444,6.32711166152435,3439.92743068465,90351.6063673404,2104203312.2279084,2174299285.581162,0,0,0.17459504550440788,0
25.8091534146332,0.910647767637338,1373.46175361031,289.986906174827,1965.38969466839,72.016543584265,572.637829745978,0.0753914685240393,1.24655185776763,16.3053591197924,11.4154878639944,6.32076157120082,3428.51051036395,90900.2793492969,2101407747.6279752,2175407076.3007245,0,0,0.17523050533650159,0
25.7127873368498,0.863155229314535,1366.75408228005,285.383050099403,1956.35145075136,71.703736881134,568.54071466865,0.0767838478533261,1.2670867308102,15.8289016476387,11.3923131435051,6.31586140689268,3409.13211321729,91535.2478559419,2095808568.2659495,2176620616.4280334,0,0,0.17653981191082954,0
25.6048130041688,0.821230040570849,1360.22401657126,280.787180981341,1947.51559429892,71.3994259588358,564.469744068228,0.0781722350610952,1.28704995693644,15.344809116051,11.3662740313644,6.31117285675611,3390.0988722966,91916.9550910651,2084320823.0197031,2177843624.054955,0,0,0.18690083106585503,0
25.4991774028217,0.794885259586213,1358.26778190842,276.89001042499,1945.34206742074,71.340468830396,562.335405724009,0.0790626881423367,1.30663129726782,14.8938970470724,11.3778990469193,6.30486317987556,3382.41146024736,91637.5646987438,2064113163.4630435,2178919739.610589,0,0,0.1845426495932293,0
25.4066220261075,0.781699076334402,1362.12387431022,273.896768782111,1951.67118784343,71.5939460907223,562.678889496877,0.0793430149206575,1.32454126180447,14.4941360638158,11.4410425561773,6.29646411729783,3389.19741595718,91052.3282015067,2045177945.320944,2179864744.187548,0,0,0.17818425177268027,0
25.3331480533029,0.775455538967022,1369.46864423638,271.463297341222,1963.10758212009,72.0349972747122,564.491987882039,0.0792667134442308,1.34059292360474,14.1339640326252,11.5398901425487,6.28667880029659,3404.67635488053,90351.6458489043,2028582672.702291,2180711864.849254,0,0,0.17581678979224682,0
25.2749184962236,0.782688867307617,1376.92805588739,269.08942381643,1974.71308327184,72.4821964701717,566.341812007432,0.0788779900965498,1.35360314874591,13.8061118510828,11.6485685025368,6.27686160600834,3420.4660125177,89874.7606859249,2017376551.8314147,2181495059.002641,0,0,0.18091904701429606,0
25.2182995912267,0.824691020415625,1380.5777815575,266.225840127465,1980.74497204464,72.724045657342,566.642189762545,0.077950549412229,1.35774504542732,13.532665312863,11.7353138832447,6.2694130031646,3426.8899476231,89941.9682299717,2013719231.3183985,2182244772.5805984,0,0,0.21921771054888248,0
25.1572870196082,0.895102390972995,1379.81332080793,262.823255299122,1980.2952411872,72.7270816324819,565.203251256612,0.0767105419661652,1.35017312636233,13.3368242210781,11.7938856587226,6.26515166525158,3422.49491298723,90207.3342559341,2009173789.8154213,2182924341.559997,0,0,0.26769542911307337,0
25.0951882283923,0.980845095391519,1376.91311082374,259.22223339919,1976.67451318542,72.6133663644813,562.961502379058,0.0753665737759176,1.33418271818586,13.2120063361179,11.8395744558014,6.26289093364892,3412.90268790604,90496.4784729469,2002774034.1458719,2183508558.1579833,0,0,0.3070673011686397,0
25.0448096565346,1.15368157386533,1371.6511408013,255.423487821119,1969.59662694899,72.3719697505259,559.920230141844,0.0729470865918722,1.30428138716957,13.2149467736322,11.8726401428946,6.26349323753077,3397.67837242727,91141.5244907731,2001778306.8022883,2184015068.4652705,0,0,0.3292232097448063,0
25.0451388271409,1.6549742029641,1360.12941241164,251.018794958966,1953.4942174584,71.7965858553843,554.885323760912,0.0677340017515572,1.23467385401718,13.5902442804959,11.8768024118765,6.27189526839987,3367.66918496083,92582.8801022391,2011586972.346734,2184467788.137812,0,0,0.3356214859726238,0
25.126505978701,2.68741010589415,1341.93671037882,246.080346993005,1927.81687785346,70.8663711230109,547.915867480721,0.061724621210567,1.1159849093167,14.4975706992135,11.8523406412046,6.28975305919938,3322.14120492483,94294.3877396799,2020440531.605668,2184832675.057693,0,0,0.31361299399255516,0
25.278118296451,5.19673476050868,1320.5845441244,241.100222303395,1897.57877447362,69.7641040793814,539.59099927695,0.0129489869584316,0.889717392556914,15.8336260377423,11.8658209840914,6.319001126471,3269.13132175762,96020.3829668022,2026805812.3980737,2185101377.49085,0,0,0.2559719934186053,0
25.5173434288795,11.2201212315877,1347.26139102929,244.229483964663,1936.33731424168,71.1764962064276,549.209195543221,9.113551711887271e-09,0.308346051363732,17.5400700431289,12.1841242802492,6.37797833263526,3333.47990575553,107328.428378611,2310553061.5145783,2188160338.7751665,4,2,2.9215731427745246,3
25.6191396368281,20.2524661723426,1318.59805509389,241.53776742913,1894.23920285023,69.5810947404024,535.115365025325,5.25325002421685e-10,0.0369914892947755,19.2894184313179,11.8732209113683,6.42670767836901,3262.10248520632,110161.462572568,2337273524.360749,2191246410.181316,4,3,2.8879387224423216,4
25.5959943459808,29.1288891731981,1287.36269296402,242.181104386248,1847.29650017145,67.786586525642,520.766342054782,2.97021176441208e-12,0.0090565571482752,21.0172801001935,11.2385207137263,6.46218344595807,3186.59559704568,113190.322342113,2374600270.934408,2194436297.835714,4,3,2.9034972101484464,4
25.4981909738006,36.7296712215265,1259.39673212031,245.844702963965,1804.43218558561,66.1296847932593,508.734280937262,1.52187712544869e-14,0.0075774711665503,22.7141622742886,10.6055730208153,6.49505920120352,3120.99772191232,116251.608577288,2425155351.217022,2197843464.5614586,4,4,3.0016323773033617,4
25.3922560787748,43.4780518930067,1236.77438377865,251.162809977979,1769.10883499068,64.7499927558003,499.044376468378,2.14377632755797e-17,0.0055353406246518,24.2535132208368,10.0569889817353,6.5231074796194,3069.10393138023,118280.650770965,2465046574.5874276,2201425268.011398,4,4,3.0982431549211977,4
25.3732146936286,49.2508496584563,1227.90607752889,257.561741547389,1753.88157092313,64.1170027695524,494.901297902941,1.47222979175044e-20,0.003263402995424,25.3961559830831,9.64128453585737,6.5440508767121,3050.4602311227,118341.796689992,2482646406.236075,2205075097.5746818,4,4,3.193250706606426,4
25.4577396365155,54.2649927403961,1230.05284567205,264.527486020124,1754.79492763321,64.0831801923185,495.124925052645,4.5246252315107304e-24,0.0014800149596593,26.1627985166639,9.32734837909658,6.55974856161488,3058.21875263054,117851.256464814,2502326291.386719,2208805425.9343963,4,4,3.291169480053663,4
25.5933470053911,58.8592462181482,1236.32135566277,271.990410674017,1761.66602755352,64.2685658110996,496.841878531158,2.21310990965796e-27,0.0004259207177337,26.7185372116132,9.06033500965251,6.57313773073523,3075.90766453332,117157.342665297,2523132772.7120314,2212615517.6831956,4,4,3.382183820559826,4
25.7400930317139,63.0657597164055,1244.17016523548,279.726459929388,1770.72552669517,64.5351230267369,499.066010758097,-6.095887849295889e-30,7.71757892264764e-05,27.1344366397649,8.82235821313648,6.58537476160662,3097.33761059611,116261.450416018,2541257543.169335,2216504318.859313,4,4,3.4583281147436,4
25.8757708560639,66.8111838445023,1253.42819193509,287.097202609106,1781.74362498443,64.8797476600243,501.793388918374,-1.62334046129351e-29,1.88850081996893e-05,27.4223434883959,8.61120179387569,6.59674762119725,3121.68934531322,115181.84718156,2554503515.334333,2220473670.4978924,4,4,3.520281534900303,4
25.998527091011,70.1656354178849,1263.97618774275,293.878563986612,1794.58502895491,65.2978720790539,505.001160294961,-2.77134821315621e-29,5.28651604442291e-06,27.5917404229684,8.42323821930855,6.60737868330292,3148.56557568485,113999.458669347,2563689450.5032763,2224494470.7953076,4,4,3.570674592369604,4
26.1173641286057,73.2859437126633,1275.41926506317,300.301185248665,1808.69536294672,65.7652608536212,508.551464361099,-3.24034848061214e-29,1.48341294171624e-06,27.6632791066667,8.25208021418044,6.61746348362274,3177.23844004985,112779.924744409,2570698921.325925,2228545847.906872,4,4,3.6112177368244316,4
26.2316675675367,76.27164957934,1287.29660288862,306.488242788294,1823.48949698866,66.2576781962561,512.30352879879,-3.11942112163229e-29,4.22120225099639e-07,27.6482969603275,8.09186966354602,6.62720386230334,3206.82059486913,111562.402748822,2576420607.532696,2232687953.2055364,4,4,3.642651826123314,4
26.3275408063877,79.1433226565441,1299.14350261979,312.386152900366,1838.48365720114,66.7560207859712,516.1285281485,-2.75749190003307e-29,1.22725317872664e-07,27.5377659768851,7.93818847251954,6.63675768311222,3236.39248095024,110382.337735175,2581073712.903708,2237002924.2506213,4,4,3.665728607184439,4
26.4011285747623,81.920167608537,1310.48170456019,317.895181119129,1853.03172068382,67.236845325308,519.841931264347,-2.3863355267690298e-29,3.6458864992373e-08,27.3426681615797,7.78697963065761,6.64627353522019,3264.80609368425,109299.335920447,2585344745.294767,2241444204.848888,4,4,3.681669410139351,4
26.519368287865,81.4739619145237,1257.54878036967,314.780011795763,1775.46323068343,64.3351171523299,500.75711432925,0.0138619659438429,0.0181970200204185,27.6842218274081,7.37610894468551,6.67411380390884,3138.74968618257,99118.3778924238,2283358180.0962524,2242783833.2269225,0,2,0.6304324063223934,0
26.59126716099,66.1231050179699,1258.47594446079,317.979991917942,1776.14203550854,64.325203623149,513.175702547142,0.0255745467206177,0.0807284074803303,27.7300463815569,7.34599345099955,6.69905104292579,3149.89519459687,98234.7530548356,2273291355.5437803,2243992559.431104,0,0,0.505728705727501,0
26.6379595636522,47.5727829687386,1270.41776938436,321.540197625606,1793.02008356519,64.9228644548568,532.755536491404,0.0279585954854826,0.144212066962079,27.6708500288468,7.46639553874945,6.71958450087619,3189.0243170656,97376.3764329148,2275369309.6187944,2245106736.089995,0,0,0.5193303153276158,0
26.6677758686829,33.6667147246365,1281.76360358117,324.208076383137,1809.18765887886,65.4997489243183,549.635576910287,0.0410625888205158,0.221259540334737,27.5021586939883,7.59254649934872,6.72776659081075,3224.75775271448,96623.0444334102,2276428261.748761,2246134856.0717254,0,0,0.5230089788835239,0
26.6874950501866,26.6558720680042,1290.25305813246,326.01811473257,1821.3012336175,65.9304317606303,561.180952640432,0.0459285307871972,0.295250105996237,27.2027210709698,7.69317822855105,6.72366900844071,3250.71704621631,95989.5465573347,2274767638.369762,2247074655.9454246,0,0,0.49852135001711845,0
26.7017146939965,23.1989690007689,1296.78007797442,327.369457974767,1830.58835183972,66.2589184510308,569.8837999491,0.0475969128117642,0.354669669983968,26.8601251906302,7.77079686759178,6.71617873593783,3270.51404925302,95409.7393590415,2271062537.794562,2247907010.0775504,0,0,0.46142167255088806,0
26.7145603653681,21.3625672519238,1302.92827103282,328.808695953637,1839.26818869917,66.567120390671,577.192940233639,0.0481588393411812,0.401460439314223,26.4993591162937,7.83996751363517,6.70816249854267,3288.69077468674,94819.8600700027,2266806988.1887937,2248620649.73319,0,0,0.4250944871860361,0
26.7274716907391,20.26909982309,1309.33242635834,330.543554593176,1848.23557724349,66.8881312674165,583.660927945299,0.0480955000417386,0.437845642238235,26.1292430535206,7.91157126182591,6.7003098504359,3307.0474074885,94282.2634622655,2264611242.7731075,2249248452.519624,0,0,0.3957732872085333,0
26.7387331564036,19.4812440078129,1315.7740659642,332.393115531421,1857.22400199382,67.2117297522392,589.452371221089,0.0478024678554963,0.46627652757506,25.7617052388485,7.98802745206426,6.69282668230896,3325.13358256162,93811.7650213493,2264147828.800966,2249820871.3881345,0,0,0.37401205718967917,0
26.7549287477862,18.7611037282138,1321.88526971405,334.074564747969,1865.783694806,67.5206672140334,594.676101147362,0.0474473023432583,0.488695626951245,25.4112567991684,8.0680984547133,6.6858583635715,3342.10537647035,93417.6046598472,2264609353.712784,2250416816.1425323,0,0,0.3581392061594009,0
26.8003269181382,17.9764640270951,1327.3065170703,335.266802501321,1873.51347598202,67.799181425369,599.370753430654,0.04710061568918,0.506578207591953,25.0949618021359,8.14925173986564,6.67951567339851,3357.09948218043,93107.7262617472,2265101914.182918,2251134164.4471526,0,0,0.3462062896618891,0
26.8867161417959,17.0663211421013,1331.98056709831,335.865912392411,1880.37633274259,68.0454806469482,603.596143514845,0.0467973809835698,0.521200012590596,24.8203233665751,8.23024328725148,6.67378752362913,3369.99591592593,92849.0818096112,2264565529.092003,2251934237.037657,0,0,0.33667819135776994,0
27.0029670791583,16.0232636657061,1336.08532520273,336.017096679728,1886.57549475526,68.2673710692649,607.44313175405,0.0465541540759175,0.533622359453629,24.5823454898796,8.31129382628459,6.66855501871087,3381.28184965813,92626.2598894439,2263192072.7282453,2252775975.9649363,0,0,0.328754702940135,0
27.1278747011557,14.9047630201626,1339.25710153954,335.760221358397,1891.52845583804,68.4437613367247,610.744321820159,0.0463934759821648,0.544602009657944,24.3836560044227,8.38933227054297,6.66377905792221,3390.06970192486,92533.0672487559,2263054188.700923,2253604678.3185086,0,0,0.3221918165401268,0
27.230183408278,13.8415714666416,1340.45823187691,334.840898114206,1893.72398561756,68.5191109088007,613.016737922885,0.0463403601526522,0.554563665565676,24.2518499020997,8.45678939695359,6.65957891434577,3393.6878208744,92670.6683377414,2265038628.777011,2254343780.1329484,0,0,0.3167951462812424,0
27.2947065120582,12.9045501012236,1339.64671579543,333.169454000849,1893.1000405747,68.4910542737737,614.230659468732,0.0463852112496506,0.563779080903689,24.2024637823872,8.51241855608074,6.65588934938017,3391.96155594543,92891.3929760718,2265279570.375234,2255001436.978517,0,0,0.3119544658885145,0
27.3316555272161,12.0732807082699,1337.73675716264,330.971522352567,1890.96009428326,68.4073637037852,614.796668419714,0.0464992939479636,0.572282951912382,24.2202242107356,8.56121726723665,6.65247398480237,3387.21063277432,93131.5074252302,2263638956.9591584,2255601352.451233,0,0,0.30780652653031826,0
27.3567348925921,11.3835205024021,1334.68607765785,328.522091040795,1887.21464701076,68.2650864755811,614.684211916743,0.0466732563161016,0.579810250338733,24.2956945536708,8.60231672222238,6.64934162280571,3379.50791372609,93502.0797384464,2263483404.8406243,2256226106.8404117,0,0,0.3030467137425566,0
27.3797200283159,11.0014458373579,1329.41461246034,326.194039088737,1880.2532730523,68.0063293010155,613.391372326505,0.0468837631621338,0.585517023399744,24.4528055629368,8.62757718590512,6.64686038810919,3366.51754026574,94129.1562528039,2267884775.9458647,2256993268.137325,0,0,0.2975563299311161,0
27.4020740900253,10.9957257775976,1322.0284204012,324.257489601143,1870.19478663384,67.6360263965252,610.994984690012,0.0470871505289171,0.588476285894402,24.7063405343724,8.63631716521038,6.64521359935967,3348.67939145587,94833.1490366612,2273342582.911189,2257867728.4846873,0,0,0.2934447535196352,0
27.4214272036208,11.2779020766215,1313.58208915394,322.673949154217,1858.56889439816,67.2096081540596,608.019065731505,0.0472727529760183,0.588523052936519,25.0386761427494,8.63478079343103,6.64425088199872,3328.49931498922,95536.3873697472,2278828931.874717,2258805306.2604723,0,0,0.29087683309551715,0
27.4476280979643,11.7242768728068,1304.66690606889,321.338490617551,1846.23429306703,66.7567958397795,604.748087009712,0.0474720081662204,0.586139719317818,25.4099529812394,8.62557531063688,6.64384796220705,3307.31380956969,96253.0379605307,2284832455.7375574,2259702629.609702,0,0,0.287593970479002,0
27.5145389136641,12.1954836807576,1295.44814672439,320.307160012081,1833.40003887763,66.2821525532158,601.236253852647,0.04773387354249,0.582103695095942,25.7543063736216,8.60732460114976,6.64397990457779,3285.51387733972,97004.3233515195,2291955263.5858593,2260401652.0861597,0,0,0.28361035487873554,0
27.6376082697823,12.6302813125536,1286.10447762633,319.649919327167,1820.30562493788,65.7931413138496,597.567111429832,0.0480713782668627,0.577115092179133,26.0404102338511,8.58002504132216,6.64459083154727,3263.55874824787,97739.2114332949,2299272956.664363,2260933585.095761,0,0,0.28056601280961035,0
27.7998544654138,13.0597727686261,1276.85857542497,319.342743352598,1807.28573973357,65.303305427012,593.890766622141,0.0484595277515025,0.57133598705719,26.2884172165425,8.54604117447266,6.64561344966645,3242.00154860807,98431.9551543077,2306438724.4520946,2261357307.1253037,0,0,0.27839359959361554,0
27.9792007243359,13.5245511630181,1267.00217019765,319.151104661785,1793.34627669075,64.7783551155157,589.923356101703,0.0489059477363508,0.564573831375586,26.5114811931011,8.50085739529981,6.64724629517204,3219.03763425436,99270.9881900608,2316530817.7788057,2261756967.302939,0,0,0.2762455393568754,0
28.156296569213,13.9993029298889,1254.93150881437,318.563409104576,1776.21386827104,64.137770309078,584.946716911316,0.049480419909888,0.55690613617159,26.6807335059556,8.43233188793013,6.64990758503186,3190.52718389915,100424.890759182,2330147543.2550917,2262218759.066062,0,0,0.2742156233261156,0
28.3225613846235,14.4175701588425,1240.96468119737,317.481025455397,1756.35664667855,63.3997760337486,579.131312943037,0.0501967265521457,0.549015391446011,26.7723124637776,8.3416951948996,6.65349298503198,3157.17569819808,101595.005541189,2340112458.6483707,2262694982.11774,0,0,0.272233551275239,0
28.4817068949606,14.7581594425006,1226.80280504826,316.278889237994,1736.20001986462,62.6519914089077,573.280944835419,0.0509946129289163,0.540974002400903,26.7973387369239,8.24056334714027,6.65761577329656,3123.28849474506,102679.114837927,2346926106.253191,2263148323.714597,0,0,0.27034184167322634,0
28.6477318945015,14.9820954612649,1214.51313593499,315.367201376395,1718.67665000958,62.0006303419215,568.37015260734,0.0517969042247989,0.53280402164013,26.7781288007622,8.14260651044484,6.66181408443084,3094.04853182662,103451.145855065,2348999853.34001,2263525546.452402,0,0,0.2680198486713743,0
28.8477615723357,14.9921564718178,1206.14126786074,314.984198314029,1706.67289907478,61.5513220476376,565.367990583042,0.0525225036868604,0.524814694955107,26.7392309283084,8.06269095258384,6.6655242018503,3074.44800833229,103751.832956949,2345900293.6772466,2263760622.8490825,0,0,0.2654708339395237,0
29.0902341699941,14.7978388152684,1201.1601471397,315.017544706069,1699.42117750727,61.2761533567929,564.015973294565,0.0531661861303926,0.51718952558966,26.6899794352167,8.00029368054652,6.66869666240724,3063.13495492486,103892.094603352,2343943941.4613047,2263881843.2043633,0,0,0.2636447434210253,0
29.3592612328775,14.4855082632555,1197.8002636216,315.236579966314,1694.41516386771,61.0833470019074,563.461380769595,0.0537649789798668,0.510378201921624,26.6219539049491,7.9464309342581,6.67153855317462,3055.75485553196,103961.649158091,2342589503.7985992,2263912434.8384814,0,0,0.26220346514303683,0
29.6194448257538,14.0768996768634,1196.14990844048,315.673953468207,1691.84119039868,60.9800185087897,563.753394298504,0.0542818189879601,0.504930455492083,26.5271061029109,7.90373405503977,6.6738466527308,3052.60235071893,103775.164746324,2337866460.501853,2263893852.3023367,0,0,0.26053637440793037,0
29.814052138398,13.5486408486782,1197.50119664399,316.546486948905,1693.63748232573,61.0380717918179,565.538238983482,0.0546352449354602,0.501154725111368,26.4067065207243,7.88355224887289,6.6751387251959,3057.00944030785,103203.289176668,2328918735.8441896,2263883712.142845,0,0,0.2585527900809908,0
29.9307207438266,12.9284260186932,1201.50171163335,317.802867807391,1699.32053424723,61.2401652574163,568.638601947744,0.0548211356331173,0.498948652762186,26.2670969360955,7.88578533662975,6.67536681578929,3068.11530984697,102534.857579367,2321669687.0184317,2263885721.8760505,0,0,0.25685878563590525,0
30.0003069832672,12.267789523205,1206.80813412318,319.195576221307,1706.92821080884,61.5140894597179,572.3690457825,0.0548937037613442,0.498418315273918,26.1130890536377,7.90236145638175,6.67474689658573,3082.48115385528,101855.48294099,2315813880.952866,2263898516.357338,0,0,0.2553085851489067,0
30.0361935046703,11.5839497047882,1212.97140423736,320.583969440951,1715.78439482246,61.8341989454428,576.476584368532,0.0548758677557698,0.499730973266739,25.9445423038491,7.93073544643304,6.67331550936993,3098.88006759269,101124.269583396,2309469347.285533,2263937231.189354,0,0,0.25363995689182284,0
30.0199131204307,10.8742010689937,1220.20926139813,321.920861087112,1726.17474160627,62.2093816565005,581.030529589801,0.0547692791526354,0.502916834306649,25.7560580414061,7.97260969111524,6.67098617682069,3117.74705592474,100312.577875697,2301987504.6540394,2264019250.0213237,0,0,0.251789328446002,0
29.9448171986448,10.1533806263865,1228.28564711364,323.154112702778,1737.75658681562,62.6267593999448,585.898439855794,0.0545954241509735,0.507841044155656,25.5488903246225,8.02661292743097,6.66779977059006,3138.46588711591,99517.5950957472,2295164462.7191954,2264131486.957998,0,0,0.2499446736494875,0
29.8263026159832,9.44761799584177,1236.60455187537,324.231077383781,1749.69225384204,63.0566887003876,590.792904140169,0.054389261060345,0.514394631459517,25.3315520534591,8.08873223252068,6.66389446340376,3159.59560394429,98775.2056951937,2289105829.2672095,2264262429.6704917,0,0,0.2480874071742296,0
29.6857269895955,8.76248117942814,1244.40109733704,325.010673326351,1760.88194775474,63.4601588891098,595.33858968162,0.054200079514446,0.522435070037121,25.0965153596413,8.15325022175775,6.65947834728395,3179.20474067157,98178.8912063998,2284805061.3149467,2264370444.8912625,0,0,0.24631951107644082,0
29.5490481711793,8.06727969011285,1250.75931046834,325.202900344669,1769.97066572195,63.7889014313235,599.068722248633,0.0541121845512799,0.532020584399557,24.8062872734188,8.21237647704258,6.65480752134601,3194.84350481708,97802.5959302192,2282154197.616544,2264395171.2426744,0,0,0.24467228871792315,0
29.4257960416441,7.35199729213964,1255.65986987718,324.752282185949,1776.91548948546,64.0416248111824,601.954283689653,0.0541704509172296,0.543514210914399,24.4466319723509,8.26386299629679,6.64991109712319,3206.39854809009,97525.3822154501,2278174294.92728,2264345917.264027,0,0,0.24288494010490416,0
29.3074492384463,6.6486722608444,1259.6653878877,323.852796091401,1782.54684795202,64.2479878750887,604.263911819529,0.054360544032744,0.556830747563045,24.0402694023107,8.31009088145989,6.64472004141488,3215.37400122375,97307.4419868079,2273181979.5885844,2264237222.116341,0,0,0.24102936996099472,0
29.1902875605301,5.97972785328594,1264.93139594059,323.028852868191,1790.01556403975,64.5214955070906,607.062667428727,0.0545940130688503,0.572051915705226,23.6255612635564,8.36550386846332,6.63872626842972,3227.36216544762,96739.9788523375,2261461343.667967,2264066520.6536574,0,0,0.23857710514573574,0
29.0841232315942,5.36392082031841,1275.12801025256,323.141017293536,1804.68103752027,65.0552667242068,612.169285958284,0.0546878217327835,0.589283332919161,23.2533430358521,8.45741369947615,6.63093811376935,3251.85873325865,95486.3781937268,2241355415.0645275,2263833628.972015,0,0,0.23545349661215306,0
28.9941809713111,4.83198962460586,1289.89167227126,324.218589354105,1826.0399601041,65.8304286381072,619.410037248486,0.0545889077179812,0.607593093175802,22.9369241178121,8.58736597497174,6.62137139320011,3288.03787136986,94140.0520111565,2226178530.5309734,2263556372.1019464,0,0,0.2330153612181139,0
28.9161604419834,4.38911243470048,1306.1025147032,325.616617904094,1849.56640007828,66.6833444507318,627.247613352016,0.0543895353197245,0.626727604784767,22.6517323489066,8.7363642602304,6.61071322547585,3327.92516457767,92893.7154907936,2215302167.2338314,2263248339.584061,0,0,0.23105379842711926,0
28.8495792239866,4.01138067342795,1321.33578268442,326.749207038608,1871.73092452997,67.4868326811084,634.4811189246,0.0541874420765376,0.647027550564405,22.3710037173039,8.88823866437062,6.59949886137479,3365.24509032985,91901.5521510941,2208392963.4541597,2262927567.617398,0,0,0.22942584793384552,0
28.8039693747249,3.66491722628257,1333.65580310686,327.088710773552,1889.70316138864,68.1390742183213,640.138823629648,0.0541056237957931,0.669045398614716,22.0708920521768,9.0279815202252,6.58820333550104,3394.9233321937,91296.0931512744,2205491193.9861045,2262613628.077169,0,0,0.22809441301326275,0
28.7854166663395,3.33080078806812,1343.1082960173,326.561956417628,1903.53547688513,68.6423691110281,644.223060063059,0.0541937542706314,0.693826151157007,21.7441130372324,9.15296614049457,6.57679351821526,3416.99002783894,90848.0376666933,2201100903.0697618,2262300468.169288,0,0,0.2265347685751581,0
28.78985411309,3.01359075130773,1351.11402751339,325.490189844763,1915.29212850554,69.0713655925081,647.426345781617,0.0544007762666894,0.721571707052771,21.3995553594095,9.27123686771496,6.56495320769969,3435.09575861761,90457.4800798819,2195137697.550377,2261980609.5683446,0,0,0.2248279859649849,0
28.8066116031999,2.72578018379153,1358.38149289966,324.112699433686,1926.02540530961,69.4641455907518,650.113968206422,0.0546774395327974,0.751475160018803,21.0424309006042,9.38718692332284,6.55263966372639,3451.15367884483,90140.6375315719,2189374651.2087884,2261671077.59235,0,0,0.2232280596020651,0
28.8187251181192,2.4725782568382,1364.69308934695,322.472254079274,1935.47732158328,69.8121569011042,652.22398129814,0.0550186193162548,0.782534697622381,20.6642822284602,9.49921077714944,6.54007309905023,3464.75521959473,89933.6835369854,2184628820.134679,2261409015.0622845,0,0,0.22186165646076203,0
28.8176772674482,2.25045489302396,1369.90088741489,320.574360510694,1943.46139188273,70.1091537008411,653.716713014102,0.0554374088921424,0.814205215722845,20.2595797127438,9.60580433623184,6.5274161696098,3475.59602188502,89787.5746370148,2179599014.543453,2261187674.1320915,0,0,0.2206190142691326,0
28.8082065956384,2.05442852560676,1374.19915298767,318.458993896688,1950.23239793004,70.3639372068721,654.688828643292,0.0559347095852205,0.846227450122928,19.8338836503323,9.70751382844607,6.51470995539672,3484.14741765525,89679.7877435939,2174038777.465272,2260994791.8539786,0,0,0.21950089247537136,0
28.7986905748633,1.87926556237706,1378.73441658329,316.306897144003,1957.41211321201,70.6345503259655,655.690660977238,0.0564731203433429,0.878814453261178,19.4025115346033,9.8121532532946,6.50164192317024,3493.24963030141,89417.8228754763,2164864462.770007,2260767935.7833614,0,0,0.2181996753998661,0
28.7963847570864,1.72418331315531,1385.84819675955,314.48366839313,1968.36175740521,71.0419485023252,657.850508329177,0.0569292472321771,0.912419278480158,18.9909193148894,9.9376685834607,6.48744277517957,3508.74960062494,88791.0426678772,2150177006.888608,2260411910.288496,0,0,0.21654351913126707,0
28.8030376326999,1.59058508227488,1395.76218965279,313.023596637288,1983.39251614054,71.5968988547413,661.27132931313,0.0572392245844605,0.946333071276866,18.6076280114571,10.0885824260508,6.47200491446496,3531.19133313994,88079.7070399231,2137009905.318234,2259955612.358699,0,0,0.21527255001763343,0
28.8157569593257,1.4747926975111,1406.65895475952,311.639838676836,1999.88069653874,72.2045358549031,665.075190482656,0.0574706641936244,0.980139614651092,18.2409366523337,10.2538859014268,6.45582192355777,3556.01869106791,87413.0841726787,2125989247.0548055,2259440446.0993,0,0,0.21638946907834053,0
28.8311539194788,1.37142763037277,1417.1421399723,310.105383970486,2015.80771151011,72.7920667914324,668.584741030793,0.0576928640573945,1.01427544778076,17.8765819834588,10.4234186455712,6.43925649438546,3579.72208633117,86843.2367909239,2116485100.460877,2258937765.9376683,0,0,0.2856564990816474,0
28.8464880020073,1.27640273095136,1426.18090906893,308.220820016681,2029.66898680229,73.3049265855181,671.296376656563,0.0579596448291385,1.04922505357625,17.5007121953462,10.5903039883128,6.42253902635075,3599.67090014845,86406.0431200434,2107924013.003312,2258537678.9061894,0,0,0.393061196801393,0
28.8605230773073,1.18547390331313,1428.70863434399,304.940181299096,2034.21515156306,73.4806161208915,670.84141945563,0.0585506798471214,1.08739036893311,17.1075660525165,10.7512594249223,6.40550554939029,3603.08661967527,86041.2141718693,2091707156.9686956,2258142487.9474945,0,0,0.4235535862848496,0
28.873392677591,1.09837663692163,1427.91769783698,300.936487716363,2034.01834540961,73.4845217085966,668.720740952655,0.0593414312822954,1.13047154181155,16.7009737330726,10.9077039292337,6.38786278293691,3598.0403265253,85713.2593085279,2071623202.328968,2257689664.347074,0,0,0.40429707585737945,0
28.8821166911097,1.02020960711179,1427.30973043607,296.94013670724,2034.09981640598,73.4985882497201,666.591590260509,0.0601169711861291,1.17580081456095,16.2945266961378,11.0645983987976,6.36974502103668,3593.39173926695,85409.7161989225,2052384203.3199105,2257135860.430278,0,0,0.37999512846010447,0
28.875495174756,0.956171739396919,1427.68825781461,293.150620413708,2035.62490426883,73.5656815127346,664.864120415496,0.0607770503383748,1.22037909926406,15.9167576432538,11.2253958380366,6.35142903929779,3591.22859214355,85125.3388959895,2035144169.7267315,2256416494.362557,0,0,0.3639532151065254,0
28.8458869362014,0.905099817057793,1428.8308658291,289.551144564062,2038.28126187085,73.6749330155638,663.460361582391,0.0613320920261809,1.26233403109446,15.5857891115352,11.3911656190253,6.33315399057092,3591.03329761483,84860.0692057973,2019695279.887323,2255565322.8235917,0,0,0.3567978554165983,0
28.7962512537294,0.863611011379183,1430.29640128561,286.052254111245,2041.43050115317,73.8030464875034,662.175265124284,0.0618303088437745,1.30127228680702,15.2954857232556,11.5610727073912,6.31502481118101,3591.68827351662,84614.1954704927,2005399463.8794744,2254623561.3195662,0,0,0.3552784584320092,0
28.7343889857381,0.829385701708043,1431.81578291364,282.583572602797,2044.68675117629,73.9355305162143,660.876439626775,0.0622958429239243,1.33749137793052,15.0281256139017,11.7344599890084,6.29703351442725,3592.4984943431,84374.3939357586,1991474820.5947754,2253656415.4609733,0,0,0.3561100367690277,0
28.6697631779024,0.801747896856827,1433.37717464582,279.119198036164,2048.05739854717,74.071893115783,659.559602542388,0.0627150134172603,1.37130698453695,14.7604099161009,11.9121852577,6.27910177178468,3593.43926898138,84121.9843928436,1977353836.4049819,2252752672.470785,0,0,0.35723624898350953,0
28.6077466206697,0.779654168038374,1434.91624235086,275.640614962708,2051.46639139678,74.2089053202793,658.198866744018,0.0630837697477317,1.40283930245243,14.4783086345765,12.0944024966749,6.26120988674037,3594.36142582321,83876.9161536448,1963376143.2692454,2251900570.36608,0,0,0.3579024250265884,0
28.5475895203011,0.761820948931814,1436.25819717736,272.129274571719,2054.65127403457,74.3371489917634,656.712612980657,0.0634154095917631,1.43227394594993,14.1835661823545,12.2796398774569,6.24340187481536,3594.82586980009,83652.3133110572,1949650512.4669528,2251078360.3636284,0,0,0.35801332566227195,0
28.4884537901592,0.757477538623269,1435.94568650446,268.379066372026,2055.47224772063,74.379306516098,654.444302423267,0.0636127724557587,1.45730887238973,13.8989458436291,12.4551645543964,6.22661989208684,3591.19212585927,83699.8085277522,1940291781.8095307,2250275394.009234,0,0,0.3584606203820324,0
28.4383435756268,0.788077601544639,1430.31882164779,263.829724844449,2048.58048565113,74.1418508173521,649.78928523026,0.0634868170643542,1.47010464030821,13.691269350667,12.5876238397874,6.21365528805188,3574.33530933152,84424.5940591914,1940105014.3445742,2249508579.2490897,0,0,0.3602503186080742,0
28.4098502520297,0.849237126708688,1418.55574430372,258.321855208254,2032.75274163584,73.5811721454826,642.465635824423,0.0631986777102715,1.46599504706383,13.6225796333751,12.6621130963835,6.20604962486787,3542.20820828135,85502.6598140677,1940197191.282073,2248790073.0143676,0,0,0.36187668557724717,0
28.4071736699209,0.930795087928789,1404.108610098,252.377873518475,2012.98031756075,72.8786391653222,634.063603727392,0.0628257398953442,1.44735665530918,13.694742621727,12.6946031579807,6.2027718073227,3503.4096637928,86674.8932879049,1938632760.2235239,2248121934.7443433,0,0,0.3631311887953544,0
28.4087396048589,1.0874109340921,1389.8215222675,246.60978388136,1993.36474901821,72.1817568838888,625.931177760692,0.061629784396969,1.40995738395508,13.9349947464759,12.6995079131428,6.20383919875583,3465.17146042511,88045.5743305115,1941753580.16928,2247496677.1752496,0,0,0.3649644007550931,0
28.3508461280493,1.51434385098649,1376.0353301481,241.558196174246,1974.34972655018,71.5032543636602,618.517555854546,0.0581559878637573,1.33044184541792,14.5284643924884,12.6818403453899,6.21278036194776,3428.83558579283,89865.7712734391,1957213542.58121,2246930287.2818584,0,0,0.3682519800481582,0
28.1887781455756,2.38521312448872,1360.58368409534,237.176213413156,1952.79022024795,70.7271658886198,611.072186649329,0.0536283624702528,1.19787500355532,15.6123217088445,12.6461635664558,6.23133452687645,3389.35160359394,91884.1464449409,1977712660.3147988,2246485205.289245,0,0,0.3713187832543206,0
27.9382642442673,3.91498480784757,1343.09807181368,233.267895962331,1928.17616153804,69.8362073188449,603.135771333863,0.0497667195510005,1.04192351700484,17.1059690874893,12.5802313050017,6.25562595250947,3345.54519325193,93943.6649760195,1998747638.0521734,2246192932.6398087,0,0,0.37364819450948,0
27.665116530782,6.28451261184008,1324.21228298549,230.154432883052,1901.31870555426,68.8597214243267,594.45756566639,0.0473164414346107,0.899992323917613,18.8379487546158,12.4474560949234,6.28157268905215,3298.73992051817,96299.2673452226,2026663328.636706,2243235747.922331,0,0,0.3576074148287177,0
27.4931438548499,9.33919700557488,1297.15732024687,228.031355100864,1862.09884173176,67.4255960646496,581.627695553572,0.0465284301836183,0.792582053002874,20.6023657458882,12.2042312149551,6.30807906168618,3232.50087904561,99252.0794623078,2060535401.5827603,2240353059.1433935,0,0,0.30798859670092105,0
27.4894113208153,12.6495211194904,1263.18298645387,227.718997011353,1812.14931799195,65.5906180356058,565.234101026307,0.0469645453205308,0.718652873048667,22.2628973413441,11.8593426645184,6.33498736086313,3150.25665855983,102326.698535199,2092932856.0554395,2237419023.571738,0,0,0.2781924299804687,0
27.6098572029094,15.9055594506822,1227.77960809774,229.272964388754,1759.59694881219,63.6529096666702,548.094321163676,0.0480755678909325,0.664937503479438,23.8305860230451,11.4600180733349,6.36221750179784,3065.45323857373,105287.079681698,2124995012.2316084,2234292353.373973,0,0,0.26364770191996095,0
27.7669990156483,18.7490991743201,1196.10230005878,232.256509886014,1712.16979940435,61.89769158418,532.853308069809,0.0495212382555882,0.622261775316158,25.2471901180879,11.0587347137668,6.38877023244254,2990.44124904218,107600.753116291,2150692803.1089363,2231017834.921072,0,0,0.25549448955709697,0
27.8615501806475,20.6185511278052,1173.08776677485,236.30633240363,1677.20373841347,60.5952006600204,521.897636776669,0.0510188186356525,0.586638942602619,26.2739144516743,10.7042975249721,6.41286676818337,2936.94037475706,108893.411457782,2167002922.7538447,2227729881.968132,0,0,0.25372707128723143,0
27.8726092745984,21.4919025731381,1158.06761638119,241.185711480285,1653.74676200428,59.7109643086783,514.913336629893,0.0524482463418993,0.555733185866734,26.8621568012564,10.3995366826364,6.43452867272257,2903.19395389145,109739.747265571,2184358859.9255533,2224417721.223745,0,0,0.2504537519459009,0
27.8472074515085,21.7584843094219,1147.36018302927,246.765108291434,1636.41458169481,59.0478255043556,510.154616583929,0.053830308481329,0.52932742728231,27.1515677322294,10.1257028487661,6.45446939377708,2880.26385556858,110287.760116846,2201873965.8982263,2221071275.319434,0,0,0.2443942949216318,0
27.8308959786238,21.617598697749,1141.19862351785,252.800289843466,1625.65997450481,58.6238094528388,507.717835022717,0.0550260465225483,0.507855310919806,27.2511055985805,9.89307130422162,6.47194558256108,2868.62407221214,110177.063128897,2212265992.090516,2217644279.9956965,0,0,0.23918332277854443,0
27.8601997089431,21.1325977632774,1141.62176822029,258.606965227131,1624.72411370413,58.5609659759387,508.613370474824,0.0558179826285198,0.491137722000241,27.2570898162753,9.72753236333909,6.48561510493096,2872.92907376723,109233.186224962,2212279918.1864886,2214079450.85874,0,0,0.23520145342932225,0
27.93521663899,20.3969346893032,1147.51726362908,263.937423373423,1632.02755583187,58.8022916004924,512.308180938584,0.0561852901116152,0.478358097311596,27.205529340269,9.62441972328645,6.49570600129099,2890.36355768308,108056.008333667,2211708972.071979,2210412987.5417476,0,0,0.2328210269742012,0
28.0318440743787,19.4899556571515,1156.29646665311,269.032195630094,1643.64876729564,59.2027509669995,517.494963842029,0.056248274858446,0.469396493147423,27.0705744232441,9.56286115854858,6.50314215484894,2914.71558317475,106822.025862883,2211671306.5533295,2206673116.5545325,0,0,0.23118502648634434,0
28.1293908033074,18.3973948257652,1168.17923910626,274.189382487847,1659.84842123306,59.7708525340437,524.202977804877,0.0560160821943536,0.4645226432145,26.8360925801548,9.54640403614508,6.50769094716523,2946.63378811334,105188.090545962,2205934574.200929,2202813887.04066,0,0,0.22917256592149735,0
28.2111983660909,17.1009980122443,1185.19265940641,279.738014916875,1683.60518985033,60.6148726759015,533.345397203714,0.0554170039351667,0.463612036922262,26.5238644632676,9.59473512611528,6.50845065971721,2991.2162250634,102968.120907194,2193299925.3992724,2198774576.7541556,0,0,0.22657386806630134,0
28.2747245071765,15.6985338515487,1206.15199177624,285.601209091872,1713.19848290331,61.6718681751053,544.337467561847,0.0545351974990286,0.465968015409969,26.1702899931306,9.69959833682785,6.50586738329045,3045.55778129064,100775.006046274,2184726167.0595727,2194601466.5642056,0,0,0.2243739272836542,0
28.3274153845399,14.3048298145055,1228.14991341763,291.39764037207,1744.38612213767,62.7874587603805,555.7824188846,0.0535400801916527,0.47156866931217,25.7972436172034,9.83635131540164,6.50104121241062,3102.39006974324,98768.4736937861,2179435586.3412743,2193518939.5459247,0,0,0.22230455885165215,0
28.3724584486597,12.9700960700789,1249.05248389782,296.775547445425,1774.04781000194,63.848539915668,566.641411197805,0.0525488272312361,0.480388583563797,25.4000757265532,9.98558332814443,6.49483477939187,3156.31038462013,97104.9800414136,2177927240.7760725,2192525563.3504276,0,0,0.22031975199905396,0
28.4058578369884,11.6967849457486,1267.12795087449,301.415512679489,1799.6235758996,64.7626513406375,576.055621546111,0.0516632085871333,0.492275140509959,24.9431129295145,10.1294203972828,6.48806020840093,3202.87374734738,95893.8820605319,2180423830.715735,2191536547.945187,0,0,0.21842203076239108,0
28.4252284962215,10.4705615898542,1282.39626695234,305.253942335568,1821.13881851619,65.5311885542816,584.003522657706,0.0509189638600898,0.507266437034528,24.4151213452128,10.2635563725347,6.48090993187012,3242.05870420479,94904.7908617639,2182035133.3326526,2190553286.190853,0,0,0.21621713201907636,0
28.4331887028065,9.30355889844494,1295.94762029792,308.459284904219,1840.21231387397,66.2128908206312,590.985000334514,0.0503003124212485,0.525036828779358,23.8446218901331,10.393174018669,6.47321063206114,3276.62155893508,94054.6662918347,2182793750.5446086,2189595224.859341,0,0,0.2138595564862442,0
28.4449972439688,8.244045683841,1307.99917613119,311.126682408035,1857.17703680418,66.8193131145216,597.090399047111,0.0498085457670161,0.544952509870829,23.2712685128653,10.5167750722039,6.46513339716683,3307.1613528698,93406.6233826555,2184964228.757283,2188698367.473536,0,0,0.21166820973110675,0
28.4975968980025,7.34329265995257,1317.86696715896,313.167853152533,1871.03243953916,67.3135483738213,601.988648122724,0.0494529464834743,0.566203245478812,22.73926814105,10.6257094636345,6.45720377486447,3331.96492647947,93029.310441196,2189567600.007639,2187893790.5133157,0,0,0.20977925716415882,0
28.6082296807698,6.60120051683554,1325.47050306038,314.548828587685,1881.65608100367,67.6910455922726,605.64872324097,0.0492221269715154,0.588060095644944,22.2665617048019,10.7170011163612,6.44969982433293,3350.81335035103,92797.2168869903,2193679540.4628124,2187154918.61425,0,0,0.2079565847587061,0
28.7614006416747,5.98645486802128,1331.38475322284,315.377248206518,1889.88194351776,67.9821984048809,608.356274016232,0.0490941170228122,0.609906876288815,21.8402143813146,10.7938751618517,6.44260616028691,3365.16927963948,92655.9388014499,2196890965.8807926,2186454326.2921653,0,0,0.20621332466094017,0
28.9381934716496,5.46937518452011,1335.62707794217,315.745098777021,1895.76974085615,68.1889195064867,610.144329203277,0.0490738154045532,0.631172823551812,21.4355562016708,10.855339233424,6.43608351317774,3375.19011156601,92663.1658398356,2200816882.3049297,2185789821.381666,0,0,0.20471898939807415,0
29.1285887430708,5.00852324556793,1337.48922658606,315.665725708282,1898.41299984405,68.2776591986833,610.726114611992,0.049221652614549,0.651729126556125,21.0197958297971,10.8944994370064,6.43048949846544,3379.3351223644,92886.4797558165,2206390960.35556,2185178248.9459643,0,0,0.20351653032644748,0
29.3295712785354,4.57958970600628,1336.99567379047,315.188204468287,1897.90845546285,68.2516593021918,610.139105521587,0.0495717479845506,0.672061035620253,20.5791038228812,10.9096574013563,6.42585759092764,3377.7721070967,93214.4951366053,2211092611.295134,2184621239.3855805,0,0,0.20236723254227637,0
29.5413987253845,4.18898945172016,1334.88502225449,314.402824364182,1895.26319346557,68.1476453192059,608.728086772963,0.0500907449279258,0.692109775343524,20.1253124499475,10.9057136312687,6.42200167310183,3372.27067755835,93592.9699648398,2214570741.7541833,2184114767.1879344,0,0,0.20129902188586712,0
29.7469360639578,3.886405908265,1332.18990064585,313.4472043255,1891.85662322197,68.0164477400512,606.983198644369,0.0506306169596056,0.710714561708096,19.6961014310731,10.8919493515557,6.41871269793556,3365.29207298903,93906.9094722775,2215535399.042267,2183619779.7956567,0,0,0.20023374273589134,0
29.8933448998136,3.77481313577219,1330.27975343704,312.549197016449,1889.52087602113,67.926272966587,605.594287884598,0.0508440658280851,0.724232861035976,19.3674247516203,10.8835201400251,6.41592258362806,3360.1614828367,94044.2522571635,2213505902.1376667,2183082980.55983,0,0,0.19912086713542937,0
29.9558817887035,3.85719279374962,1329.41715150401,311.795236864649,1888.56789059728,67.8890481713421,604.756244856423,0.0506312888163762,0.728738418365067,19.1728680635904,10.8869968336016,6.41400754413282,3357.54959592321,94130.5182145179,2212046395.1407995,2182528468.317805,0,0,0.19825540120032786,0
29.9578111930926,4.06004458553696,1328.91056525469,311.095871694921,1888.04418414309,67.8693104584126,604.158123642395,0.0501949887368379,0.725455397351432,19.0787441833197,10.8970380544522,6.41306418602316,3355.79249717011,94207.4260416684,2211138917.3628182,2181981592.9053426,0,0,0.19760353689178944,0
29.9329234703499,4.38138678972563,1327.64835589457,310.276760004247,1886.40356116728,67.8093912153025,603.264517404822,0.0496301969083965,0.716775582395814,19.0595892946503,10.9037680008501,6.41319157397889,3352.15845367379,94407.0506314112,2212263154.775702,2181448048.6338334,0,0,0.1972220713202524,0
29.9134140483605,4.93883441712065,1324.26956822352,309.119442527818,1881.70491108739,67.6365052692047,601.454726798601,0.0488692977419142,0.702193835046382,19.1405905091666,10.895674567658,6.41503583166014,3343.27480469862,94858.1960003605,2216575963.8320737,2180913581.8409815,0,0,0.1971124495222759,0
29.9093849775884,5.76653148558116,1318.96779370523,307.623713880961,1874.2333965705,67.3602272967791,598.846278312413,0.0480177199848905,0.682085372568447,19.3396846724291,10.8732979833572,6.41859306008611,3329.62280370509,95353.7290853783,2219426688.180232,2180351957.937534,0,0,0.19683990341063498,0
29.909732344764,6.79898651191853,1313.05187746961,305.988225589831,1865.87741423277,67.0501535240102,596.028382312082,0.0472411819920729,0.660174646833711,19.6343732523807,10.8440124175691,6.42298149113679,3314.45183991688,95811.7603195374,2220645984.28982,2179745885.566858,0,0,0.1964661316238165,0
29.9073150186017,7.92662879654196,1306.66499820159,304.42813510313,1856.83688870951,66.713976048892,593.034829358571,0.046660823123096,0.639354531027303,19.9682980773069,10.8045746905244,6.42788927929937,3298.23813492719,96384.8564522987,2224324782.1825027,2179115597.3006597,0,0,0.1963668695660305,0
29.9094189822558,8.95371980774301,1298.4998932858,303.197742494536,1845.2305425231,66.282392435444,589.234852849551,0.0464020044298978,0.621332825296944,20.238536800803,10.7404212431492,6.43370910637648,3278.05498029191,97231.9456422739,2233173853.7133756,2178503290.9478207,0,0,0.1966765745837593,0
29.920737834854,9.76210929387154,1288.44405618417,302.443875903803,1830.90516326282,65.7494274785261,584.584416887039,0.0464539282748496,0.607017876094653,20.3956475905786,10.6501629583445,6.44038024515338,3253.75818575774,98123.3466420536,2241984878.2503214,2177906540.1310077,0,0,0.19689108822007179,0
29.9367337189497,10.3942238107542,1277.68515996898,302.128314826946,1815.56614836051,65.1776027364227,579.671202070064,0.0466965624747944,0.595295813128161,20.4774326870129,10.5451749465724,6.44755983067096,3228.15630358112,98977.6030213432,2250086502.6515474,2177319537.8205857,0,0,0.1970057391364002,0
29.9382113165066,10.9320149689429,1266.83408351825,302.040105452609,1800.03100891863,64.5981111300524,574.794466546544,0.0470507676226752,0.584563128575753,20.5186971041314,10.429782339965,6.45526897775894,3202.49402285749,99863.5699333035,2259149588.4374313,2176721816.681613,0,0,0.19725538210828306,0
29.8818588296302,11.3926794522643,1255.59780178664,301.741112253261,1783.73964369756,63.9939210934717,569.803438933603,0.0475168254710498,0.574085113637241,20.5034963580447,10.3003877384098,6.46373515540242,3175.61235825956,100846.088590323,2268898992.9781985,2176083810.9495616,0,0,0.1977342817784071,0
29.7520620333422,11.7649444241023,1243.94462301843,301.069143098288,1766.59903509338,63.3630040321671,564.669804292122,0.0480985879902772,0.564033612689635,20.4157514987426,10.1579007193746,6.47284917622649,3147.26328631165,101814.042598147,2276172513.7621593,2175417769.8569975,0,0,0.19819217081659793,0
29.573225648541,12.0591716958842,1232.37286394107,300.264149933771,1749.3984673833,62.7322809426444,559.623349364903,0.0487647872214126,0.554436366910814,20.267041321857,10.0080476523646,6.48231785131905,3118.87413162602,102724.685854316,2281306334.591513,2174734230.568855,0,0,0.19856792354305744,0
29.3811590118187,12.2767870262869,1222.7515444323,299.798999358057,1734.94884831664,62.2016269714395,555.547066750801,0.0494251509063382,0.545402890572016,20.105620389192,9.86680142397024,6.49139580101409,3095.35510927808,103262.623362843,2281003893.511536,2174025939.3206415,0,0,0.1985507670675564,0
29.2164975186862,12.4371184410399,1217.71616968007,300.224033472828,1727.19684296912,61.9124283620735,553.701592718681,0.0499316908784436,0.536935380391527,20.0313811135416,9.75827414526638,6.49899652307926,3083.53729820988,103196.203005909,2275229828.0436883,2173289788.6369586,0,0,0.1981971560714531,0
29.0899770556476,12.5818684277132,1216.72661496286,301.502144525501,1725.3949789448,61.8371317284777,553.841288366762,0.0502541510717753,0.528661839358784,20.0737725436634,9.68242303535475,6.50515756891278,3082.14164663575,102951.311999877,2272879015.076098,2172549528.987113,0,0,0.1982514636545515,0
28.9851820492032,12.7127468276958,1217.60068513041,303.211270057714,1726.3290181935,61.8600500260733,554.923183262711,0.0504603696518125,0.521080734876422,20.1779533125917,9.62444569148761,6.51045499340008,3085.58724604364,102646.444617957,2272708872.199207,2171821605.741286,0,0,0.19846511638442038,0
28.8780482720259,12.7980814608683,1217.76025163588,304.730498301791,1726.23977287046,61.8454057001612,555.713317449635,0.050645959528287,0.514507379799575,20.2987086576302,9.56398841554597,6.51572289257444,3087.22313033171,102664.881389335,2278396537.0391555,2171202127.3718824,0,0,0.19903122578481675,0
28.7361126984312,12.7522764213601,1214.05761264694,305.107731829552,1720.611835071,61.6292976312179,554.715088728631,0.0509690145906112,0.509201307923241,20.419363118725,9.47397832110446,6.52208845095764,3078.8580933111,103295.51260845,2290050463.556045,2170797249.5355477,0,0,0.19992121648053646,0
28.5532214918876,12.4974647431089,1207.04127132332,304.207328952116,1710.26910374684,61.2417356819216,552.17426433126,0.0514583751658292,0.505856718379642,20.5364585091364,9.35665041947271,6.52933803701667,3061.7190691691,104008.717265056,2295942450.4643126,2170529257.488109,0,0,0.20018662595095157,0
28.349314645348,12.0648488858437,1199.31160767621,302.659864631506,1698.95182316646,60.8186319532789,549.302413544686,0.052028261319139,0.504011102086643,20.6542007697323,9.23184305145259,6.53664621246346,3042.45058656137,104663.739064039,2297603141.5409184,2170339562.285901,0,0,0.2000538202853775,0
28.1466939551556,11.5008217303933,1194.7984247764,301.443905045693,1692.28344052796,60.5642454734473,547.937334168674,0.0525329000422736,0.503458800292793,20.7587664050658,9.13044860824037,6.54268274831545,3031.09025575711,104630.669464803,2288515149.465053,2170121289.3919377,0,0,0.19911771240453244,0
27.9625747016474,10.8522280582296,1198.27554117375,301.766213783937,1697.06516326655,60.7255530597459,550.311258251403,0.0527499307078451,0.504183424909946,20.8110640922756,9.0921865052162,6.54570715907198,3039.81671634887,103508.012205223,2268754353.7768116,2169775110.736967,0,0,0.19750820788677215,0
27.7949919408244,10.2179774919399,1208.42607461485,303.567061736223,1711.36859048994,61.2324720633311,555.786878478858,0.0526708193031082,0.505381017899104,20.8097082625866,9.11028041005126,6.54607923190172,3065.41344582225,102220.347305432,2256602640.8729906,2169373425.092736,0,0,0.19677529133639812,0
27.6336766247793,9.65662125837012,1220.63355376808,305.876164017848,1728.59011679795,61.8455104614301,562.183184188634,0.0524516527988809,0.507514564434926,20.7827602501014,9.15299511986306,6.54507771834359,3096.21274994185,101006.74844821,2249277362.2765703,2168958545.2282495,0,0,0.19644986003134252,0
27.48718930862,9.11706891237356,1232.91632749619,308.088501275386,1745.94080265936,62.4639912493189,568.56951729501,0.052167210025856,0.511427118874971,20.7478021444647,9.20707888917231,6.54314210267208,3127.11127923325,99856.4707587637,2242674932.7665243,2168519689.722537,0,0,0.19600378058401585,0
27.3885404077703,8.47816199479974,1245.04984762985,309.906850493011,1763.16159947747,63.0795053397733,574.844429016303,0.0518828515987121,0.517966710029645,20.7131298991232,9.27139549734325,6.54018000530777,3157.41575855744,98746.4466499969,2235240322.631943,2168031003.5247808,0,0,0.19528316319265843,0
27.3485502481052,7.71574032659521,1257.11671296016,311.288278663545,1780.39005315089,63.6973632965382,581.026301678547,0.0516518615184559,0.527920881168194,20.6786761606081,9.34594860159157,6.53604645102764,3187.29575517871,97699.0969116974,2227506315.772897,2167503212.075256,0,0,0.19435540648653984,0
27.3485296407612,6.90533653830774,1269.10022391778,312.349962681283,1797.57912967388,64.3153904765497,587.074800654761,0.0514911177942078,0.541455981738456,20.6394061905901,9.42961319416814,6.53073981193404,3216.75804022321,96719.3765717248,2219964473.644855,2166948863.0550084,0,0,0.19327312920273781,0
27.3645733637519,6.132609440859,1281.13998494159,313.213926754312,1814.92481577204,64.939941164068,593.035369746759,0.051380882942122,0.558326676982623,20.5778698527849,9.52267048660494,6.52426301856217,3246.20847286214,95763.0176164223,2212097549.6149654,2166434656.866956,0,0,0.19202699275242804,0
27.3707838921541,5.47747156778988,1293.53162099556,313.958577287649,1832.88858363392,65.5866725566176,599.049909266312,0.051242700061456,0.577693128142302,20.4557649378597,9.62743520988389,6.51662655379081,3276.44279103028,94794.6502429063,2203535863.7248874,2166040703.207169,0,0,0.19064699608495236,0
27.3576569953852,4.95498668714422,1306.1058901678,314.569287672318,1851.24014460195,66.2469162132077,605.048951767898,0.0510322704849204,0.598264376763271,20.2603357853465,9.74311713076749,6.50805333098588,3307.06598212821,93885.2892048048,2195706154.543027,2165723282.623961,0,0,0.18929597323348046,0
27.3336589632595,4.52785822191439,1318.37057916171,314.983976067293,1869.24591283034,66.8946581896688,610.79624267622,0.0507840094056611,0.619546473304831,20.0125449619492,9.86553468536669,6.49880121088587,3336.8358345984,93062.2930105838,2188686882.7762938,2165446040.0775285,0,0,0.1879939023269415,0
27.313208920309,4.15105128638193,1330.27419459505,315.192329319015,1886.78222567219,67.5264681615247,616.251160700467,0.0505520437344603,0.641867645418929,19.7481030495336,9.9931498834566,6.48889449989917,3365.56709432687,92276.4017883968,2181368264.9760556,2165164532.8017144,0,0,0.1866673915629244,0
27.3151469581836,3.7856807236755,1342.2612483122,315.236604817294,1904.40219903943,68.1640597149165,621.593000547965,0.0503925548095461,0.666108206397886,19.5207560106587,10.1279539840861,6.47811484544338,3394.25067558536,91474.1196765202,2173159278.207625,2164827742.0123553,0,0,0.1853018073409462,0
27.3457377983804,3.43200679672362,1354.30028457212,315.108826414719,1922.02223492629,68.8050684876661,626.781090960426,0.0503233543335037,0.692905737749009,19.3535972284969,10.2687124541667,6.46640746725662,3422.75513552279,90731.7600577113,2165878711.468095,2164460844.1831713,0,0,0.18407156106275557,0
27.3961176664701,3.10905435012882,1365.90121284764,314.761195362651,1938.97169085078,69.4244705100658,631.587279360091,0.0503241484374103,0.721993025143404,19.2270756249199,10.4114983791098,6.453984380826,3449.91301742532,90076.1065500962,2159575670.5531187,2164090406.40195,0,0,0.18298032159281016,0
27.4578245862613,2.8196901611584,1376.78146434108,314.178549414408,1954.9243554262,70.0093377824652,635.903633076262,0.0503861061371568,0.752929544844965,19.1101308920017,10.5542378086136,6.44101647007863,3475.1305007798,89495.1676149341,2153656096.2890706,2163718338.1215363,0,0,0.18198404356830597,0
27.5296546161793,2.5506395451172,1386.90384520748,313.377928528939,1969.96366601279,70.5614598076947,639.748200981168,0.0505420029167637,0.785915225124142,18.9689702408564,10.6964619085501,6.4275029445346,3498.48008388122,88970.4186534899,2147689599.716524,2163333554.575514,0,0,0.18106695370043277,0
27.6122393860906,2.30032157094234,1396.27828629408,312.375700926621,1984.16875485321,71.0831738846615,643.138722782498,0.0507987539734899,0.82140374805056,18.789430352939,10.83758647574,6.41340121378304,3520.06556026263,88505.5572064104,2141840470.4528508,2162940236.407903,0,0,0.18025960712747813,0
27.7040964914783,2.07395578200786,1404.9114200347,311.180060597274,1997.49712007312,71.5733063566712,646.073659316691,0.0511321658731114,0.859183686973375,18.5817307850366,10.9771363156996,6.39877363945305,3539.85777492975,88098.4850376657,2136125794.3090448,2162545309.500026,0,0,0.1795688084386611,0
27.7980766601162,1.87347900407521,1413.28824647287,309.855520081358,2010.56214609833,72.0546769934541,648.775986340909,0.0515016249226407,0.898891422056625,18.357689062687,11.1188148221979,6.38353285224999,3558.9761874338,87660.092254387,2129014478.0735757,2162171872.159438,0,0,0.178880482910254,0
27.8765229090182,1.70117950526788,1422.52416786354,308.540390780107,2024.8867919713,72.5830025524901,651.766521641418,0.051826111386319,0.940100326616125,18.1189597562994,11.2723667116772,6.36732910820913,3580.09670051915,87085.3648744056,2119290396.9727716,2161850136.6394815,0,0,0.17812252318048716,0
27.9294716326471,1.55422506939714,1432.82525511801,307.25680058324,2040.72876053556,73.1678913519228,655.146656982975,0.0520764578056987,0.981982468678616,17.8658369806799,11.4410801810041,6.35014729577947,3603.69227113431,86491.1103362805,2109995261.7006538,2161568734.1017985,0,0,0.1930951606080842,0
27.962449191434,1.42564558441605,1443.41607324241,305.908498298766,2056.98596339237,73.7693953935161,658.560791564946,0.0522977527399272,1.02434490179655,17.6016164896727,11.6194879370506,6.33227299735571,3627.86627570538,85936.3587441359,2101632326.4896326,2161315016.1792445,0,0,0.2958947004585123,0
27.9869087554709,1.3063629249091,1449.57975613559,303.605841198243,2066.93490036387,74.1454413583502,659.869655352599,0.0527303635461169,1.06906766612342,17.333419822117,11.801178376214,6.31374586159725,3640.85125235993,85430.1176446376,2088071598.9548259,2161019042.205223,0,0,0.3662381549188161,0
28.0173153944769,1.18732550835823,1450.33940738926,300.201203596485,2069.17924191123,74.2453860656636,658.608747245227,0.0535129157567589,1.12046859021445,17.0775167076085,11.9801788105921,6.29422653582733,3640.22077717572,84969.3060894885,2068167791.6806,2160604914.8997784,0,0,0.3604902131165361,0
28.0613878292003,1.07326032052517,1450.36941196372,296.634090940629,2070.39661511326,74.3089602441456,656.872886906226,0.0544239500069619,1.17758464820073,16.8447071940732,12.1572325012237,6.27376846198541,3637.67770800454,84548.6559714206,2048330145.5670724,2160153071.0310116,0,0,0.3377329233176661,0
28.1164770839649,0.970277503747765,1451.06812226441,293.176031597915,2072.58738681817,74.4079866335469,655.306010015347,0.0553534816640598,1.2374828723702,16.6313314277018,12.335171042172,6.25264596477587,3636.7287592002,84164.2389412803,2030340780.1624627,2159723045.8001103,0,0,0.3193798848196912,0
28.1747905754628,0.883751890102681,1452.37509960278,289.826249306149,2075.66810760064,74.539370522471,653.908901189053,0.0562300932786664,1.29735238579489,16.4260085215531,12.5153010520583,6.23122570917598,3637.25047485064,83831.176298928,2014462176.5723426,2159328024.6881566,0,0,0.30974298335018635,0
28.2249061937099,0.819710119255721,1453.69117933242,286.505525172693,2078.78780733987,74.6722352681142,652.454596802231,0.056956873684409,1.35409977616313,16.2114660423691,12.6970827959219,6.2100317998123,3637.80295808093,83573.1151091637,2000493087.5866017,2158967075.9158635,0,0,0.3068723404832554,0
28.259750076285,0.773935791916048,1454.66893147827,283.170054241132,2081.45303274753,74.7886501007859,650.822549819698,0.0575450898334401,1.40564828990095,15.9771118462078,12.8804969862867,6.18941625252473,3637.55947558292,83362.6449707221,1987333116.3502834,2158629970.0456862,0,0,0.30749428236849546,0
28.2807383046728,0.739923556836515,1455.35714904333,279.823845725575,2083.72965944523,74.891038003897,649.037703944436,0.0580445309912318,1.45207176637371,15.7253562788404,13.0660884576585,6.16935576436226,3636.63616722041,83180.5756952839,1974571597.843978,2158308846.441149,0,0,0.3091960181941176,0
28.2965278433402,0.712915855171105,1455.21944912599,276.37176189051,2084.83332926909,74.9509340215915,646.842375493137,0.0585248923401033,1.49379706606469,15.460734078173,13.2475420677598,6.15008523134114,3633.67207915152,83136.3810428472,1964101395.9844062,2158023706.601458,0,0,0.31104230285673856,0
28.324071041634,0.687100629851067,1452.60620904326,272.508706498292,2082.37553664006,74.8812974993578,643.47258589133,0.0591420798732854,1.53079287445508,15.1748544693059,13.405434237471,6.13254914063094,3624.511241904,83414.1301651444,1958005609.9179654,2157822162.5755515,0,0,0.31294201661108734,0
28.3745807010048,0.658842366465241,1447.07368082991,268.09578915434,2075.71527554986,74.6582767506079,638.716425999402,0.0599949524589933,1.56420616826518,14.8538158779784,13.529064689992,6.11712346166239,3607.99020674707,83860.7630445571,1951776048.730622,2157701328.257441,0,0,0.31446366192508696,0
28.4457009936288,0.629076833505037,1440.38638776985,263.395987748723,2067.3964401283,74.3736533838831,633.364607585841,0.0610085547152567,1.59496788161131,14.4953738979455,13.6259011949759,6.10333038171862,3588.47990355164,84356.0823898142,1944660935.3431356,2157649353.4957347,0,0,0.3151762518845415,0
28.5268028598916,0.611758102286951,1433.72673749268,258.66035484298,2059.10672275736,74.0887845816698,627.990078683461,0.0618786407660193,1.62035760135208,14.1329217884336,13.7057401737133,6.09114220806633,3568.97585543142,84901.3163937955,1938376614.4027312,2157629403.8352475,0,0,0.3158478077213049,0
28.600041244608,0.637220113134191,1427.69915160045,254.127880699276,2051.6636085485,73.8338684334191,622.989180787765,0.0619718267558428,1.63116328688737,13.8657690741814,13.7750134297372,6.08175092284784,3551.11257673312,85550.1506978438,1935504625.9119656,2157581483.1224074,0,0,0.31817786326441766,0
28.6526251267979,0.705272614813273,1422.04405971995,249.840575187586,2044.65361725518,73.5945590950772,618.373120682422,0.061320286938326,1.61967661406901,13.7703811824694,13.8387729874419,6.07620477758549,3534.34799849357,86251.9068457044,1934959764.014723,2157526926.5883727,0,0,0.31989349251292704,0
28.6853505099522,0.803819904543468,1415.70386189081,245.605587652743,2036.55920608659,73.3161652930065,613.682256658029,0.0603200172721406,1.58829851241847,13.8337961107487,13.8973018010993,6.07417616589402,3516.05127013916,86969.710121248,1934454572.398694,2157483403.7985306,0,0,0.32009412385550023,0
28.7191246941617,0.980041868742938,1407.6390787634,241.329907973429,2025.86611668887,72.9431727596042,608.491160777522,0.0585345785137824,1.53513269134664,14.0775852675359,13.9396912094737,6.07656781976428,3493.70272828617,87950.4706310154,1938315669.5481255,2157447592.2295604,0,0,0.32172869572369817,0
28.8063118445037,1.41777430335273,1395.61306373156,236.986041164456,2009.24525774002,72.3536201638704,602.110646555505,0.0547888838830191,1.43794034211644,14.7098388062657,13.9483255393029,6.08792835112579,3462.07989384716,89556.6631255198,1952755290.886189,2157401152.107737,0,0,0.3255946555087018,0
28.9802788309657,2.2909682883289,1379.18817845047,232.689108615562,1985.99901775726,71.5217831949117,594.555689963163,0.0502614461019498,1.28686581960309,15.8819594240617,13.9232904085527,6.11003984369262,3420.29785953364,91418.4731424573,1969605356.782129,2157316701.0292716,0,0,0.3282932045634723,0
29.225416536696,4.52143944032816,1361.6905935754,228.821668352667,1960.91966757283,70.6188879476517,586.538974289851,0.0060631533007032,1.0037258664946,17.5094797180013,13.9466178248679,6.14672790718164,3376.04007566088,93304.0293625117,1987508012.0266347,2157199621.5915055,0,0,0.32920925571766135,0
29.4111860421617,9.92357888230407,1383.81450471315,230.985491541917,1992.71235039639,71.7399989426229,594.393570705706,4.32700534560961e-09,0.322459089212436,19.3404968831129,14.208008784731,6.22354246069856,3428.63487274177,104683.161459322,2265988376.349489,2159692590.838514,4,2,2.834127557917521,3
29.607591642154,19.3547535523995,1357.58429801245,229.01764846831,1953.53535158633,70.2678660299939,579.65865018102,9.5967224622189e-11,0.0376546931849228,21.3606050899581,13.8189987707397,6.27928517501154,3362.00148147055,107430.338634466,2297288298.524501,2162158766.848324,4,3,2.748599316232586,4
29.742966839952,28.2353352839567,1331.80322607289,230.704017751963,1913.8908168967,68.7583188340726,566.195683837824,7.29290653551959e-13,0.0114791447924197,23.374202763317,13.1164784417062,6.32006813122127,3298.75338624162,110287.245257833,2342037140.4480925,2164753603.1440806,4,3,2.802469594657681,4
29.8221651794383,35.2524320034229,1305.42701275835,234.674597280109,1872.73727875359,67.1839643033585,553.855266711574,2.4437402995975402e-15,0.0097883125282402,25.3117946120776,12.4334434730441,6.35820328350864,3236.02675596848,113032.844897709,2390108100.6602044,2167515197.815212,4,4,2.886586480695636,4
29.8590391051869,41.2290176787332,1284.06581337536,240.090377376104,1838.63868096823,65.8662350546918,543.955215922741,2.62225273499377e-18,0.0073841891428318,27.0572788235908,11.8469269792377,6.39069717258785,3186.20015292194,114852.613170091,2428113961.087199,2170405001.544152,4,4,2.9782495797722577,4
29.8464915675903,46.3320432447768,1274.38348603727,246.261012807678,1821.60265441976,65.1736589290838,539.020832814929,1.47595294008593e-21,0.0045290080428576,28.4317943711207,11.3941853745574,6.4154522752678,3164.62224765445,115171.481492104,2449240008.1461225,2173344971.183655,4,4,3.074193415029359,4
29.7888301163029,50.7720231945061,1274.26750350865,252.859528011698,1818.55027594255,64.9926191132223,538.069439100886,3.6650065991877704e-25,0.0021811012909879,29.4686877117077,11.0419839823654,6.43455213280323,3165.99599316426,115025.503426495,2471874647.9544473,2176339927.3089557,4,4,3.166187732424674,4
29.7004205248188,54.8312428728678,1278.00272529544,259.946738873825,1821.0142472206,65.0116158571112,538.563696607368,-1.15128741308018e-28,0.0007478446705059,30.3106807759215,10.7381109042454,6.45098058254722,3176.64481850293,114684.880261284,2495541906.972159,2179398968.3618093,4,4,3.25319487013638,4
29.6024666117167,58.5931730673747,1284.54193881207,267.407387538582,1827.49418363302,65.176452134558,540.117465893339,-4.3006591447207e-32,0.0001330913713419,31.0010246798972,10.475404030294,6.46537035180804,3194.06390623055,113857.74806074,2512182955.6259646,2182523103.3986373,4,4,3.3292883115229417,4
29.5313937504047,62.1068289631717,1295.78494791952,274.78269458975,1840.94143933095,65.5980071754912,543.694369090109,-4.71677381194366e-31,2.25574715242601e-05,31.5365933506547,10.2684097241401,6.47724408347492,3222.67269027213,112371.566475389,2518169749.456042,2185709455.807695,4,4,3.3942362209431507,4
29.4969380815704,65.4975392727288,1310.85185190038,281.830766893175,1860.12374306418,66.2314537247234,548.928566438196,-8.97991990347902e-31,5.58612414395895e-06,31.9474470087999,10.1073435727618,6.48716706816248,3260.25913569527,110730.178200662,2522478032.330418,2188946633.51872,4,4,3.4501212898063516,4
29.4821245790489,68.8599964755192,1327.3229784357,288.604156931868,1881.43768325007,66.9433197200026,554.76029679369,-1.0861389668575999e-30,1.47600908085304e-06,32.2719925357424,9.96999561360325,6.49618157231726,3301.04347558671,109098.487744663,2526208038.167372,2192223057.8063664,4,4,3.493920623730073,4
29.4776024147135,72.2319644188183,1343.79185297905,295.119015106539,1902.81691271274,67.6576665461504,560.615195864286,-1.0681773889921698e-30,4.05187065177553e-07,32.5152569829353,9.84313158350839,6.50487441347692,3341.70722969637,107549.610923673,2529602791.5044303,2195594601.7366114,4,4,3.525535799892497,4
29.4882566937406,75.6215667325569,1359.49734167854,301.30989446719,1923.22212484566,68.3376377868026,566.214306534737,-9.592712468031421e-31,1.15965635060346e-07,32.6481189797674,9.71916955745867,6.51357045680961,3380.49305276109,106135.142081518,2532947735.2237344,2199132599.7556157,4,4,3.546725389840956,4
29.5168100858028,79.0347116754061,1374.21815277293,307.101383690907,1942.36699310938,68.973753629189,571.478400295081,-8.40085245795206e-31,3.44877022598388e-08,32.6722678110972,9.59474274518818,6.52239536311478,3416.8642694144,104842.243224274,2535708094.7550573,2202788661.502444,4,4,3.559313073251257,4
29.5785925727515,79.389272823655,1331.32797723645,306.483556166732,1878.70245731841,66.6312065951147,555.444505092842,0.0101447171905599,0.0158773725578982,33.4729284666659,9.1852234451349,6.55258122256813,3315.11167936165,94450.9433842514,2243769613.341764,2203458807.6170325,0,2,0.6210867638998699,0
29.6256074551951,63.7934981307152,1338.21510441191,310.763592253555,1887.70870857538,66.9215901332421,571.006838052385,0.017896263525514,0.071180345618365,33.8058190869786,9.19795975817458,6.57886483088453,3341.2009837733,93301.9282393369,2235719302.704203,2204060808.262117,0,0,0.5349403225373077,0
29.6515036782242,44.2804522685906,1356.05176806146,315.428741361607,1912.99749216569,67.8107961362715,594.371758640633,0.0253980277703833,0.132752564379915,33.9395515425578,9.39939417912601,6.59841333132112,3395.68920914739,92071.4503251567,2236163038.1470146,2204641425.006193,0,0,0.5555431110022736,0
29.6535753059855,31.7815126428387,1374.27656386501,319.702915703471,1939.06892623883,68.7337326011737,613.389137760893,0.0343960972546258,0.215131616172597,33.8339723812899,9.63574337978226,6.59744138237468,3448.30232032796,90920.8718022975,2236751682.3951654,2205211389.058927,0,0,0.5604803645955896,0
29.6414847509278,25.6692440291626,1390.19315544301,323.541928690215,1961.83415219769,69.5405599736681,627.697317472439,0.035998043662016,0.28787910175919,33.6151901665908,9.85923507294707,6.58586795803203,3492.94742838473,89904.4850902644,2236687030.682457,2205772777.393697,0,0,0.5402556853659248,0
29.6308226172776,22.6226690903344,1403.40698059802,326.998319843592,1980.68018492637,70.207826850513,638.940206177805,0.0364343876124406,0.349497785035401,33.371881806284,10.0515376163756,6.57217358292338,3529.7807544868,89119.6278558694,2238451752.9231997,2206329939.1037583,0,0,0.5091013550780582,0
29.6457071069778,21.0170643287995,1413.50293561059,330.029653884568,1994.97427788252,70.7127643192239,647.437760812885,0.0363288127757941,0.400677163706795,33.0957136636305,10.2130372378885,6.55914658857712,3558.06027087772,88667.6211940715,2244166969.4382677,2206898682.5353274,0,0,0.4783521095804119,0
29.697994584574,20.0748934214547,1420.94303928283,332.617640224455,2005.37856671176,71.079645761805,653.664570189838,0.0360226789594139,0.443026822414241,32.7674495083163,10.3532613719481,6.54722419125926,3579.0222806133,88383.0905583763,2250116461.087748,2207486567.12517,0,0,0.4523577711076069,0
29.7796301280798,19.3861678914237,1426.92387641642,334.843874167754,2013.65839033432,71.3719421557508,658.499939286359,0.0356584469325169,0.477846765408516,32.3950958212926,10.4853209214802,6.5361823512,3595.80148042095,88180.250087396,2255551399.6982675,2208097613.310769,0,0,0.4323076877598381,0
29.872516712867,18.7589713010554,1431.62251860266,336.761857865853,2020.10533630124,71.5997359792971,662.34475683288,0.0352976455631576,0.50600647988996,31.9990347351663,10.6118375637922,6.52608314805031,3609.08325216398,88132.8901345157,2262816889.20143,2208743446.715941,0,0,0.4176241294429541,0
29.948977105898,18.1100687965791,1433.91973665532,338.290410439117,2023.13656377168,71.7061035839619,664.8641824619,0.0350058635276117,0.528478111955211,31.5936769457078,10.7229944867654,6.51738242461816,3616.28834468674,88354.7496826938,2273732693.8770895,2209444923.1067905,0,0,0.4067645357729292,0
29.9929076552099,17.3805760714031,1433.50790670054,339.365186504396,2022.32877678124,71.6761682047539,665.979550139074,0.0348187548452223,0.546537596150848,31.1838922864203,10.8138862569803,6.51024147740018,3616.69565793498,88700.7588050744,2284156590.571891,2210206006.2242565,0,0,0.39770109676866533,0
30.0101352849014,16.5370642672305,1431.25162472293,340.056822189005,2018.91860867023,71.5543578600464,666.113272438271,0.0347348386981996,0.561157100311477,30.7713323952089,10.8889228558527,6.50442111227404,3612.41480897709,89090.0521743338,2292951570.351762,2211022473.1888146,0,0,0.410099227252636,0
30.0093816495643,15.6206204047858,1428.25235192255,340.532909993544,2014.47104511998,71.396272349726,665.808746152945,0.0347360550592321,0.573006119166845,30.3612747039355,10.9546534077778,6.49957148673506,3606.18438002184,89450.0095002184,2299697893.819105,2211899165.84274,0,0,0.4449283094858408,0
29.9870105391227,14.7724352636157,1425.57673880058,341.007745484762,2010.51892289254,71.255865261432,665.583589021661,0.0347846698911248,0.582395194190083,29.9679748336402,11.0188134512591,6.49530503780052,3600.70591348758,89711.4867240799,2304233947.195634,2212844249.645427,0,0,0.4566991414901352,0
29.9387729195691,14.0977183770895,1423.35883172763,341.573273350928,2007.2495816104,71.1391832132205,665.48847048027,0.0348571154209965,0.589323290394836,29.5999298702089,11.0838220973463,6.49147062899109,3596.35359347859,89945.5801793019,2308803411.0591187,2213852135.2279096,0,0,0.44571566143131736,0
29.8683476753406,13.5884903797673,1421.05039866268,342.173579825956,2003.85718627303,71.0174409976297,665.248314574023,0.0349567965941418,0.594194016646982,29.2528293825225,11.1467752772815,6.4880726077039,3591.75696709385,90183.247680429,2313527328.3439627,2214918681.17563,0,0,0.41898749536680224,0
29.7879673876329,13.2508442734776,1417.42451427472,342.647964998897,1998.55216964212,70.8266950111932,664.270022701745,0.0350994318328508,0.597339838861454,28.9433600347322,11.1977786546955,6.48541111860818,3583.84877497039,90601.3318145271,2321399793.1396775,2216055521.158588,0,0,0.3910558198043251,0
29.723505052577,13.183951826819,1410.37421543073,342.678923104441,1988.28116066929,70.4575681863627,661.543075492745,0.0353092633615751,0.598613898034934,28.7470589068287,11.217866755802,6.48424207645206,3567.35358504829,91403.8310479273,2334972257.3439884,2217288815.8826704,0,0,0.37043312131219863,0
29.6903325145786,13.3990579304161,1399.84745874842,342.129205201142,1972.98377377048,69.9082109932551,657.070972933018,0.0355846008604596,0.598062803579896,28.7157176140892,11.204421112244,6.48468783011469,3542.07547396617,92321.5552522962,2346935155.3897715,2218617029.08277,0,0,0.3584341222212172,0
29.6809824532459,13.8008051855806,1387.77410223855,341.193071898334,1955.45914340139,69.2790678406126,651.816838672677,0.0359004241917116,0.595718081254655,28.8247263821097,11.1714964404241,6.48620447293106,3512.79900267552,93218.1679429363,2355993174.9599743,2220026895.652251,0,0,0.350443585584836,0
29.6928009149265,14.2733469640968,1374.79961509835,340.13818954333,1936.62329991497,68.6021466434395,646.09415464573,0.0362733226177444,0.59148522706684,29.0046885069691,11.1213301676889,6.48871705517484,3481.25161991952,94244.083797168,2367028839.2586513,2221513396.2467937,0,0,0.34615006184993746,0
29.7515950851966,14.5935693340079,1359.61804204987,339.152051686365,1914.57377338676,67.8076452078394,639.246365855682,0.0367921342276306,0.585885958392884,29.1526461001005,11.0392474302995,6.49273379716192,3444.42278102205,95586.3145916814,2383515725.9721556,2223079457.4161563,0,0,0.34549008932768344,0
29.8734731143355,14.6056252087343,1342.19622924647,338.322206832278,1889.27342952841,66.8936794887853,631.265755659812,0.037502272908631,0.580109149154868,29.2184361183824,10.9234369031917,6.49817212497309,3402.31348269416,96979.5785671026,2398686036.5720143,2224711761.1486735,0,0,0.34135044907871726,0
30.0440915127291,14.3739288045648,1324.06099919105,337.685275789035,1862.9353793768,65.9401706967412,622.933503929052,0.0383646582913465,0.574177120370163,29.2334736420234,10.7870457301851,6.50451211551803,3358.6318840586,98312.8275055046,2411470831.3107915,2226392847.905541,0,0,0.33296534855483056,0
30.2327763805418,14.0552256732145,1306.74479495984,337.225400231438,1837.72647482073,65.0254417521753,615.003115414094,0.0393168765011152,0.567531489465614,29.2237123986245,10.6416638231534,6.51135683427401,3316.99124333797,99516.739849461,2421823239.336065,2228087365.1024013,0,0,0.32690217163475993,0
30.3956868826266,13.7916284979432,1291.33027495218,336.764110853938,1815.09808085911,64.2021741180686,607.969936212287,0.0402961758906452,0.559791809124806,29.1588791993579,10.4958729301157,6.51838944910384,3279.72259750101,100539.840527908,2429085983.769492,2229755979.589811,0,0,0.3244231928197002,0
30.5174012752933,13.6383779145016,1277.74556186357,336.182682055732,1794.90536623261,63.4654848956742,601.781336365816,0.0412738098929326,0.550989251127012,29.0194144104803,10.3517637767473,6.52550096721521,3246.51646998077,101450.906953781,2434550796.042861,2231405753.3635683,0,0,0.321161417558732,0
30.6162873235836,13.5619576647741,1265.47216212475,335.571515978143,1776.45657880778,62.7904748025077,596.196901117489,0.0422463828591005,0.541700153890876,28.8246474753159,10.2080933928013,6.53266834468375,3216.26157455062,102264.48699692,2438463955.937682,2233042811.9192576,0,0,0.3163115100663471,0
30.7116261116177,13.51657543036,1254.24944081765,335.048631846537,1759.42873980364,62.1669026105166,591.12021246632,0.0432050369012717,0.532440157514784,28.58699768576,10.0642703592404,6.53987432019927,3188.49278993118,103010.919849208,2441764192.5155177,2234717398.3672156,0,0,0.31289074841131687,0
30.8142058767544,13.4818612935619,1243.87771426839,334.628970057272,1743.55488254285,61.5892476623047,586.503777403401,0.0441391566284853,0.52346621140598,28.2932180227081,9.92004097528795,6.5471308209848,3162.79759923573,103711.983889802,2444832787.1394005,2236484095.857796,0,0,0.3111802650997114,0
30.9240030844964,13.4364394618323,1234.49285826642,334.31425385156,1729.03708254493,61.066109770821,582.434236641996,0.0450339797429939,0.514982349936982,27.9371531137143,9.77828401567243,6.5543252820425,3139.52111790479,104309.246199371,2446474787.811712,2238292385.157125,0,0,0.3090033635436201,0
31.0348873248925,13.3589913626271,1226.41643959954,334.141827284363,1716.33985408271,60.6117730807004,579.048359719855,0.045871967485069,0.507100157183138,27.5305930695776,9.64299163248849,6.56129389671047,3119.44605153301,104790.989570888,2446964419.085871,2240107547.1038613,0,0,0.3061891673590517,0
31.1321132306828,13.1920813269102,1222.67419392369,334.555316019224,1709.88018675404,60.3807600593272,577.822462984877,0.0465379518606681,0.500427220796566,27.1148534378177,9.54075969498208,6.56691111919346,3110.18052292203,104502.388839509,2435914641.251016,2241748360.6894016,0,0,0.3027862993396425,0
31.1927738783458,12.9052195949516,1228.00587037918,336.346142766952,1716.6046828096,60.6170092408869,581.097233286689,0.0468176584734945,0.495261990605316,26.7672472686944,9.51526188421704,6.56939852146575,3123.7581785644,103033.423792386,2411563611.5154347,2243014122.6473117,0,0,0.2987320181007814,0
31.2155336983171,12.5762923499054,1240.92892888694,339.36405535601,1734.39145287674,61.2437517128156,588.142085640037,0.0467106953372138,0.490975353907265,26.5025444329017,9.56078186289792,6.56899799011687,3156.53425520987,101360.247742917,2394098537.308481,2244036581.885272,0,0,0.29598320181642535,0
31.2149819484916,12.2749542547992,1256.77634845388,342.836294870362,1756.45916314537,62.02118541242,596.64820874056,0.0463701717111347,0.488148687705249,26.2780895413903,9.64332529500798,6.56690902585286,3196.71532526483,99746.9268628837,2381868323.681577,2244914344.1992373,0,0,0.29387084411839487,0
31.2076630714,11.9749287622475,1273.15395213654,346.259581072378,1779.34584553976,62.8279127752531,605.433093726481,0.0458817436867599,0.48750527937818,26.0634997131064,9.74605224716652,6.56364866589017,3238.18906901835,98240.4644771243,2371828864.6717687,2245782195.3993073,0,0,0.2917710644632387,0
31.216356431136,11.5928470057074,1289.22232931131,349.37546470252,1801.87545247707,63.6232024813069,614.083864539345,0.0453017782207994,0.489411686551719,25.847647882883,9.86324077534884,6.55934337925195,3278.78768929376,96863.5976184488,2362976317.93686,2246763674.192641,0,0,0.2894816946976089,0
31.2483724770284,11.1009020464354,1304.86872887972,352.128499633842,1823.90802897336,64.4023327512812,622.533924412933,0.0446672965554994,0.494000464864645,25.6313024907945,9.99351546205465,6.55398418768601,3318.21468335992,95591.180954546,2354572475.327973,2247784193.301547,0,0,0.2869254158812761,0
31.2935515664219,10.5399410324821,1320.19084035584,354.577446037081,1845.57974748797,65.1698498537109,630.81214865739,0.0439981800536679,0.500996713507077,25.4195162740291,10.1364125287547,6.54759273471276,3356.73153013133,94417.8604256703,2346891148.874439,2248801003.578608,0,0,0.28418886462759496,0
31.3367530633858,9.97147487590293,1334.26729582401,356.626700021814,1865.52354321968,65.8766889285851,638.430710872974,0.0433404575724106,0.509814892021613,25.2065991651173,10.2824604561893,6.54058809296657,3392.00641017996,93533.4528710512,2343612648.6273656,2249852438.1188254,0,0,0.2817394704410267,0
31.3565192609709,9.44230066625656,1345.09346177311,357.956214416815,1880.75927777235,66.4165684850849,644.345582338554,0.0427722163735363,0.519915492364392,24.9684286126661,10.4117824496281,6.53380139184432,3418.88756712954,93119.23456919,2346620088.1057844,2251012644.0091777,0,0,0.2797812491569996,0
31.3435086314081,8.94573648505357,1352.55469836526,358.522076657714,1891.08111701241,66.7822385564544,648.472546105105,0.0423194663368982,0.531183612194584,24.6948216378077,10.519009202191,6.52746701861994,3437.01352782446,92893.4630592029,2348776954.1743035,2252275879.825859,0,0,0.2775426474797297,0
31.3067275750803,8.46323600325219,1358.09187351827,358.576596536204,1898.60329861176,67.0489305857912,651.53125948054,0.0419575823874946,0.543191126277138,24.3984055170394,10.6128490917602,6.52131324572847,3450.05938425646,92745.4455956676,2349499701.107052,2253625205.1119237,0,0,0.2751154787754631,0
31.2653520930439,7.96723278401813,1363.66906143287,358.470467853381,1906.22109286922,67.3196683359032,654.516252889074,0.0416560596963187,0.555670723754969,24.1005923286954,10.7077737724235,6.51482091493369,3463.0603317665,92438.2128630218,2345743170.7009406,2255017346.998236,0,0,0.27232794740520955,0
31.2485506188461,7.40646175948386,1371.84149175758,358.630169487189,1917.69677910673,67.728514528138,658.721937977383,0.0413817092800572,0.568898026927761,23.8278319871741,10.8249123928322,6.50711796800455,3482.54110180704,91749.1430031167,2335531835.0473166,2256392305.0328445,0,0,0.2691541296077633,0
31.2691304943145,6.80300626077338,1382.60289345544,359.097953072919,1933.04775418413,68.2759084397897,664.140003133495,0.0411413175299136,0.582979200054074,23.5870712101107,10.9654766352583,6.49810452558121,3508.53974600552,91010.6006727353,2327342298.2357435,2257763514.862977,0,0,0.26655857723517895,0
31.3168032343823,6.22161092789541,1393.87696496551,359.567816563666,1949.25194249479,68.8539700351109,669.718072311789,0.0409653767982497,0.598058998474074,23.3655636850793,11.114048296486,6.48835225122031,3535.81704760548,90351.7539505978,2321589744.546577,2259147919.6730843,0,0,0.2644383481014729,0
31.3765839514848,5.67949369577021,1404.79946773392,359.849702845288,1965.03773736084,69.4175367281921,675.015788396381,0.0408558131009194,0.614504992085043,23.1456217078802,11.2645067217657,6.47805682749237,3562.13126430944,89703.2036643757,2315128308.353412,2260541253.458265,0,0,0.2623485388087845,0
31.4357016539662,5.15521535463746,1415.98945476857,359.908856583117,1981.30005219947,69.9989965223864,680.337794668771,0.040800710146152,0.632919649657622,22.903061485476,11.4226401051169,6.46689537158216,3588.93919906842,88967.6075674132,2305863515.5312076,2261923589.263719,0,0,0.26008703351365087,0
31.4896369381075,4.64866695391143,1427.6716080148,359.726265260653,1998.36794631578,70.61031456936,685.783417471842,0.0407946471171714,0.653765564054601,22.6255088264538,11.5909871636299,6.45467139925638,3616.76206757969,88244.6259105772,2296490604.1856527,2263284129.81286,0,0,0.25798775807819846,0
31.5413633471043,4.1771500467282,1439.36469589029,359.283068754675,2015.5407740122,71.2263883098198,691.100002426471,0.0408375712412332,0.677176042885944,22.3194146657344,11.7660194296915,6.44149173244219,3644.41908216185,87575.2005514958,2287620032.0489545,2264617925.245108,0,0,0.25608637319025995,0
31.5906026536251,3.7432281965875,1450.80111245732,358.589694602574,2032.43016671978,71.8332345261664,696.148959970641,0.0409356382277945,0.703300701367239,22.0000089819339,11.9456872962719,6.42741973219474,3671.27155938094,86946.3206668331,2278768217.6159706,2265921176.5089307,0,0,0.25430575835552693,0
31.6265973837523,3.33574981283806,1462.05454986462,357.65962170129,2049.15480970909,72.4350240635795,700.963635435085,0.0411095947177328,0.732644425136059,21.6888195395773,12.1303980803627,6.4123674324475,3697.51561136721,86335.634426183,2269534358.11458,2267190392.7422433,0,0,0.2526121530509615,0
31.6421742468951,2.95436041693498,1473.17660372345,356.496068097463,2065.79794012303,73.0347382761925,705.562214449845,0.0413700378142875,0.765812037806275,21.3962568049101,12.3201408919422,6.39624132016113,3723.28096784874,85755.268000814,2260339486.2029796,2268424757.4896407,0,0,0.25106932092681883,0
31.6411557466913,2.60669263300959,1484.08484671648,355.101632544665,2082.23524759887,73.6280207938309,709.900686088091,0.0417090910995939,0.802926505368978,21.1161855352175,12.5139987526643,6.37906196331495,3748.36538738712,85212.0098445533,2251300908.1767735,2269624498.259096,0,0,0.2531883793636513,0
31.6311412689173,2.29905503268696,1494.4338330276,353.43532940754,2097.96482190992,74.1969788124485,713.814258633261,0.0421131367669355,0.843606437748101,20.8351717664733,12.708918949411,6.3610237962421,3771.91168006694,84752.1227412738,2243225682.5881176,2270814198.3061223,0,0,0.346183110044899,0
31.6195191562309,2.03271371955974,1501.29483139321,350.879985562553,2108.84727595712,74.5944374344278,715.921049668318,0.0426468471501879,0.887542983102264,20.5349848273434,12.8978062955633,6.34250133685068,3786.56789815878,84437.6330076461,2233665598.598887,2272005606.6563945,0,0,0.4544085207475281,0
31.6096811455397,1.7974141382326,1500.35627318925,346.503576503627,2108.80284452512,74.6044337999096,714.189703018611,0.0434836501355953,0.937649684010967,20.2050894450262,13.0744899465868,6.32340406882758,3781.50836405885,84203.2466881128,2214884590.555786,2273098203.831969,0,0,0.4631235630525303,0
31.6007540109416,1.59028188751113,1497.68566092206,341.651219619836,2106.38530668512,74.5300558650932,711.493003422519,0.0444378869878204,0.992918228366565,19.8493718748469,13.2425436002272,6.30370845837596,3771.99872962577,84007.2031462835,2194431780.337756,2274064864.8095536,0,0,0.43852803730001927,0
31.5926394295404,1.41192206360241,1496.12436470278,336.942063607423,2105.59786731753,74.5135100360448,709.189896979821,0.0454053104633866,1.05017578088094,19.4801171522837,13.4099668516533,6.28350315468728,3765.1859303007,83793.2589024069,2174854359.353227,2274968851.897037,0,0,0.4139979992649293,0
31.5906129952874,1.26030553462596,1496.666452757,332.605698121852,2107.83614441005,74.6049314184286,707.768776974988,0.0463457512830569,1.10742681014525,19.1148361644192,13.5860293322686,6.26267547126334,3763.58378506027,83494.9102703627,2155898952.4930563,2275882718.1555,0,0,0.3993550640819168,0
31.5990928846517,1.13394680529884,1498.82270637035,328.578444501816,2112.39701536867,74.779699159339,707.009285942643,0.0472460666099333,1.16338784879756,18.7639676082158,13.7738060132585,6.24128505616936,3765.9895130346,83175.780548386,2138658230.0859468,2276823635.7025714,0,0,0.3935632515906715,0
31.6169224579978,1.02916213624923,1501.40191770566,324.644572964108,2117.58701770365,74.9775287542547,706.353742882147,0.0481231544776844,1.21736904660689,18.4258506617063,13.9691371473787,6.2196334929959,3769.43268519605,82878.1914247649,2122650761.0759463,2277785198.0037537,0,0,0.3927117105324936,0
31.6397666385985,0.94210886708794,1503.62978593495,320.652334777727,2122.30422426836,75.1590286874973,705.439749705358,0.0489832849148552,1.26924503929129,18.0936809929545,14.1676975130292,6.19795320447336,3771.97267657777,82610.950925949,2107041593.0716982,2278749566.925622,0,0,0.3937366816703343,0
31.661334805067,0.870689804730786,1505.29662325653,316.555298987947,2126.23824459992,75.3130044533625,704.172678417676,0.0498039934809115,1.31886591859111,17.7593030701439,14.3678252413931,6.17636248525614,3773.07078256022,82370.5859607152,2091421730.5854964,2279696740.290194,0,0,0.3948482603040433,0
31.6775782506457,0.811578711243185,1506.48090522002,312.36777458202,2129.48914167928,75.4429340390998,702.59539714993,0.0505772770484526,1.36605888225213,17.4179898794019,14.5694284276945,6.15490906257944,3772.91563160553,82156.0322137596,2075847356.7590408,2280618763.6277847,0,0,0.39540204769067766,0
31.6888144170647,0.761482888078837,1507.3185816876,308.120755259593,2132.24968011011,75.5556446255817,700.775856070758,0.051310110959972,1.41097758466362,17.0701938118374,14.7724849920055,6.13358224104753,3771.85308975476,81965.7426694302,2060466491.2427998,2281513502.1006894,0,0,0.39539180412837505,0
31.698319800269,0.718862389209584,1507.90855017759,303.842130764903,2134.66990464555,75.6564278628301,698.766472496934,0.0520019054220864,1.4537865055997,16.7203137187702,14.9767983715644,6.11237518028747,3770.14969874482,81799.8672920425,2045442984.4217837,2282360810.3135786,0,0,0.39504922076422216,0
31.7121156321144,0.684115352773447,1508.27989025515,299.549956433138,2136.81340266507,75.7473987683055,696.596550980772,0.0526327910600602,1.49421595540845,16.3772793868682,15.1821489740213,6.0913508561725,3767.91760522114,81659.8753071985,2030906650.706356,2283120196.155124,0,0,0.3946085502802086,0
31.7344655130389,0.655964513999322,1508.46430057201,295.259915734745,2138.74090316452,75.8306016150789,694.296291830033,0.053207406941531,1.53193834759529,16.0478598225173,15.3885161014769,6.07057406598227,3765.26703944564,81539.6226202853,2016785513.888507,2283797378.0838523,0,0,0.3941930247553587,0
31.7650352521343,0.63264886610456,1508.52455872718,290.98779399666,2140.53741164509,75.9090761936992,691.897943684141,0.0537420977787282,1.56706511925692,15.7319572884622,15.5958727489984,6.05003887131636,3762.35562697643,81433.8349888857,2003031763.0180025,2284405407.538799,0,0,0.3938541329773736,0
31.7970196574644,0.618221065466692,1507.58109549054,286.618734635365,2140.91747829327,75.937084848874,689.001361829255,0.0541996558040229,1.59814763472193,15.4325172099477,15.7946458830889,6.03042449414571,3756.99772116281,81499.3353796464,1992461798.9948657,2284968794.8783,0,0,0.3941195782295012,0
31.8097049496112,0.624160557000183,1502.94223375034,281.785913036219,2135.96426930997,75.7753044967088,684.409406846682,0.0544904753964852,1.61966289505881,15.1719339012502,15.9554946595859,6.01400658849461,3742.52553910582,82025.3955057402,1988904684.7161815,2285525045.4908442,0,0,0.39563475737416265,0
31.781531163761,0.648307554375477,1493.7211527161,276.37068670726,2124.34347720222,75.3766538623429,677.775314866928,0.0546907652284328,1.62778504417261,14.9742466964926,16.0622931426449,6.00224294305028,3716.73198661002,82821.9422300078,1986445033.1752992,2286061350.377934,0,0,0.3971922623380375,0
31.7079679739739,0.684488401714927,1482.13442809971,270.698234071895,2109.20772853574,74.8536574203183,670.133955040479,0.0548381823846255,1.62354465590371,14.84159106094,16.1270972259549,5.99447032728696,3685.08707498526,83701.2224329262,1982989006.5751278,2286566917.4006047,0,0,0.3984004712412906,0
31.6062938238704,0.761806777004456,1470.69368435282,265.233923349307,2094.18164005457,74.334591411335,662.696559783417,0.0544475545922571,1.60301256968668,14.8066814773645,16.1633088580733,5.99069129422932,3653.93258350155,84717.9729195386,1983126256.6789854,2287033694.3498845,0,0,0.39998096132582667,0
31.5183221971061,0.984081587001705,1459.48251722403,260.237036038962,2079.47681221746,73.8248692348948,655.807352068971,0.0524083065434752,1.5454702753041,15.0249935707104,16.1753957146854,5.99402975507433,3623.92772386532,86063.9484576556,1992459422.0621133,2287447279.049634,0,0,0.40270515766691206,0
31.4780740682709,1.41932287336998,1446.3168904673,255.515785986994,2062.05113167944,73.2149546518731,648.786319648517,0.0492186440654411,1.43577847341218,15.6299235034876,16.1698705666557,6.00676261368302,3590.04217230784,87577.3051326755,2005128129.6343331,2287817307.9335113,0,0,0.40521413493891717,0
31.4855547230903,2.14307495253745,1431.19904645135,251.021621937314,2041.90154562254,72.5053181929179,641.538814477283,0.0458933382919572,1.28783616780063,16.5901555941133,16.1461713838421,6.02691791858758,3552.18210968169,89134.8594560237,2018015636.9457433,2288135095.693085,0,0,0.40713822110821485,0
31.5065371473841,3.25338030638571,1416.34123018283,247.352656686804,2022.03064114252,71.8022890954806,634.658363385416,0.0430824539649526,1.1281712270479,17.7833506747669,16.0802517151488,6.05157271331013,3515.61329032917,90877.1784458577,2037461971.5752308,2285754612.31002,0,0,0.4097254255545545,0
31.469792856395,4.7644090467534,1401.11836254638,245.483543110869,2001.13862356931,71.0549962924238,627.354854042868,0.0412012694696473,0.981980289204067,19.0496847504432,15.9270088538738,6.07902452439227,3478.90637801566,93021.3361290893,2069786234.6711283,2283384799.1448803,0,0,0.4127792000700378,0
31.3328513295459,6.6042177265344,1380.7909344218,245.305035601133,1972.19166901924,70.0101467008448,617.289714490124,0.0403324329024451,0.866023356726937,20.2737812996661,15.671349953283,6.10749473217006,3430.45413038561,95293.6448276072,2103667716.9613788,2280901784.316894,0,0,0.3777695673006964,0
31.116723945608,8.68065427147796,1354.36082230801,246.173848205188,1933.89273653806,68.6236144394191,604.193348945529,0.040267367139891,0.781515896882174,21.4478960108933,15.3386659807395,6.13563672643255,3367.65513748741,97529.5350816864,2132582083.3302622,2278219221.636374,0,0,0.3314621028310108,0
30.8669426375505,10.7284539166042,1328.04320621819,247.951377810582,1895.39481310048,67.225505695566,591.108188365131,0.0406838964600769,0.720044921429022,22.5424050187875,14.9817467216548,6.16216113399344,3305.43899834768,99294.4827684795,2152810291.7399406,2275351475.0806727,0,0,0.30752701743172645,0
30.6265626041067,12.2554043908383,1307.86308811742,250.18030965916,1865.50506832552,66.1337148263332,580.918053448814,0.0413408690679419,0.674654243136963,23.4142086740181,14.6635233386239,6.18499475202262,3257.93575863337,100209.489621357,2160940820.4457054,2272348358.542127,0,0,0.2936258871932721,0
30.4070592330241,13.1278345894914,1294.76957091294,252.645331463821,1845.62078913409,65.3986286704281,574.100870222862,0.0420784274003627,0.639783774796894,24.0253072631817,14.3958739621278,6.20430477072927,3227.28719532457,100760.436621967,2168116701.2543755,2269184213.2640014,0,0,0.2886731478314614,0
30.1964074347401,13.5670975760842,1286.37050204275,255.513314162287,1832.29613301428,64.8958688435569,569.56687480394,0.0428347881668492,0.611739684519045,24.4572145800276,14.1580657653434,6.22155797012996,3207.95278630506,101103.163642167,2176182266.830367,2265857550.3458576,0,0,0.28669909041517255,0
30.0024401596593,13.6971199013208,1281.53488456924,258.765484541078,1824.05507933084,64.5742923973373,566.835037015721,0.0435577138264751,0.589610454941485,24.7498159050466,13.9544480944959,6.23652666810422,3197.40527538618,101023.583440763,2179556498.4150896,2262392691.416578,0,0,0.28098305376504423,0
29.8649713808173,13.5151963996077,1281.47620341262,262.193362384919,1823.00055061464,64.5141191809237,566.550226271612,0.0441390715530608,0.572997283946981,24.8950994638219,13.8104008521913,6.24784081432659,3198.75300368116,100367.03448963,2175572093.722688,2258823965.836022,0,0,0.2746094650511026,0
29.7955548398449,13.07895881861,1285.73744085804,265.639394834563,1828.57302232081,64.6967924057536,568.494103815087,0.0445385106596565,0.561042328524515,24.900642813812,13.7269151970333,6.25542287212553,3210.88306191563,99507.2201256874,2171245014.40603,2255165288.5659766,0,0,0.26954902508291007,0
29.7708732700191,12.4762094266429,1292.58848699079,269.099400059327,1838.09405603053,65.0240173245569,571.764971901101,0.0447904481444657,0.553353834833397,24.7882184239225,13.6863742557069,6.26011779280147,3229.45110587238,98583.2544972685,2167662326.911175,2251430437.4070573,0,0,0.26574207782011033,0
29.7723261526923,11.7317720142866,1301.08758802389,272.571940551178,1850.05885403736,65.4402146012899,575.845000086058,0.0449305512691144,0.549856281345129,24.5805898732042,13.6791247487391,6.2623814019403,3252.03269751177,97613.5147725898,2164178582.01984,2247623935.2249265,0,0,0.2626948241638923,0
29.7943670986431,10.8331812135234,1310.90968162362,276.009733861919,1863.94905311465,65.9266456212013,580.536323259565,0.0449967583058276,0.550549642481372,24.3114860982617,13.7020533158075,6.26234552755241,3277.74578256043,96609.2241341646,2160582561.5147786,2243745131.3321247,0,0,0.2600691331358385,0
29.8356237689414,9.80977329313332,1321.63043787671,279.344021185053,1879.15500418164,66.4616726998042,585.608258867146,0.045035617333686,0.555455961699312,24.003250993405,13.750290918062,6.26021574155842,3305.5131931899,95636.4262576223,2157761640.8345294,2239808189.103786,0,0,0.25777294461697103,0
29.8938671937275,8.73187267122716,1332.69529153084,282.511840922701,1894.89516792286,67.0173328167459,590.773213974345,0.0450922478985788,0.564565966217205,23.6597722479981,13.8167621447777,6.25630849785531,3333.96967295654,94727.845914637,2155771364.6676445,2238891540.680097,0,0,0.2556959343029928,0
29.9552343848206,7.6811281205716,1343.37322467331,285.4026333784,1910.13809571709,67.5560440860079,595.662181533342,0.0452043086157094,0.577723348645032,23.2795727278437,13.8917363547756,6.25109368147118,3361.29916838917,93961.8391945861,2155448198.119502,2238055383.340673,0,0,0.25387518434729817,0
29.9846406629741,6.7358007586118,1352.73955541885,287.805545851973,1923.58389450186,68.0294933252599,599.822288610246,0.0453912693704798,0.594446877028881,22.8567537347747,13.9627690732732,6.2452351153369,3385.16320828608,93405.4617355542,2156970732.435049,2237230463.4895067,0,0,0.25230876211574316,0
29.9658209781904,5.91713526015505,1360.62747833678,289.635205437613,1935.01346388634,68.4291682727499,603.165752947401,0.0456526038243071,0.614148908584325,22.392729343836,14.0253687639479,6.23905033274871,3405.1148449864,92964.0991723323,2157899305.216001,2236409084.5605574,0,0,0.25072509719890596,0
29.9130987453556,5.20934529389356,1367.4636183512,290.987035902632,1945.03556035091,68.7777891579425,605.88629368122,0.0459854162509384,0.636364542898339,21.9008756522251,14.0815600755365,6.23253053507512,3422.23098877302,92599.7328474648,2158137001.4407086,2235590855.089289,0,0,0.24913725438346623,0
29.8451381823102,4.60258959982909,1372.98618821111,291.903141515938,1953.26792243612,69.0630010718412,607.875067888825,0.0464034453414207,0.660507071662562,21.3957778549012,14.1264626659331,6.22602531608094,3435.92598997959,92402.0829137642,2159742598.702821,2234770968.06616,0,0,0.24777701383488893,0
29.775432056302,4.08000684110176,1376.08799802838,292.249752158147,1958.14764478246,69.2306048087579,608.66166810215,0.0469591739064827,0.686018278480864,20.8856237265443,14.1465140234047,6.22031233343854,3443.52959176276,92469.0334512268,2163680389.3446155,2233932566.190184,0,0,0.24673881853022336,0
29.7086793736592,3.62040619080724,1376.64145266634,291.970135928399,1959.51810117289,69.275835916794,608.211976963897,0.0476908101316712,0.712953273073853,20.3736108006337,14.1380715800144,6.21560043245678,3444.73767851753,92653.1363459683,2166257145.576589,2233059031.6536098,0,0,0.24563118707357884,0
29.6420087456847,3.21898005458666,1375.50991563464,291.181124493392,1958.60735463248,69.2419473915501,606.918650379228,0.0485754720880695,0.741057499768249,19.8632942163332,14.1082553519615,6.21161124282097,3441.66671539482,92887.6658052828,2167034166.122126,2232136977.137192,0,0,0.24446336836593865,0
29.5757393199435,2.87823561861325,1373.31723375028,290.021520302327,1956.27812406753,69.1593354494266,605.070237363234,0.049569482325978,0.769378168500125,19.3557912544644,14.0623023192522,6.20826116481888,3435.86670406602,93163.3670853767,2166739821.9802113,2231136174.3536377,0,0,0.2433099475786972,0
29.5215800958884,2.59458473944737,1370.34898934969,288.599147131645,1952.90550468707,69.0425732954847,602.819385553246,0.0506406813007143,0.796828758168491,18.8450308656034,14.0020240372945,6.20565474627611,3428.0755111068,93478.7565462276,2165865234.634993,2230012554.986532,0,0,0.2422390712881279,0
29.4864289978383,2.36048010536146,1366.70568848022,286.961772538311,1948.61672606654,68.8968858469277,600.234768303355,0.0517691850169725,0.822634199788458,18.3292269613359,13.92870439463,6.20387265891249,3418.56494746727,93816.6843217839,2164214312.066745,2228763156.252104,0,0,0.24129934962369443,0
29.4649150464036,2.16763674355914,1362.40690914955,285.110942813925,1943.44083341975,68.7224541857382,597.33691025603,0.0529420704989118,0.846375484711445,17.8155056637197,13.8442734550967,6.20290684242088,3407.38948910942,94163.3946895821,2161494323.9634194,2227393809.9355583,0,0,0.24044896558942555,0
29.4475854531623,2.02110259846387,1357.60213084409,283.022800362556,1937.59049256071,68.5252708609405,594.201040655767,0.0540731754115224,0.867265486145737,17.3303912038925,13.7514935065171,6.20276767630493,3394.88549722066,94508.3304295876,2157598898.5220127,2225913612.0678806,0,0,0.23960616746691465,0
29.4237389340832,1.94113998712846,1352.60409947525,280.615774071093,1931.49873484485,68.3185949484878,590.992032764567,0.0549549221110553,0.882895082634878,16.9353450167807,13.6549112226876,6.20364556866129,3381.72740484947,94841.6189490239,2152537813.3365464,2224333444.0068483,0,0,0.23878193744913817,0
29.3893501542713,1.91456964209113,1347.63951483389,277.873008685345,1925.47720007386,68.1126380539915,587.844494004741,0.0555696379536059,0.891431238011173,16.65958595931,13.5587310996706,6.2056635729098,3368.44338486871,95152.6075560896,2146320047.7877493,2222640908.9727716,0,0,0.2380279433016348,0
29.3482451959638,1.91753700283906,1342.79102301805,274.888360971063,1919.64139523219,67.9123086236043,584.795887637421,0.0560271252885622,0.894155710487969,16.4764333452324,13.4642673518702,6.20857310492139,3355.29683756248,95433.1145396406,2139035136.094283,2220823281.9701705,0,0,0.2373367675587511,0
29.3114474367163,1.96620167142034,1338.17415858943,271.887541484963,1914.12074109835,67.7232382180378,581.897574080341,0.0562170120950785,0.891607871895065,16.3792427758622,13.3733302222527,6.21221265921113,3342.6962546768,95678.243144303,2131319032.713206,2218843274.0490613,0,0,0.23667753897695065,0
29.3003548808875,2.12631604390044,1333.98001558785,269.285192923181,1909.08219107259,67.5520784673916,579.284216161998,0.0557671609002405,0.880035463424234,16.4290138491069,13.2913987942676,6.21695504782825,3331.33321080742,95886.0239454544,2124689352.4125767,2216652827.1226926,0,0,0.23606168181734563,0
29.3240239433735,2.39998657026881,1330.30558120488,267.260407342979,1904.61293779284,67.4021535222644,577.050894952631,0.0548055063927385,0.85711630376168,16.6556028385454,13.2221870872726,6.22305320719846,3321.55339198312,96056.3682070635,2119861881.2301733,2214287480.5168633,0,0,0.23552099979739427,0
29.3730845704241,2.75801002138094,1327.12075965303,265.651056517999,1900.71517734438,67.2733794865407,575.152134517973,0.0536673910150979,0.827164760953607,17.0176216490616,13.1628120848836,6.22998503688276,3313.18723691485,96191.7733609012,2116303490.618889,2211790712.971644,0,0,0.23505967675518036,0
29.4466346981124,3.16109407387039,1323.5393636136,264.236605503024,1896.19822409802,67.1216352151634,573.135900324675,0.0526362320422418,0.795413010177516,17.438623202794,13.1000568882355,6.23756008853185,3304.02062538976,96466.8183907285,2116143609.5823522,2209177325.1625156,0,0,0.23492802345733166,0
29.5685447205499,3.53619742111392,1317.829244228,262.91480517532,1888.68632666747,66.8578833243752,570.176793512532,0.0519846034959499,0.766280882392311,17.8042464444026,13.0114710346289,6.24617675699791,3289.96113531272,97046.4900819817,2120643494.130588,2206439072.7474995,0,0,0.235190410109334,0
29.7507292691686,3.85086879278499,1310.03776592761,261.765701988014,1878.29174746448,66.484233448231,566.263614796155,0.0517095055436832,0.742659411535635,18.0613052021704,12.8942095326515,6.2555155220964,3271.20062437155,97685.0475704939,2124477507.7682223,2203582733.9057937,0,0,0.2352256546268773,0
29.9785683113196,4.12485723332166,1301.60248684436,260.898287399663,1867.02985787009,66.0745576030673,562.054381157644,0.0516376400973238,0.723589870965361,18.2478087060869,12.7628001735524,6.26500151558952,3251.17669099861,98295.5397713424,2127571065.8859177,2200625444.6826177,0,0,0.23506962720207691,0
30.2158211287578,4.36265345803703,1293.10595320793,260.230723128867,1855.64838759262,65.6584188365844,557.834458041525,0.051706751756453,0.707140282141267,18.4261876093239,12.6224670021474,6.27466815471416,3231.13667086693,98948.1840347125,2131942421.6261988,2197605852.8314734,0,0,0.23501697342557906,0
30.3971162062669,4.50597957945288,1284.10613934926,259.422391190438,1843.39936193666,65.2122320281867,553.400102472395,0.052030945442545,0.693350257110843,18.6556757347552,12.4669773656226,6.28478842732723,3209.67612455021,99712.4551374288,2137721895.6308103,2194570810.246695,0,0,0.23517861701788187,0
30.4960928023104,4.53786239350755,1274.51869156869,258.343656753164,1830.12627174318,64.7313957488061,548.691437474145,0.0526392990852549,0.683274566552295,18.9474207905702,12.2954044007655,6.29519901236908,3186.45348372216,100478.619837828,2142044289.0010455,2191523867.465009,0,0,0.2352631864788437,0
30.5409517298956,4.49938258553475,1264.82139498363,257.189192922155,1816.56789097493,64.2408855032419,543.923752691136,0.0534372469946655,0.676166123253771,19.2704519392671,12.1142336721642,6.30566220156336,3162.79050222423,101208.242612372,2145086833.9373994,2188467855.7775064,0,0,0.23522230378270864,0
30.5660249451818,4.41343346338105,1257.35419720391,256.352802870668,1806.12451553201,63.8612592132672,540.125514791028,0.0542821699375022,0.671402608121025,19.5653392724644,11.9469904148091,6.3150939519171,3144.52746771217,101494.852370507,2141750984.8951852,2185342718.198128,0,0,0.23454907707432984,0
30.5995848134673,4.29517348883382,1255.75954265584,256.266735163786,1803.99986660177,63.7789467469195,538.870038442134,0.0549657870299578,0.668966158334194,19.7464729550485,11.8308408738646,6.32162870746779,3140.52188170052,101030.352176381,2130487715.4494777,2182068290.368025,0,0,0.23327471117278098,0
30.6488802495813,4.17216076958041,1259.3722981298,256.830008273019,1809.21765452465,63.9593072793698,539.85834417328,0.0554228929614656,0.667874461676983,19.7986860038478,11.7650941974903,6.32541632692563,3149.10871436311,100385.249203125,2122255604.863878,2178691007.212318,0,0,0.23259336615816592,0
30.7023025107909,4.0500610469086,1265.12659826982,257.656358330379,1817.40499171924,64.245885177581,541.757838583043,0.0557521642823392,0.668093531893398,19.7670537639855,11.7251546037817,6.32767945553488,3162.81753462322,99723.7058859055,2116269056.803918,2175246263.8552146,0,0,0.23219568203730345,0
30.7453574991586,3.91266992661646,1273.25071724195,258.776476842137,1828.99151301043,64.6541093965993,544.677073740655,0.0559521047687021,0.670989315330789,19.6927636935409,11.7157458574843,6.32797821373958,3182.30876174951,98700.1642006878,2105577423.5270379,2171805251.17059,0,0,0.23121131742954254,0
30.7660871134944,3.76970353676987,1286.507564336,260.622338180825,1848.10357762879,65.3314386215275,549.840757863255,0.0558457215732975,0.677325626273739,19.6218409767864,11.7669452101327,6.32468900142209,3214.56481424531,97052.3095899597,2088507128.5676413,2168440079.473217,0,0,0.22946388922619582,0
30.7645851326833,3.63803771735043,1304.45135087518,263.167203846677,1874.13029994413,66.2560487245977,557.056346988041,0.0553946367447449,0.685947144994509,19.5746347427468,11.8793835143899,6.31792588180204,3258.54555291278,95319.7988817498,2075657511.3505983,2165122985.452822,0,0,0.2280664035466337,0
30.748781506708,3.51347212288294,1324.31988771094,265.970038563645,1903.02176835902,67.2835994892266,565.09486771046,0.0547484707664915,0.696586386052883,19.535873808294,12.0295109094466,6.30888512641116,3307.3314156949,93677.8878384822,2066527806.7788167,2161838188.401752,0,0,0.22687142403992175,0
30.720372467567,3.3848383767193,1343.2168847414,268.568795798464,1930.55348348591,68.2638658875534,572.669033540783,0.0540768474362356,0.709683590775706,19.4791128173688,12.1902599613437,6.29882383855131,3353.68891635592,92405.0506635654,2063185603.1880293,2158623154.427963,0,0,0.2260208814493227,0
30.6685632875818,3.2331834427711,1357.78078889069,270.476348148758,1951.88128511797,69.024963079473,578.307231300791,0.0535922851569386,0.725706606871696,19.3673771857991,12.32748744617,6.28934244629093,3389.32831774545,91752.7583725149,2067080660.8241649,2155540907.999706,0,0,0.2256070472478819,0
30.5866567655953,3.04468656271942,1367.78323448898,271.615610125501,1966.70629488393,69.556999735332,581.895998903019,0.0533847435691922,0.746150100278217,19.1801147519729,12.4334444538087,6.28058589079562,3413.67424820501,91332.823547489,2069444825.3058503,2152570828.311975,0,0,0.22474137068724157,0
30.4807248245865,2.83254859645777,1375.49088943369,272.280104767989,1978.30443050859,69.9766738469806,584.39785914501,0.0533717086480468,0.771317369890616,18.9310349291643,12.5244373658473,6.27167609917874,3432.28168493508,90986.0688679144,2069780927.2399147,2149684263.5032825,0,0,0.22353845188876867,0
30.3675300683333,2.61392153780522,1382.45871281318,272.699291395542,1988.89384240502,70.3624475370616,586.476521742369,0.0534883314263336,0.800060762314598,18.649320052775,12.6121871739755,6.26219319237691,3448.95678108706,90669.2833659375,2069296734.672384,2146826806.066251,0,0,0.22227347775284767,0
30.2769660745294,2.3863492198148,1389.29166697163,272.916463111837,1999.31749491384,70.7439639701901,588.381977683256,0.0537784797819479,0.831978906663361,18.3625274560089,12.700180708638,6.25201715552928,3465.1220771453,90359.8415836708,2068235937.4192543,2143926971.1632664,0,0,0.22107550225390196,0
30.2240009727375,2.16175169175373,1395.86488468264,272.9064696541,2009.37807847161,71.1139399430574,590.049703942426,0.0542479374252986,0.867112908486195,18.0834910968066,12.7855303923776,6.24127592126486,3480.44197375232,90097.8091235662,2067375385.1763232,2140995704.8195374,0,0,0.22006323034505607,0
30.1991505808415,1.95643648459791,1401.73077111213,272.669285239955,2018.42782003727,71.4490782388537,591.301827086847,0.054850085076451,0.90446154993666,17.8108027669294,12.8638857336255,6.23035333592279,3493.86929222035,89899.8199219728,2066703410.9384098,2138049910.1302807,0,0,0.21919327028418542,0
30.1830761596315,1.77101218045021,1407.45452220133,272.310822213274,2027.29773670365,71.778969038912,592.400977776735,0.0555441148805931,0.94344544269516,17.5413828393273,12.9408486967729,6.21908483187509,3506.84048935947,89607.2475093743,2063382746.0650673,2135108655.7069905,0,0,0.2181478854604912,0
30.1497575718626,1.60147879395343,1414.90008798246,272.062867009121,2038.70068318249,72.2003097237883,594.146366794231,0.0562553907370166,0.984583718812037,17.2805225763779,13.0346610849172,6.20648517362092,3523.93873297614,89038.8231304862,2055550090.1877565,2132192179.1980364,0,0,0.2167857908670783,0
30.0871602342761,1.45304537458993,1424.28685506697,271.978189708854,2052.95004935771,72.7240534749284,596.626248237527,0.0568989014342279,1.02735032399952,17.0351472188805,13.1498269445517,6.19239877025529,3545.71335832437,88422.4667346515,2048752256.264976,2129290199.5941746,0,0,0.21568097871018171,0
30.0032075303863,1.32540536237086,1434.18618254283,271.910219566643,2067.96582087774,73.2759242305886,599.236771259591,0.0574901205338037,1.07074124922312,16.8052223850838,13.2753600430889,6.17754795425736,3568.67928913314,87859.1951470659,2043616663.196025,2126394646.6634398,0,0,0.21482856641684056,0
29.9118412846839,1.2159032608046,1443.01617329641,271.650583783683,2081.44181115257,73.7739180831262,601.311666318176,0.0580727085711324,1.11416759581178,16.5782366970206,13.3970546328827,6.1627670299188,3588.9419468172,87473.7277252587,2041070893.9273279,2123539881.9298346,0,0,0.2142650246831441,0
29.8284518143751,1.12108363661053,1448.99381449589,270.89702618135,2090.76332976392,74.1254603283799,602.105347591568,0.058720722146195,1.1568032867418,16.3212313758079,13.4970797392744,6.1491161866383,3602.05040906045,87401.4848919564,2041870329.822528,2120789952.912036,0,0,0.23118888051510333,0
29.761643547182,1.03346951591344,1451.95082258396,269.544745050699,2095.67672166341,74.3220438023277,601.55580405404,0.059514168348621,1.19904412041768,16.0109300855933,13.5713140744522,6.13677548043591,3607.52644462806,87460.3824270419,2041314392.1203349,2118131867.369689,0,0,0.3129375604415417,0
29.7095553301684,0.949899624590542,1452.77017762858,267.679755693847,2097.480492624,74.4098824405474,600.042539996528,0.060462208767397,1.24189353369932,15.6536558526371,13.6300692887363,6.12507345125486,3607.53631189963,87547.2789889053,2038021930.2140791,2115531887.1422424,0,0,0.39319646470008374,0
29.6634633945938,0.869847587876177,1449.54459595696,264.970364128356,2093.44548292299,74.2914409574832,596.805061143128,0.0617041300833131,1.28712610233717,15.2712485732061,13.6831305867565,6.1132554411262,3597.3972508911,87592.3735032882,2027868237.2508564,2112918345.6801054,0,0,0.4016861728897071,0
29.6092411192303,0.794971914300599,1446.47693890482,262.119990258588,2089.71435108922,74.1845903801691,593.582899180635,0.063040488724989,1.33483507327694,14.8912887292224,13.7400020639324,6.10080338990941,3587.56440799447,87536.2906997198,2015164630.9809334,2110268661.0224636,0,0,0.3796902673796916,0
29.5387298427428,0.728228444928842,1445.75116603231,259.508095432428,2089.47629961328,74.2023806255691,591.279455144468,0.064307583549529,1.38235854365577,14.5292928621626,13.8049081394958,6.08786458163616,3583.4781585286,87443.4977978307,2004404980.929389,2107602676.5925303,0,0,0.358495398149116,0
29.4548009573422,0.670182835920096,1446.25514738924,256.989177687374,2091.09429763904,74.2864847414349,589.440236673961,0.0655308913535066,1.42786383356848,14.1822540973172,13.8747315121794,6.07487257822342,3582.39482396239,87350.1313474323,1995034480.1880581,2104933234.6343145,0,0,0.350138547753191,0
29.3653778339858,0.620962321530822,1446.68655436877,254.362694181435,2092.64543912236,74.3685078602388,587.531549450956,0.0667454185835464,1.47110830550759,13.8445436945068,13.9461133104982,6.06205888597272,3581.0725983026,87258.4130038975,1985397533.247271,2102247524.7453473,0,0,0.34701988637197495,0
29.2803906938209,0.582129403332843,1447.00725040936,251.590191503941,2094.04774066969,74.4453764241605,585.541749666902,0.0678690979339188,1.51153252317698,13.5203255373856,14.0190436595347,6.04952956145351,3579.37039874589,87161.8617592597,1975218212.3147123,2099555364.4715538,0,0,0.34706618837469577,0
29.2048493819985,0.55163621330777,1447.17304312725,248.644627475548,2095.22504664599,74.5142318733865,583.460059194987,0.0688935964229247,1.54861365682374,13.2142461593354,14.094165204414,6.03734330941255,3577.1571264056,87071.270645262,1964643135.0320911,2096948682.6431818,0,0,0.348017277830379,0
29.1367776301992,0.526760673615951,1447.14228101133,245.541264232383,2096.11792476624,74.5729952466469,581.269123771646,0.0698493019720939,1.58262767674057,12.9238287021515,14.1709627771594,6.02548556501503,3574.34714934024,86992.2459039838,1953794474.099801,2094442044.036537,0,0,0.34879476450974467,0
29.0696485823674,0.505580939872932,1447.02193847311,242.345897630449,2096.88342156562,74.6273155159553,579.007205319483,0.0707594037029447,1.6142671045782,12.6424239264856,14.249729860644,6.01383222119847,3571.23961515686,86907.8400209048,1942538353.2813227,2092022085.6399543,0,0,0.3490212479750752,0
28.9916047880683,0.48701144603274,1447.0860544396,239.186039093981,2097.91071644823,74.6909688248241,576.776677425701,0.0716281006568317,1.64426909928626,12.3600895651978,14.332557742581,6.00215867805773,3568.56022325154,86794.097784468,1930885461.9331856,2089678195.113289,0,0,0.3487276537127304,0
28.8955755185113,0.470814555084237,1447.3807722951,236.12512439076,2099.25859728423,74.7659449890364,574.592065382163,0.0724524921840658,1.67296204299158,12.0713542518591,14.4200875506468,5.99038128929706,3566.45463742649,86673.2758494452,1919523673.6793184,2087395543.484053,0,0,0.34819740414459943,0
28.7843890633947,0.456760268773516,1447.7189584919,233.124883834333,2100.65701978844,74.842629790677,572.381613158281,0.0732436231240986,1.70039145715978,11.7783307238381,14.5108678651367,5.97857422166399,3564.45874318114,86557.0846682451,1908455464.857972,2085164342.481783,0,0,0.3475969054672599,0
28.6691889213373,0.443652517316419,1448.42447127737,230.178792375015,2102.58898911364,74.9384498779465,570.27753444019,0.0740139928769954,1.72727971132348,11.4829392429674,14.6082216409032,5.96645273787844,3563.3408259784,86365.5662801924,1896201666.3929887,2082968093.245546,0,0,0.3467746155463886,0
28.5701680140459,0.429901877854565,1450.47843884583,227.352556752469,2106.50182753287,75.1054581767966,568.665345687277,0.0747518852286397,1.7553740922528,11.1810795126415,14.7232105821708,5.95314861001663,3565.46845534778,85993.7540392458,1881508064.6545734,2080781492.5587656,0,0,0.34558024105268004,0
28.4974331880254,0.416320268833537,1453.81836962592,224.612445847626,2112.31160149303,75.3408415291977,567.512435162,0.0754298604770593,1.78536738264359,10.8695390097263,14.8589458176261,5.93837034131161,3570.67172547542,85559.3471015802,1866818903.7762218,2078604112.8401947,0,0,0.3444742725688219,0
28.4447225500359,0.403629425597512,1457.39378173625,221.842654921253,2118.48050862625,75.5895573221876,566.401889399067,0.0760824864676556,1.81679894012787,10.5501634248783,15.0081470341678,5.92257598170767,3576.39041304043,85130.0265095513,1852398591.492125,2076436738.8844585,0,0,0.3434759170090747,0
28.4011038968674,0.391778862333932,1460.19250187253,218.950968874511,2123.52543620794,75.7983640776287,564.936640005683,0.0767649819809569,1.84896237715897,10.2261110209489,15.1606511763155,5.90642460064257,3580.17353381907,84783.6558274839,1838834419.1286707,2074284566.3293219,0,0,0.3426500457381296,0
28.3560128382663,0.3797331673218,1461.26673464274,215.862257367863,2126.06338137839,75.9174554806454,562.747249477304,0.0775668760407417,1.88090828978325,9.89989594352383,15.3033882852613,5.89076837373905,3579.74109022132,84608.1204238579,1827021018.810675,2072160757.663742,0,0,0.34211211674509523,0
28.3054156189876,0.367222364827833,1460.74468599213,212.61959172144,2126.28454986103,75.9533983188853,559.886434898997,0.0785068632276125,1.91236127028341,9.57263785626668,15.4318279600461,5.87589709657622,3575.43048959141,84514.6956165695,1815239157.1903007,2070061316.4481354,0,0,0.34150572837357995,0
28.2517632719151,0.354742894677566,1459.63991733487,209.35178424073,2125.66758224081,75.9590565550576,556.752303167906,0.0795226235193714,1.94328764291443,9.24464498831341,15.551702127444,5.86150364617087,3569.71745440597,84445.9073402295,1803434005.552582,2067982173.1412039,0,0,0.3407994729036927,0
28.2038608476839,0.345993670636375,1456.89235175977,205.929058978038,2122.65180516229,75.8784582230807,552.959819821596,0.080550652263574,1.97042578899363,8.9257957959095,15.6497721566378,5.84882402853207,3560.02179222029,84695.7082508522,1796625632.355422,2065942213.0720432,0,0,0.3408970934376049,0
28.1909426311693,0.347269162684971,1447.91623619679,201.774956631883,2110.52274553759,75.4709955191346,546.824407168295,0.0816441588963961,1.98521295411819,8.65109261652714,15.6748342064657,5.84204978256537,3535.19376997159,85755.1705195529,1799639065.7711403,2063970696.2080326,0,0,0.3426430706550455,0
28.246727014933,0.355906184423874,1431.8940638072,196.752733859944,2088.09200232588,74.6941233884471,538.113674249542,0.0829964196285484,1.98364282743692,8.45052362002433,15.6052820291677,5.84309089787213,3493.26908257534,87215.1542327563,1802220565.5958579,2062051691.337413,0,0,0.344116505042882,0
28.3762271017843,0.368242788498053,1413.02472033718,191.367521717558,2061.50643161075,73.7680095661982,528.44373812573,0.0845229573457629,1.96822463048902,8.32188802006539,15.4697183997869,5.85002134928789,3444.48287303398,88768.4259336612,1802463518.5561397,2060171217.5038822,0,0,0.34495765296410796,0
28.5616538589183,0.418311504018397,1396.47836354444,186.355482927695,2038.32457192413,72.9623952532794,519.856961764488,0.0846422209156384,1.93318457346146,8.31894535249971,15.2996580078443,5.86208602233854,3401.54445355371,90409.0597705936,1806858926.7086787,2058335099.4833581,0,0,0.34617413359762667,0
28.7865349883531,0.606577677171062,1383.24460762006,182.045448717526,2020.01384192107,72.3270255369226,513.125576691905,0.0803779875107926,1.85182192991507,8.67103451163663,15.1205678240054,5.88240756829189,3367.2730493507,92228.5097297214,1819878803.5039215,2056537384.70671,0,0,0.3481919352103901,0
29.0428851965254,0.976258382764659,1369.26815993529,178.046114474025,2000.66001547634,71.6483672971677,507.044790609669,0.0735864028008414,1.70828511546357,9.52919997031181,14.9473124201094,5.91296205798859,3332.08899468293,94122.7372789467,1835263565.3493657,2054767962.162075,0,0,0.3497816049356484,0
29.3272930815585,1.88962931269245,1351.2732317744,173.90079237044,1975.42541048908,70.7505918073935,500.087582299123,0.0147057620132903,1.41240405083873,10.8205363607945,14.854986098483,5.9604132643906,3287.75908816105,96028.5407621365,1847043654.5654428,2052987004.0122802,0,0,0.3264012711616182,0
29.6036901033826,4.20647276335507,1378.08542991336,175.293847465364,2015.4799098422,72.1630504927685,509.696975443985,1.2659992639825e-08,0.594360819306139,12.3956056132859,15.2777681480717,6.04962321040037,3352.04324663186,107082.534777707,2098073529.4252234,2053618374.4065511,4,2,2.7353742295052506,3
29.8180418949876,9.88888479476795,1354.11985575245,172.711253408135,1980.47922306121,70.8592927597497,498.862430021393,7.97849700186803e-10,0.0995254222343301,13.9910218976938,15.1150167884643,6.12505084731572,3292.9153615429,108745.403470405,2101396928.3507671,2053947652.4657142,4,3,2.688013839681518,4
29.9534994957823,17.270336140082,1333.09985003092,172.853738493515,1948.87973037436,69.6662235608404,488.633793010597,5.99993448298741e-12,0.0208976462164504,15.4582286748418,14.5152691719163,6.16853242015836,3241.56864471811,110263.898865662,2113259436.413217,2054047566.2100039,4,3,2.686839517864134,4
30.0350252640328,23.2525560921065,1318.47935471205,175.302153512626,1926.09975206511,68.7838613434957,482.312418776307,5.27742842765546e-14,0.0163208436086037,16.8724938310555,13.9054218365188,6.20513302257757,3207.32267552952,111610.494077613,2136092881.3335745,2054084137.0225384,4,4,2.7586684383892752,4
30.0817612258665,28.3489291200703,1307.88987753609,178.835928368378,1909.06449878511,68.1089635960861,478.158155043739,2.14138108125557e-16,0.0127919701082995,18.1746254757263,13.3845198305167,6.23678555003742,3183.57782833809,112420.320493065,2156371078.044886,2054121228.5465486,4,4,2.8308386148667624,4
30.095421079534,32.7121303200285,1303.71147548394,182.941383600428,1901.62097823121,67.7831556884632,476.505535337084,5.283606534376831e-19,0.0087131529159479,19.2206909008446,12.9654727454305,6.26216694718997,3175.5288550258,112436.003456942,2169732245.140482,2054212805.887119,4,4,2.8962048138279726,4
30.0774938924625,36.4101314044557,1304.7053908868,187.393985624515,1902.01205183647,67.7419091431359,476.73860127849,7.7366085589872e-22,0.0049785006843678,20.0011273390726,12.6233348089156,6.28279041791082,3180.06716754438,112137.644907838,2183063401.6702266,2054368500.6831172,4,4,2.9575829797410442,4
30.0326444045711,39.6804584261831,1308.1482231728,192.24557202884,1906.06393019595,67.8324863297912,477.793859743326,5.27877108507801e-25,0.0023521228631019,20.616775899636,12.3230764172207,6.3008878630307,3190.65226540584,111688.59901311,2196778922.349757,2054583049.178111,4,4,3.012221663274524,4
29.9716151812487,42.6871772446128,1314.12736132916,197.417699814583,1913.78882159989,68.0553700915367,479.672183687503,1.34633077713098e-28,0.0008717316634892,21.1157575469956,12.0601631436324,6.31684094020438,3207.30284538666,110858.008750279,2206132916.1118784,2054859886.8624525,4,4,3.0580245637566663,4
29.9164889546344,45.5057406591153,1324.39765988248,202.48935079691,1927.74056489648,68.5055932506932,483.042997951625,1.35179841349681e-32,0.0002019191836735,21.5000010797262,11.8479205043021,6.32998564049475,3233.80798257197,109493.267310357,2208290738.107475,2055200706.074794,4,4,3.095386024415724,4
29.8764100855945,48.1910447706506,1338.00159081566,207.254291128638,1946.51809703929,69.1333538198814,487.561797580612,-3.2609433623048e-35,3.50782441141203e-05,21.7946286801755,11.6757072642298,6.34105595882618,3267.78078267735,108043.730103101,2210261901.5624557,2055607131.9826736,4,4,3.126953796107385,4
29.8444046259212,50.8043409684287,1352.52385772269,211.815319170649,1966.59891374038,69.8094421883523,492.316217606209,-2.5988740727883e-35,8.53680274143817e-06,22.0329833375011,11.5211017205996,6.35136675994783,3303.6487745935,106654.953882936,2212752206.1456738,2056076818.2246993,4,4,3.150823378897004,4
29.8130012378496,53.3826579603148,1366.53370466994,216.172464229136,1985.92027509948,70.4585406899396,496.825897314871,-5.00288521781206e-35,2.48395340375544e-06,22.2309720606644,11.3708775776615,6.36159877103452,3338.124034832,105395.802239321,2215821052.0084662,2056614760.6204145,4,4,3.167020811268923,4
29.7770776379858,55.9172521348718,1379.25578800846,220.095736008421,2003.38236963913,71.0426698431342,500.882594265179,-7.12625747504792e-35,7.6789240467878e-07,22.3935449560578,11.2175737270825,6.37209905875636,3369.30238818964,104311.615044442,2219102524.800467,2057224343.5713072,4,4,3.1765870505015514,4
29.7361788707309,58.3996633224009,1390.67396787945,223.467057398439,2018.97646136797,71.562699914226,504.518613758314,-7.86354128532675e-35,2.47808054104401e-07,22.5242510805426,11.0599042982807,6.38289140777589,3397.09550163884,103345.795661065,2221241831.90635,2057885595.5616386,4,4,3.1807225469439913,4
29.715983291209,57.3972896250109,1348.80639173887,222.494945578792,1956.62654432781,69.2957306186113,492.103793662707,0.0109568378791914,0.0166279717023083,23.3162586041781,10.6022683323594,6.41800452683233,3299.28865489319,93256.2451075109,1964703993.1891747,2055895310.4420712,0,2,0.6018974605417013,0
29.6765927089383,40.4608299237587,1352.54859757429,224.680072954752,1961.67214255401,69.4647059813333,506.982066503893,0.022374701072805,0.0768004767143657,23.8009019482693,10.5632732342238,6.44821031893686,3317.35792932986,92645.0745883369,1962671809.6925364,2053887223.0626237,0,0,0.542698033088348,0
29.6566073898384,24.4466235188683,1361.7409971333,226.701483880413,1975.11958774215,69.9528334335826,522.743038293368,0.0399790400001009,0.169574888242262,23.9102012207516,10.6775816852114,6.4585545970589,3347.77989580994,92447.5702207937,1972979233.0652099,2051970644.9441879,0,0,0.5638785567547416,0
29.6731208606013,16.0803352917268,1366.80572852007,228.044301831353,1982.68057170629,70.2407303314787,531.792153387211,0.0432561173282595,0.267328559933922,23.6968849377907,10.7937626409368,6.45084380944491,3365.08526196271,92424.116847962,1980620286.4306326,2050123988.4985068,0,0,0.5660809899460173,0
29.7194965723435,11.7799216044152,1367.94504991214,228.85380737818,1984.51990756497,70.3288043353744,536.740055695357,0.0449020453956668,0.360043477828443,23.3709991232579,10.8595536846203,6.4387863786958,3371.25008182337,92473.1529006429,1984512911.3031447,2048315404.2262404,0,0,0.5465220487413669,0
29.7673473160479,9.42048443273335,1367.37325961314,229.349663103338,1983.87017640559,70.3294480864064,539.401735517371,0.0461194573084831,0.444040912357639,23.0218110944874,10.8839121811203,6.42705211061883,3372.20298189896,92483.6435135473,1985017700.0448813,2046495353.1985538,0,0,0.5172931175370312,0
29.758378575445,7.99815967591111,1367.28016756062,229.700091998574,1984.00135605528,70.356957413746,541.122120772916,0.0470724557704148,0.516590425986696,22.6997727338109,10.8949541723313,6.41630906938148,3373.56895265781,92353.5250669952,1982535756.9023294,2044608429.9439466,0,0,0.4882734778721523,0
29.6653979791339,7.03450354451751,1368.14824409466,229.949990746103,1985.65767956265,70.4369180935928,542.499110104848,0.0478380419488831,0.576960046161642,22.424159585799,10.9085304346299,6.40647943481398,3376.79589651512,92218.23634757,1980617075.3005257,2042674679.2119043,0,0,0.4632909681056237,0
29.5115664475733,6.28752386135232,1369.19775031881,230.044995286012,1987.67858316956,70.5287106939834,543.539415016247,0.0485388836483655,0.626631383785107,22.1824155662049,10.9249286256252,6.39761741908994,3380.1798893797,92128.3738139857,1979461407.9193344,2040720796.3139584,0,0,0.44259602800246,0
29.3424899940995,5.62557334895666,1370.71704087728,230.014514916292,1990.439123539,70.6470806259775,544.504757659145,0.0492652549225622,0.668679348489847,21.9532275085492,10.9479529657668,6.38930502250503,3384.46756384368,91923.3760259292,1975917144.6290028,2038733060.0915499,0,0,0.4266005073635411,0
29.222196544066,4.9937396256603,1374.39345202086,230.058084257866,1996.32475657491,70.8782940829358,546.093187846726,0.0500297281584231,0.706585024739363,21.7164291509258,10.99101258557,6.38054704671939,3393.72017259236,91428.0036381944,1968253149.5387745,2036674600.8717976,0,0,0.41347804405436756,0
29.1768925501329,4.38653747465915,1380.39440786684,230.253619665,2005.53800511518,71.2297392916493,548.391641879984,0.0508593179527362,0.742958193051204,21.4679553315693,11.0558239654986,6.37095548157521,3408.3630196201,90863.1666012281,1961526871.657304,2034563273.3675327,0,0,0.4026835011748195,0
29.1832647947264,3.81162798147214,1387.41521042421,230.488271075981,2016.20044007616,71.6339383708359,550.902219644358,0.0518270411823845,0.780175278985432,21.2164629931805,11.1321181919752,6.36069144985905,3425.28074172532,90317.4331963984,1956135130.8176088,2032424115.1055973,0,0,0.3936807931056571,0
29.2121001442597,3.29949315747736,1393.7007952199,230.562901528293,2025.75574211048,71.9993205662809,552.908751635529,0.0529558733220583,0.819593361594085,20.9702403495371,11.205638356236,6.35022099609176,3440.19199043544,89975.8800015641,1953970122.0072212,2030302982.0169013,0,0,0.3863000096054077,0
29.2459823498946,2.89983347373617,1396.92474852526,230.17760279092,2030.72789218671,72.2018924702033,553.472497397104,0.0541510151299975,0.859661842093524,20.7344596542186,11.2575917462105,6.34067387467678,3447.31986860726,90037.5565619828,1956466543.415379,2028260572.9552224,0,0,0.38041317473136904,0
29.2811568131202,2.59808330176904,1396.93422671403,229.24326832231,2030.84828106935,72.2324057526735,552.580007394923,0.0553479274604028,0.898148214242617,20.5093105794055,11.2868752614791,6.33246334271603,3446.22450217756,90234.913810388,1957436861.2771661,2026293039.7624037,0,0,0.37714555097592833,0
29.3207727796729,2.35439306249498,1395.46783794253,227.940669589793,2028.69497023616,72.1828572697099,550.962195328216,0.0565442166835829,0.934945490480638,20.292062298212,11.3067810465849,6.3249463236439,3441.18994064543,90440.0503056735,1956167009.25679,2024388163.4411802,0,0,0.40923461260463717,0
29.3585497218577,2.17324697867699,1393.45007632098,226.459128729631,2025.67449244605,72.1025762740554,549.016038108659,0.0576150189213272,0.969151457824281,20.1033454143663,11.3244461289727,6.31787917888704,3434.60157078122,90689.5226859223,1954873103.7933352,2022550185.0149317,0,0,0.44724277997861384,0
29.3658075647259,2.09871583197133,1390.50833379689,224.893272894463,2021.3002671281,71.972450499906,546.683730685291,0.0582257904147634,0.99591460558896,20.0136167054543,11.3401731147597,6.31200747053152,3425.76051081349,91051.7818856146,1955153623.877531,2020784187.8426914,0,0,0.4678428741125321,0
29.3250927492781,2.11921612588262,1386.52166466253,223.298710924508,2015.42040938914,71.7860922828585,544.01841153806,0.0583512412339328,1.01068698211111,20.0645771773702,11.3556681436318,6.30800396459782,3414.50700662436,91452.7714099778,1955565474.1634476,2019072766.9357462,0,0,0.462923495663321,0
29.2467744613023,2.20256713114407,1381.94034273059,221.712154677276,2008.67116033653,71.5665956026548,541.211759794907,0.0581723454701331,1.01436727608841,20.2299378136687,11.3721007297621,6.30568405860116,3401.91543716073,91859.7101669225,1955832831.0443597,2017401197.5651782,0,0,0.4418519195068479,0
29.1521673573787,2.30728750585943,1377.73314790931,220.30593888371,2002.42045250573,71.3639297915801,538.611228955416,0.0579202175282128,1.01098525419168,20.4540289091091,11.3937068408244,6.30420109010663,3390.32778519045,92132.8700463634,1954192145.3620381,2015714203.1462166,0,0,0.41848782017893077,0
29.0661194749184,2.37787962713585,1375.52165739119,219.554301171083,1998.95945599655,71.2615647347826,536.784455631828,0.0578218922697899,1.00649171781156,20.6684047666045,11.4300542489178,6.30213712739685,3383.79626647814,92126.7754406337,1950201150.7314084,2013938762.069142,0,0,0.39014461115012883,0
28.9985337531619,2.4209473230013,1375.46875112062,219.651590139673,1998.47841195029,71.2668856946034,535.743821924907,0.0578114692623996,1.00387061431746,20.8451303674361,11.4807041327041,6.29901942235702,3382.77431102271,92040.1873534163,1948689731.2045317,2012107639.3966033,0,0,0.36734895921470406,0
28.942032568139,2.46571199968793,1376.33207842545,220.33757455868,1999.18257618508,71.3152135755975,535.02928552243,0.0577700297884416,1.00147266697453,21.003846627203,11.5381301197101,6.29549149789968,3384.18345117576,91953.4620542131,1949545367.0859735,2010253205.034104,0,0,0.3567623949126911,0
28.8816560589487,2.53407901548992,1376.35351777991,221.180056515636,1998.56689727736,71.3154557961452,533.996306988498,0.057650728645642,0.996986591051075,21.1572970898174,11.5900545103676,6.29255190593218,3383.65485839253,92057.3488480739,1954049065.297864,2008400149.2390172,0,0,0.35193662699052813,0
28.7951810204518,2.62963432416422,1373.26478551663,221.607814237331,1993.43465067536,71.1500734946874,531.789632903346,0.0575372632931344,0.98878856157757,21.278381905317,11.616490552147,6.29146584554147,3375.55927456872,92547.7940374779,1962631284.4597554,2006576288.7059853,0,0,0.34878267460089685,0
28.6738409257423,2.72917219903622,1367.06441827423,221.420790721896,1983.87491364918,70.8208420673871,528.417795771232,0.0575523270468805,0.978289621242503,21.336969310145,11.6140839392116,6.2922085544605,3359.83252048623,93142.1694357566,1968611663.2102787,2004769698.8539982,0,0,0.34492309651355507,0
28.5275001237758,2.81964626383016,1359.62722739393,220.886329945803,1972.6168446887,70.426813797495,524.600480188188,0.0576820255793096,0.967595265198587,21.3362738077472,11.5958752702579,6.29380944014577,3341.0614970621,93712.7385282221,1971727687.0065036,2002963874.4068015,0,0,0.3405008168945074,0
28.3877767581747,2.89271897656616,1352.08825412077,220.304260378462,1961.213232675,70.0262427663584,520.763140359479,0.057922491455106,0.957186194810872,21.2809148238076,11.5697316145628,6.29579353649801,3322.02937721522,94269.7899518566,1974068865.8759656,2001217185.667018,0,0,0.33608008817913054,0
28.3223852315634,2.92088256771455,1344.66823734786,219.843171166829,1949.80584751211,69.6282552559607,516.954631299167,0.0583887033653348,0.947924620175011,21.1383235258976,11.5342931898786,6.29807982414563,3303.19356186246,94845.8824761041,1976846242.1699834,1999616753.6536896,0,0,0.33191752613547804,0
28.3633911018651,2.90188507899556,1337.38746004074,219.540867623734,1938.35117028687,69.2330548799793,513.153576657948,0.0591068067135578,0.941053044800352,20.8885864886174,11.4877475639182,6.3005499839542,3284.54581613839,95401.4943848844,1979281806.190975,1998127443.250847,0,0,0.3282891374500704,0
28.4822320365624,2.85556808549619,1330.19987247969,219.349571006333,1926.85800728547,68.8393248389736,509.354767121462,0.0600070380259633,0.93625001847756,20.5520190825975,11.4318515201163,6.30316548805349,3266.01934407878,95924.0643363053,1981029767.355795,1996718700.6524293,0,0,0.3253360790284419,0
28.6270396215902,2.78879601359705,1323.6034025291,219.255857985199,1916.20616316336,68.476211620135,505.78305921524,0.0610353724839946,0.933116748252643,20.1686505474791,11.3731868265842,6.30566919519319,3248.93138858249,96308.8684933303,1980563468.6976197,1995416471.9562893,0,0,0.3224786836557245,0
28.731409063104,2.70024748039877,1318.74871534263,219.318418277999,1908.29136666374,68.2093825070899,502.916560955891,0.0621323330526188,0.932048299443564,19.7955124188313,11.3226580236209,6.30745116168655,3236.24309718087,96458.4897105211,1977462107.3942008,1994259752.9857328,0,0,0.31946220224671124,0
28.7709481944865,2.6032176468732,1315.64011754721,219.529785878808,1903.18653542294,68.0406408278397,500.760513568135,0.0632256372250554,0.932735457892621,19.4572581659694,11.2819410827681,6.30845511368237,3228.02253845745,96527.9825918205,1975030003.7672184,1993211549.7817392,0,0,0.31695379806596996,0
28.7714130124593,2.50605974158125,1313.35358808828,219.807026687072,1899.44496219309,67.9190060023823,498.940404657915,0.0643128648812992,0.934590472607837,19.1354058586564,11.245538715141,6.30904493159103,3221.9402980366,96569.8009084981,1973124680.4961255,1992238600.549628,0,0,0.314848707134943,0
28.770909251438,2.40354832550454,1311.88941270762,220.119713273901,1896.98747443352,67.8428434646996,497.436397417373,0.0654136241782864,0.938115053083332,18.8115629976718,11.2143445911365,6.30910555191157,3217.88908323591,96499.6458742474,1969861304.4012864,1991266472.4372656,0,0,0.31273105259317635,0
28.8120827538642,2.29235750974074,1312.05351314742,220.475037044095,1896.97599597622,67.8545068524027,496.544123926542,0.0664989415556357,0.944281270169876,18.4858445760718,11.1960714341547,6.30809739238422,3217.74124316671,96237.7492228691,1964421291.2906713,1990197104.0046253,0,0,0.3104731457906127,0
28.9079273627405,2.18005992564444,1313.85120211138,220.851349910178,1899.41462146139,67.9542529213688,496.257114763105,0.0675165146629788,0.953062591614058,18.1641450805985,11.1922118648321,6.30593866386291,3221.48455716216,95910.002135578,1959323182.8951232,1989050003.562847,0,0,0.30844497875483273,0
29.0393621466657,2.07133265096849,1316.60503823189,221.209915815857,1903.30559554322,68.1062633992058,496.31390775487,0.0684673690125732,0.963947901827209,17.8485202177497,11.1982789367872,6.30293503564663,3227.49369621071,95564.3028634435,1954760545.1646364,1987851874.582896,0,0,0.30659978220505474,0
29.1778093648187,1.95613165949933,1320.31369863673,221.578024992989,1908.64740800895,68.3109809973677,496.707368709981,0.0694267103325136,0.977570047595924,17.5345771661854,11.2147727586631,6.29896598995501,3235.78289980674,95121.6038927622,1949158463.7343843,1986600434.2606251,0,0,0.30464736214569094,0
29.2883787073752,1.82045285247841,1325.66670441491,222.065382566906,1916.44618730567,68.6056675362305,497.6759315314,0.0704975968789782,0.995914937158364,17.2086635755144,11.2473834741575,6.29341844373327,3248.03482253229,94508.1620648609,1941895860.905507,1985284391.7969406,0,0,0.30249526999631166,0
29.3588127648692,1.67860079868814,1332.51265086802,222.685344382781,1926.47233254789,68.9824174392916,499.137769168364,0.0716162211734415,1.0196801459264,16.8659950341936,11.2952433555898,6.28619911526902,3263.88282372857,93865.3887665649,1935696811.3433769,1983912739.9861805,0,0,0.30053364129231214,0
29.4026010567547,1.54558018067478,1340.00475075681,223.34302692008,1937.48434008831,69.3960579086795,500.775668361109,0.0727023652265472,1.04749442500317,16.5155475494688,11.3526030033637,6.27781179584125,3281.27093400861,93249.924482135,1930657868.3880625,1982495598.9179478,0,0,0.2987201909040308,0
29.4324872237055,1.42153456043111,1347.6900568254,223.921966616665,1948.82100851988,69.8225397862825,502.425089434821,0.0737704316861798,1.07849822498902,16.1679750433645,11.4163879724261,6.26855501768819,3299.05591211153,92654.5192795626,1925906687.9297965,1981063556.6457052,0,0,0.29691118635777713,0
29.4507952583937,1.29907299360661,1355.54138439132,224.268343425216,1960.43960248699,70.2607026654257,504.06518148266,0.074914812726177,1.11319818578864,15.8317457825164,11.4858601565022,6.25837956598675,3317.04994914216,92064.4821238094,1920711402.1102307,1979658986.9782312,0,0,0.29505042744247434,0
29.4565943023856,1.1816037058889,1363.47231625535,224.31383305762,1972.20974183249,70.7060706645908,505.648734545776,0.0761200491420911,1.15200158097627,15.5092639978043,11.5596095693374,6.24727724589319,3334.98715458145,91509.7717094145,1915444424.1424165,1978270363.7269545,0,0,0.2932188114514995,0
