31.3571638944052,0.134110627250182,1515.83479798728,169.153355298514,1586.84550118685,113.579711146529,211.107133576963,2.65826483633755,9.65559884137585,1.28311601664657,24.4160813312132,4.27244378718874,2923.50383078454,91099.470287068
31.3602854820935,0.133395834589419,1517.16364705444,168.540485120724,1587.985227353,113.708720386417,210.559340019804,2.76867704650359,9.62963651099822,1.13580120428346,24.4830773970013,4.27252687111576,2924.86321898281,90992.7296859071
31.3255991700399,0.132600616171801,1516.77999073501,167.715833460142,1587.90193284583,113.740562570976,209.806794380313,2.9031435342958,9.57419714999079,0.987898613686686,24.5241833891692,4.27835699086279,2923.86539174653,90408.0750339835
31.2581155334965,0.131692276031122,1514.44840739773,166.730509342501,1587.54191631473,113.741989501065,208.974158051077,3.06304091159344,9.48827024718796,0.843148722151809,24.5500479636535,4.28949942277882,2922.21759144876,89702.9378605963
31.1707000922765,0.130658996722976,1511.73404764965,165.674218883643,1588.10661258521,113.798668202736,208.224517935896,3.2399271889406,9.3704921413216,0.710813150747248,24.5790964394118,4.30510866112595,2922.11415127333,89029.7915661324
31.0765271165752,0.129512050945351,1510.59285967347,164.602703835242,1590.19742385516,113.954600853019,207.642491142267,3.42111091672188,9.22423245828486,0.597777544596927,24.6258049987912,4.32388409424158,2924.66995736463,88357.8756920952
30.9840995438245,0.128275026388079,1511.78390660358,163.518566514091,1593.66994892902,114.20119354821,207.214032818741,3.59608536262167,9.05682279704235,0.505425475834658,24.6957277209127,4.34446958907198,2929.64397102243,87625.5423666947
30.8970146677742,0.126968326271899,1515.00186493484,162.397111615145,1598.06851743517,114.507422673439,206.884795821014,3.75898164536573,8.8753799870441,0.431403508422703,24.7887297315509,4.36586223607162,2936.22162409375,86898.9450720514
30.8160122246194,0.125602689230094,1519.55972092695,161.212149788763,1602.99123724053,114.845536515613,206.608054456276,3.90763376697648,8.68464565552285,0.372202949969043,24.9032051252801,4.38747800219394,2943.67754794815,86210.6526263388
30.7406114950295,0.12418632711023,1524.79667612457,159.946870125928,1608.1485898392,115.195368854643,206.351108453598,4.04092073616288,8.48690304056007,0.325025084738644,25.0371528703055,4.40909663054312,2951.489236387,85716.9278538374
30.6694933521268,0.122736774158551,1530.14432549511,158.59491832097,1613.24505662769,115.536316023442,206.079846166488,4.15561129482039,8.28297983059029,0.28859710355156,25.1867808146655,4.43078776748175,2959.13176519251,85620.3677060601
30.5998559185864,0.12128348753404,1534.95260083771,157.146053375459,1617.76134077766,115.832415326066,205.730061081741,4.24816127646511,8.07623816155309,0.26215471082231,25.3431067280244,4.45254977176952,2965.68328643681,85700.8425190264
30.5272457311043,0.119859991301617,1538.50397760278,155.583169938023,1621.00525913641,116.036153098414,205.214744538926,4.31729997886943,7.87384149714117,0.244606801654071,25.4922356639779,4.47412436153784,2969.91134276708,85822.7497625784
30.4472018175111,0.118487812437999,1540.36606125742,153.901358373316,1622.52896226358,116.11768723614,204.478633106984,4.36499957844154,7.68333877827176,0.23416317415148,25.6218306094359,4.49510935833208,2971.02190201643,85940.466818777
30.3573632281005,0.117167709662112,1540.60571095141,152.118363497841,1622.38716932766,116.082448462348,203.529936986248,4.39653641120422,7.50936663082154,0.228538059051244,25.7259680503459,4.51515720063211,2969.12303617831,86035.0547273246
30.2588717491885,0.115883335798727,1539.68090354413,150.26603813474,1621.03865811999,115.96360648985,202.425767073571,4.41875506765896,7.35217874034746,0.225402646378883,25.8050984247075,4.53419032154194,2965.04747134127,86131.0738675766
30.1561219391352,0.114611037138278,1538.1599265733,148.373805908509,1619.05651170936,115.801442005551,201.234639986664,4.4380108988556,7.20826647875254,0.222900049108204,25.863001084364,4.55248540354791,2959.83114766696,86243.6855628578
30.0545180844639,0.113330125691667,1536.50487404417,146.461439873969,1616.90599341125,115.628092609836,200.009800407221,4.45881774902,7.07304285533099,0.219892048516644,25.9036909565653,4.57046968589651,2954.3142184359,86282.4330925341
29.9581071334497,0.112026886017894,1534.97560584899,144.536782630297,1614.84855112051,115.461337068118,198.77954323525,4.48417436682549,6.94329382143597,0.215743914826514,25.9308276726851,4.58840839182685,2948.96688026623,86122.2198417083
29.8681805416716,0.110695080807858,1533.76875109621,142.60942066909,1613.09000357135,115.315449078561,197.568230383475,4.51442464989444,6.81705479612829,0.210489048284186,25.9497177405508,4.60629749807581,2944.15884745678,85896.1490606006
29.7833019261413,0.109335171597784,1533.13534454099,140.700914082615,1611.90137359888,115.209832069389,196.411142356933,4.54711220043616,6.69322265455246,0.204685827223224,25.9676197784124,4.62389345745191,2940.38032371567,85678.9044948124
29.7007262307887,0.107954742822387,1533.1930416309,138.828662759206,1611.41529958792,115.154337063702,195.327566807734,4.57884854304531,6.57176735208246,0.199092640633667,25.9904981929362,4.64086903811258,2937.87425352227,85534.8707850435
29.6183633732585,0.10656773794261,1533.80505109181,136.995115439714,1611.49513646294,115.139754299497,194.303991230756,4.60628577146249,6.45346283781689,0.19447445138564,26.0202361242144,4.6570064559514,2936.39981844981,85530.5282761208
29.5370135715593,0.105189391360243,1534.61287710827,135.186764173181,1611.77064946022,115.140218643776,193.297903318557,4.62770490375572,6.33986537623105,0.191241945572942,26.0539158377472,4.67224546783523,2935.29318864511,85584.9797274817
29.461245227151,0.103830704144877,1535.18762590587,133.381492866456,1611.79949422081,115.124585855625,192.257399138493,4.64356288301052,6.23277851915339,0.189361465423172,26.0856015124014,4.68666297746449,2933.75527118459,85646.2310523828
29.3972248547208,0.102496381881126,1535.24169527023,131.562982559991,1611.28852655918,115.072140825459,191.148609668784,4.65490711826286,6.1331000327873,0.188671669528316,26.1098831409891,4.70043219624172,2931.25291638141,85761.7933016457
29.3491799201866,0.101188479667507,1534.69486364023,129.728410349976,1610.16082657997,114.977515306495,189.966590687135,4.66050315800745,6.04096396231594,0.189664098849403,26.123686121721,4.71369964733739,2927.64611947866,86017.0248552507
29.316253356728,0.0999116063602065,1533.53510738668,127.882080751059,1608.4102271296,114.84086489046,188.725772783967,4.65413199056026,5.95888641614028,0.194187296030042,26.1254343099325,4.72619897337498,2922.93219564862,86323.8388855962
29.2919526165732,0.098673629314743,1531.71465615068,126.028348400722,1605.99445635598,114.660762007954,187.451730672984,4.62647048438712,5.89436083737973,0.204675996542519,26.1143826556004,4.73692432828032,2917.05413958771,86628.0188360969
29.2676084260895,0.0974839398208067,1529.24224550501,124.177796697469,1602.93119255961,114.440599786733,186.184112252881,4.56969032983005,5.85638153769352,0.223459353111831,26.0910382176839,4.74457765201271,2910.06920382065,87163.8950540742
29.2367941345097,0.0963672716964282,1526.11894281769,122.353685321729,1599.22800362457,114.183584978851,184.967917293045,4.4697402928483,5.85331784073867,0.256926568704475,26.0553495614135,4.74796112095715,2902.03227963055,88281.0841894691
29.1986932174023,0.0953930860889089,1521.93812678369,120.589420142092,1594.45923111354,113.865712465101,183.836025571449,4.28909280306711,5.9051559041699,0.324781093076945,26.0030331938982,4.74449311916763,2892.2750220165,89640.8558670255
29.1592862126052,0.106700101278206,1515.81043402141,118.932029498414,1587.72045078428,113.415034112018,182.907311896263,0.384681892499723,5.8803949593238,0.579508562699102,25.9839152580892,4.74942403751525,2879.3509152297,91035.3320426384
29.1274025381732,0.182532051304366,1506.98018779563,117.687582044918,1578.71237228028,112.567969714979,183.846625245004,5.08925903673376e-12,3.6105561308924,2.45326773089789,26.8684643112068,5.0102447363013,2863.41063344696,101926.75810087
29.125846673516,0.207740360729412,1500.48671668854,116.973343940116,1571.96023065479,111.897506815152,185.529460004013,2.72981475762753e-12,1.75934693697181,4.54409953920325,27.4415896535963,5.23494517834639,2852.2743477992,104207.364434168
29.1646274767909,0.339273541321194,1493.52789262669,116.848577157304,1564.50239131915,111.235480953643,187.893097521979,5.57395144386083e-13,0.49358739873819,6.68296535699682,27.6488361017333,5.40293224119048,2841.00701753294,106684.081701665
29.2504633368002,2.45139128195183,1484.61158254047,117.817954732521,1554.69626647871,110.467867338833,190.313624166737,1.91396916812165e-14,0.0131054284268609,8.85274720267611,27.1508649116807,5.50555101811197,2826.89979827912,109147.923486678
29.3896579834891,8.74554050324863,1473.94534773883,120.332593128756,1542.70524626679,109.55779293996,189.872530275816,1.66249130007609e-16,0.000240083361437367,10.9737048637276,26.1576722600252,5.56734199746512,2808.809269559,110712.539747671
29.5778237605553,16.3557961701428,1462.32494384849,124.359096933277,1529.39756784343,108.536368412178,188.105250254732,3.29450796061243e-19,0.000170674793718926,13.0438780068324,25.1179927717273,5.62703819072247,2789.04401763498,110673.577442817
29.7929060263,24.1553753821452,1453.16571720234,129.589440564494,1518.44911852738,107.666868975303,186.388777944455,-2.68363709089204e-18,0.00013078726236599,14.9748829845584,24.1091042844063,5.68403586949996,2774.33547523555,110168.885931724
30.0058082852839,31.5038368983525,1449.5222661793,135.65474159879,1513.17461765252,107.190665936543,185.583477443075,-4.4267859195495e-18,9.24296517665247e-05,16.6873998602439,23.1981856872184,5.7355311845801,2770.44118543774,109525.264255355
30.1970023118633,38.2699829475061,1451.34733444358,142.23244612107,1513.58991466629,107.113111171696,185.713761772587,-3.24465599914555e-18,5.84162112576481e-05,18.1516176255593,22.4135874334941,5.78005585516047,2777.11783838763,108655.426563358
30.3602151996012,44.5529599067913,1456.54896337333,149.052354925124,1517.52283874545,107.282587910379,186.374204797171,-2.04400356084336e-18,3.12557680247835e-05,19.3808353659676,21.750259301039,5.8177673245161,2790.2421631007,107489.227616892
30.4960870873832,50.446290132599,1463.34614550084,155.842487120786,1523.12458040692,107.570656562745,187.228874769407,-1.41285956893385e-18,1.34613677823553e-05,20.4046310701393,21.1918139842397,5.84955668140593,2806.2790170319,106220.945983055
30.6066926840569,55.9583763337772,1470.90019125393,162.331819887992,1529.54652394449,107.920281716399,188.155805014903,-1.19274933325535e-18,4.77601362539767e-06,21.254114211499,20.7222757853738,5.87646253637275,2823.50150242611,104938.26608263
30.6946076595252,61.0496712649696,1478.84666107673,168.362742188575,1536.42731180886,108.30784645518,189.155674789076,-1.12542512360824e-18,1.58437008479617e-06,21.9603556805738,20.3260054248145,5.8995902514633,2841.16938980974,104018.85282202
30.7642392265763,65.7082182894142,1486.72090950491,173.932798209154,1543.27671791743,108.698558467545,190.200160704105,-1.07160911292688e-18,5.43892422054556e-07,22.5532595251423,19.9836893994758,5.92016966567357,2858.43899805102,103803.753225941
30.8237790918747,69.9809438229481,1493.5068144391,179.088777011106,1549.01489021878,109.014715294845,191.124291301617,-9.94605564705832e-19,1.6974265464012e-07,23.0538515834946,19.669286711476,5.93962090049085,2873.43396394889,103808.160484711
30.8839582693684,73.939859249394,1498.11673846025,183.842259820874,1552.49331221722,109.174031922722,191.715403019484,-9.02015046011042e-19,4.5275513056592e-08,23.4679008516471,19.3556537325996,5.95928696926693,2884.10284980613,103859.847943338
30.9528149116125,77.6447722790178,1500.35400315328,188.19071801439,1553.50837509204,109.161857201027,191.898062153563,-8.08696972234973e-19,1.08945855279934e-08,23.7918335271048,19.0259801013818,5.97992011372469,2890.05297676747,103797.970426373
31.0315043933621,81.1437891324054,1501.00957354954,192.141958054343,1552.89975046898,109.037660093813,191.775629381095,-7.23501338575144e-19,2.49061071506214e-09,24.0258353168218,18.6774904611426,6.00155849874223,2892.7612917753,103487.38534902
31.1122928273262,84.4867622826889,1501.37139053981,195.722555375461,1552.03267714666,108.89751460451,191.551679220208,-6.48750136410563e-19,5.56336847767535e-10,24.1829043223841,18.3174901202018,6.02375566812969,2894.66167682581,103168.285579069
31.1781119913539,58.7469036573128,1501.60772292688,198.206576190897,1551.13284117587,108.894625037585,213.561592840712,0.481365016982628,0.441836960081487,24.3874739791782,18.2913183975569,6.01990707046177,2909.07901669749,93704.1819806651
31.2353809964525,16.7602825863449,1497.72190586126,200.312307390364,1546.21970156062,108.718520181212,246.860834833723,0.567807438589707,1.38224870171345,24.333818470949,18.4626065397464,5.96201452874972,2923.09178937515,93517.1572417441
31.2809324573433,0.779304110252392,1490.74897420927,202.224919136231,1538.31615344411,108.284720859134,258.360244831166,1.0453400781208,2.35829856120941,23.7197246491533,18.3693082531192,5.86126939613918,2918.61633443608,93344.2792965163
31.3128906535995,0.274825312446802,1484.66709857512,204.085290060001,1531.35840931396,107.911231220759,257.668154261514,1.32026551786266,3.36813592094202,22.7076452060514,18.1594489435907,5.7310504793084,2908.36836259634,93204.7655847295
31.338053587404,0.202595904563952,1481.4757768229,205.931677859331,1527.46401721808,107.739207371334,257.686771351232,1.43482882588942,4.15499781758842,21.7357426695561,18.0828624120122,5.62237666704703,2903.66675796903,93094.7519437693
31.3669263336833,0.188930605180836,1481.01730849027,207.749073430501,1526.47737315112,107.777319867417,258.692123150598,1.47399172224028,4.79962106291817,20.7091000529912,18.1554786084501,5.52313748592704,2904.41396856175,92963.7238389043
31.4070616449816,0.182872151275322,1482.19128350747,209.492470666502,1527.25276976535,107.947971936508,260.491060774835,1.49777472192699,5.31926762567654,19.6357625813944,18.3589901887594,5.43223733551652,2908.52502535977,92763.0070886053
31.4614107428971,0.180243038010955,1484.01343541072,211.105350538048,1528.76928512824,108.175892600418,262.761438813241,1.51225052265533,5.73496238639974,18.5616497176789,18.6445898064422,5.35023528685132,2914.03142307156,92537.4952253508
31.5300552298338,0.179638718421384,1485.98058161277,212.534559475176,1530.51096038155,108.419857558276,265.228386095456,1.51954952513435,6.07212091182896,17.536097962178,18.9634346002518,5.27712133919391,2919.84541156594,92306.9631048173
31.6119135985995,0.179917384761386,1487.93971008779,213.744547287531,1532.32532720634,108.665463624711,267.717246133421,1.52214896542013,6.35647304800891,16.5921837651625,19.2799664358183,5.2118759637801,2925.56933944383,92097.3850963795
31.7054339204544,0.18029344745544,1489.86456162413,214.723846725337,1534.18482328045,108.909656254883,270.141274697874,1.5231759578922,6.60477751947109,15.7419543044493,19.5796804282778,5.15321316354758,2931.09509842786,91934.72777932
31.8084617757969,0.18057472146611,1491.71307238422,215.476389532929,1536.03973536448,109.149929384768,272.463235562344,1.52387115201274,6.82577336175036,14.9848576694424,19.862191341152,5.09995505376822,2936.32443886592,91792.8351226281
31.9182533429773,0.180728285670938,1493.4070022097,216.012186576007,1537.80190165954,109.381701891581,274.662023479041,1.52460319634114,7.02502052714149,14.3179087998813,20.1305902612914,5.05111708817294,2941.10947918908,91662.8872111528
32.0323586864632,0.180769356003052,1494.88213122942,216.353702366538,1539.3978294929,109.600717157078,276.723093261246,1.52537558935078,7.20461846547166,13.7400201796801,20.3873091218751,5.00623104361731,2945.33971200285,91758.9783267537
32.1487362237769,0.180748700497189,1495.99367311094,216.535669780503,1540.66944844718,109.795204828387,278.62202312621,1.52613407941788,7.36155749382948,13.2548071331007,20.6320200053131,4.96569664151689,2948.76386972049,92320.4014010472
32.2630190766564,0.180722366760254,1496.24625029443,216.56685086091,1541.09578232706,109.926557466132,280.278891535633,1.52769080112461,7.49314105545952,12.8700826288325,20.8589951756141,4.93018190395818,2950.46129303506,93036.5328546382
32.3666382606891,0.180734661538191,1494.92721843818,216.421105860224,1539.93291793929,109.939930043473,281.587910626562,1.53143098035153,7.59962096172468,12.595753723917,21.0591231123771,4.90014990874969,2949.08963428428,93766.8557300213
32.4502883907548,0.180812433315794,1491.73689386577,216.097177672313,1536.86596412459,109.811047290321,282.527520136081,1.53778935250396,7.68008762081707,12.4405134850586,21.226315892789,4.87606320942738,2944.10242631261,94611.9568052666
32.5091655596087,0.180974512592819,1486.8705032808,215.646338036189,1532.09328602214,109.552710369504,283.157669050083,1.54615815195824,7.73188231830582,12.4047736592827,21.3588259585939,4.85836266856393,2935.91202404381,95697.6186261874
32.5464553858384,0.181264869138469,1480.69624370565,215.176592666621,1525.99374683576,109.191720881248,283.541249245369,1.5559764102865,7.75563373519297,12.4678644602093,21.4542648158782,4.84700362148016,2925.28136047275,96844.3443162796
32.5721417873417,0.18176444120436,1473.55778137252,214.831962915657,1518.92254494854,108.754306992463,283.709603004183,1.56708295634463,7.75675503623189,12.5864765131204,21.5077526779005,4.84135650578261,2912.94113271094,97974.0391158062
32.596736412156,0.182548953943289,1465.62999905072,214.722183422044,1511.06064306177,108.254240510349,283.672672912405,1.57958688574759,7.73915622213799,12.7179712964836,21.5160564590448,4.84092393056248,2899.28755968863,99233.9333251519
32.627468844368,0.183661677020632,1456.9688357427,214.901830330061,1502.46580085761,107.695752992269,283.448526465718,1.59353848683029,7.70209779287545,12.8434017662236,21.4785222202728,4.84576033974778,2884.47070009873,100761.036743061
32.6709833997985,0.185122889024315,1447.53807039852,215.3803685966,1493.10428238941,107.076444391608,283.037174646509,1.60897546615822,7.64615307542565,12.9727903809877,21.3930959277862,4.85581015437485,2868.43776066894,102294.616257289
32.7353757258037,0.186929991794229,1436.78440040154,216.068720518307,1482.41376379938,106.356341053012,282.309880614097,1.62697098435667,7.5758302228485,13.1337216910907,21.2565257536955,4.87049572370677,2850.08343612704,103731.661889627
32.8258261016572,0.189019737094309,1423.98375585771,216.803466080772,1469.65534421178,105.483548648405,281.081913900589,1.64975000530195,7.50101328733329,13.3422544915617,21.071343128861,4.88817852521464,2827.91408108817,104519.712694188
32.9367024341605,0.191259148643367,1409.49643589711,217.483166485852,1455.20194785323,104.487352876651,279.378517928418,1.6777535592543,7.438902753312,13.5814240912306,20.8537368713225,4.90553731158432,2802.50401294416,104275.906063386
33.0447687288835,0.193496297656945,1395.2450887719,218.176131307343,1441.02548951981,103.51161915025,277.563098500975,1.70701280061398,7.40003359764575,13.8168132818394,20.6356129868668,4.91944059525381,2777.48383227071,103744.191808696
33.1177687041669,0.195604703387686,1383.5863119617,219.059233427318,1429.53799756112,102.730719654622,276.118934280548,1.73160166998826,7.38433718657662,14.0190072458899,20.4513197433524,4.92815147976887,2757.38969879218,103129.447651303
33.1342887463399,0.197518477861693,1375.80236717118,220.251671614362,1422.04809215308,102.239355335351,275.327303668334,1.74783213239451,7.39032235101709,14.1703369147669,20.3208393598252,4.93087808859287,2744.71429883002,102429.727886102
33.09259938701,0.199227850972135,1371.8913746424,221.758850848684,1418.54502706863,102.037461640278,275.211364866933,1.75528282152327,7.41703783089757,14.2625828165569,20.247770212976,4.9275952921259,2739.46426513631,101643.139581069
33.0077017808071,0.200742587267028,1371.24863871558,223.515008760117,1418.38996521523,102.080511266483,275.666593832456,1.75533087103833,7.46328254593463,14.2872781201845,20.2273430856587,4.91873925047097,2740.45418355678,100828.668763485
32.9014172161324,0.202070734058229,1373.2141715536,225.437627397483,1420.87936697871,102.319832514496,276.571043748833,1.74973332420757,7.52713912685818,14.2334343216167,20.2531719943282,4.90492339227881,2746.37179335233,100018.871774294
32.7909917273808,0.203213303640707,1377.23679388354,227.452169573305,1425.4294440028,102.714984366045,277.818801999974,1.7401502695096,7.60810127430154,14.0936404626688,20.3196326901283,4.88652019610083,2756.11810686382,99056.7265250996
32.6852370374493,0.204157475242658,1382.96314605051,229.497306183613,1431.68094223666,103.240644031675,279.338482091704,1.72778760497648,7.70827437282154,13.8658557873433,20.4234108417302,4.86341233506752,2768.99038515056,97826.4691642244
32.5874757158202,0.204878034456826,1390.37943142558,231.542254433903,1439.64964102745,103.896655846967,281.127283154621,1.71276768923991,7.82775031420818,13.5520867761374,20.565506532899,4.83552903734502,2784.96746462056,96608.9398657008
32.4990898966997,0.205350000956096,1399.64241367659,233.582260192853,1449.53951978819,104.695095845736,283.219970137952,1.69473325403142,7.96308308835078,13.156693837658,20.7490315018697,4.80317591865945,2804.37986716053,95495.2922446819
32.420563450309,0.205570665087897,1410.68430394034,235.604659972572,1461.31187861514,105.631047676074,285.607009091078,1.67402348541014,8.11118203864589,12.6861939289149,20.9739699879591,4.76677664508623,2827.121718893,94404.0791235776
32.3512617969456,0.205558066973794,1423.17567367355,237.578702706112,1474.63660497116,106.679969173105,288.225369114427,1.65171387046001,8.27072273279397,12.150201285674,21.2364748657284,4.72671784710854,2852.56327683636,93252.1387216972
32.2889627240569,0.205334498878433,1436.79688904036,239.474869989676,1489.17641719377,107.817796676674,291.013944902398,1.62874870249272,8.43984825023777,11.5629061368282,21.5324326236624,4.6834768160783,2880.07827492795,92169.0438974672
32.2302780506923,0.204917978302938,1451.34159341032,241.273993648928,1504.70319152115,109.028660075235,293.934371050752,1.60569411916575,8.6152852703498,10.9414931009156,21.8591221629298,4.63765232479952,2909.25330487602,91196.3975359431
32.1721953935503,0.20433075069028,1466.15480374416,242.894875456709,1520.52357430488,110.26269684103,296.857743019262,1.58396337176797,8.79322898668983,10.3021791296347,22.2130522831241,4.5899599367395,2938.78491846796,90411.2986837718
32.1137325381825,0.203601348790512,1479.66908276681,244.136509055492,1535.00031458131,111.400856148797,299.470482459899,1.56710227233608,8.9696699877222,9.65841341850414,22.5867685223097,4.54136490932224,2965.56592695657,89890.1660117531
32.057829912212,0.202755621260372,1490.58721469717,244.845158310962,1546.77922368493,112.344166131364,301.503456381814,1.55820685966813,9.14286730365367,9.01708605429163,22.96792948189,4.49277739520586,2987.02884402517,89501.3096952843
32.0112840562446,0.201804367937964,1498.55005597597,244.990191282684,1555.4822024801,113.064411345322,302.864533681266,1.55838179638116,9.31342669423131,8.37747633267433,23.3426568917516,4.44485160721811,3002.45762364969,89181.4177050211
31.9811672536753,0.200740721540389,1503.97507036984,244.633245199081,1561.54009566038,113.592204889655,303.616754350172,1.56724752010944,9.48268197539604,7.73525074826787,23.7006255163871,4.39794697266279,3012.66793748298,88809.2215045599
31.9708239962505,0.199545427128513,1507.67027712082,243.876416263775,1565.79219517305,113.988181522827,303.909918275468,1.58388068083937,9.65279796576525,7.08564830746685,24.0380054800676,4.35196748999253,3019.24841070079,88258.4324483994
31.9772936011798,0.198198970780435,1510.56870752963,242.835518458789,1569.20877845882,114.322674161908,303.931853061344,1.60726993669081,9.82390050152039,6.4265397139828,24.3585344531407,4.30670523054701,3024.04212795877,87683.1124464748
31.9922219226337,0.196690085557135,1513.47456361102,241.616533197868,1572.62524728413,114.656171444733,303.85441996142,1.63695689760599,9.99285661528597,5.7592763545915,24.6706251765105,4.26216324012835,3028.64736650626,87156.1805673378
32.0064223277159,0.195018606004768,1516.79606201271,240.283978270242,1576.46431624894,115.019024116218,303.772087731352,1.67394740165231,10.1560331425405,5.08734575183646,24.9813560386772,4.21849716716462,3033.88628561581,86629.6262053134
32.0139479388318,0.193188596925902,1520.55180269154,238.855111656972,1580.74486400581,115.411841159518,303.698280710438,1.72108174961755,10.3104933537033,4.41594005751254,25.2937317710941,4.17599755919918,3039.81153903056,86027.6406670291
32.0135877250613,0.19119713930879,1524.62099007475,237.320652384869,1585.34602959823,115.824324656975,303.614993982217,1.78278793815787,10.4519568628846,3.7532276880771,25.6085433505014,4.135269588771,3046.19583460889,85427.4630737851
32.0078077260402,0.189030966748894,1528.91715644917,235.664338776742,1590.18846655475,116.248270525867,303.508218214538,1.86513040375424,10.5730610806017,3.11114020284923,25.9263044593018,4.09736967287611,3052.87432374589,84869.6210176996
32.0001808601697,0.186682831921292,1533.35636059661,233.873219630913,1595.19509534052,116.674538684198,303.363379592989,1.97606933374186,10.6616659164482,2.50617074115394,26.2466828351696,4.0640808896485,3059.6874081077,84526.4028604758
31.9928961246591,0.184176785512703,1537.73262222592,231.940992212764,1600.15470191551,117.082978589101,303.144194155957,2.12437184777553,10.698749829589,1.96073843854493,26.5663275441548,4.03833360501372,3066.24431479988,84638.0734005095
31.9846258732161,0.181578599417709,1541.52142523408,229.845128242703,1604.51664492935,117.428593895673,302.753184831122,2.31634377546735,10.6649586600193,1.49804995525423,26.8746341163061,4.02352308176883,3071.53617697609,84967.0617366083
31.9699371049164,0.178985960946127,1543.93789270794,227.537982958455,1607.45566611215,117.648110944656,302.042453691119,2.54873421567155,10.5492810740597,1.13365994485204,27.1540910153048,4.02224692662645,3074.04419067221,85349.1646729997
31.9418226340579,0.176485145212001,1544.42263737173,224.981909962165,1608.38345890822,117.699029246099,300.908619348095,2.80312583266974,10.3552647403217,0.867117091448407,27.3889577574435,4.03490027994207,3072.68658916838,85551.8455545163
31.89558524293,0.174097489985263,1543.09577609377,222.188066224969,1607.42479181287,117.594372065527,299.378065450974,3.05527572162198,10.1020679698821,0.679935874200112,27.5744296594286,4.05900524180326,3067.70263489863,85317.6724095336
31.8315793396111,0.171781065423024,1540.89489142843,219.242993736496,1605.55915243854,117.41023632728,297.635075141802,3.28858423954251,9.81149615011135,0.548062252732278,27.7218007954962,4.09077301021454,3060.92816851165,84914.5341058993
31.7546730161702,0.169476074820176,1539.1926728633,216.28570958699,1604.21837103223,117.254376992842,295.948738856149,3.49590348404992,9.49855797645534,0.452469388087067,27.8537303992202,4.12673224441342,3055.05443389381,84502.5114880607
31.67089165024,0.167146094295145,1538.88661697386,213.4133918742,1604.33563527891,117.196723117421,294.496306947458,3.676272852731,9.17182353183536,0.381076783811276,27.9914515712187,4.16442038690549,3051.84332419044,84225.5974315607
31.5844846150238,0.164793856826126,1539.99482679845,210.641354663791,1605.92381837515,117.23941393611,293.2878968229,3.82997898197173,8.83579915033588,0.3273109663453,28.1454965970706,4.20256861119011,3051.33954311729,84241.4363458772
31.497232829455,0.162447040755815,1541.84001947046,207.920436185837,1608.26798216045,117.331629221937,292.203796602625,3.95841487268643,8.49467323718729,0.287031968428341,28.3130830428052,4.24072280771814,3052.2320535475,84398.9783960758
31.4093858270405,0.160136947126226,1543.46362746475,205.172440750331,1610.358634732,117.401358704455,291.074469913836,4.06498744239082,8.15347635356288,0.257024595495817,28.4819531582481,4.27886427540666,3052.66090965111,84592.32663988
31.3209073937227,0.157879439504178,1544.13919847928,202.335404946113,1611.43067421302,117.394449319559,289.774982402597,4.1544974888161,7.81716045836774,0.234426755401275,28.6389370041469,4.31704436446636,3051.21699625403,84690.0980170089
31.2324636620886,0.155665743596179,1543.69990666285,199.39228168461,1611.30894246974,117.299322743412,288.280712498561,4.23310153854159,7.48994595964322,0.216516029861382,28.7771387928857,4.35506614482673,3047.57832340754,84545.2348675717
31.1461833082058,0.153469799207923,1542.58438806659,196.377842465296,1610.45943616199,117.150331619698,286.67353011207,4.30521828700616,7.17381061765373,0.201425108899078,28.8994764593593,4.39248614674827,3042.60273791086,84295.4039495659
31.0655512329146,0.151262083507914,1541.56201012735,193.357196195172,1609.70185681714,117.006892688108,285.091206393575,4.37199137885045,6.86861189064348,0.188238245250739,29.0162810722975,4.42872746369705,3037.79583368772,84029.2471570805
30.9938265551638,0.149028267923038,1541.21271063496,190.382273889452,1609.65884375028,116.91386311291,283.63536509181,4.43129102212286,6.57277782198204,0.177067720463567,29.1381179268853,4.46339036197396,3034.29766038291,84036.0959393454
30.9319576557961,0.146786503988026,1541.52844846544,187.465249436029,1610.33103667156,116.871459679773,282.306352570235,4.47533305201239,6.2843190114244,0.169644884749153,29.2682828747847,4.49652544182378,3032.11224753851,84743.9052001973
30.8765522626472,0.144588501020206,1541.68230937837,184.562460673623,1610.84902259921,116.818537785258,280.965670261548,4.4921503064142,6.00769560224232,0.16904518123558,29.3950169105432,4.52812473027929,3029.65977515798,85799.4824214736
30.8194070001523,0.142504938480824,1540.20328327239,181.584155321813,1609.65348466563,116.646697391867,279.370926875425,4.46931445668822,5.75849922779713,0.178816577690726,29.4919778133061,4.55744533396307,3024.11208925462,86930.1681483607
30.7509144306318,0.140590210875877,1535.92423132805,178.46651970072,1605.49399363449,116.271623001959,277.34515111223,4.40039300342391,5.55724582183689,0.201903243995028,29.532762213166,4.58305741345834,3013.22958854227,87985.5011500141
30.6647769506104,0.138871622688468,1528.7619386283,175.237377084372,1598.25724236528,115.690949547494,274.916905384552,4.28153170811864,5.4213703686906,0.243456123888109,29.5058343399252,4.60315540968324,2996.88300588249,88859.4957625315
30.5605186406439,0.137394560467194,1519.75564718841,172.051008841454,1589.01522374491,114.988434646346,272.357507321263,4.08972865567623,5.36814065006289,0.320249799625336,29.4214916968461,4.61478179632565,2977.17812744656,89655.4045176632
30.4425097964389,0.136261422604264,1510.52673857315,169.161670993631,1579.45771442366,114.294244340545,270.108120264593,3.78862981097948,5.41923296240359,0.467025213478789,29.3074526144005,4.61344901271188,2957.43632731088,90427.3838387359
30.3162310977355,0.135619159536815,1502.12489682511,166.784178408542,1570.6781155802,113.691861882373,268.534818735974,3.37314564339175,5.57918016303891,0.741624932743428,29.19273199891,4.59709349104298,2939.89251875068,91728.2204742702
30.1843931758438,0.135682875127629,1494.25640001311,165.045589278349,1562.35533661083,113.15054025506,267.739826939772,2.89553577277054,5.80540121774829,1.24003406376476,29.087431438092,4.57145282927518,2924.16392114043,94244.1480434419
30.0461071279412,0.136796428572244,1485.19079112806,164.116869400083,1552.63830603961,112.513967456902,267.488294606468,2.46035202859085,6.01358412624916,2.08671991308348,28.9658678965377,4.55025341400102,2907.11970203162,97175.8110399845
29.8996858879174,0.139438383411121,1472.47673283843,164.314635153121,1538.89410854821,111.564298081256,267.284639825576,2.15439859149196,6.12772335054267,3.36459402636131,28.7731617811982,4.54759187790921,2884.27619245786,100106.102721283
29.7466669001255,0.143997435829522,1455.27803264468,166.02359668654,1520.19444528979,110.220408296713,266.800237177001,1.98149067142438,6.13458885876817,5.0376661004003,28.4660073487558,4.5677089288896,2854.18171427394,102312.109339348
29.5936071369341,0.150229850801646,1435.94055114301,169.451026322345,1499.01169805007,108.667341070762,266.202273851757,1.89796925449809,6.08025531897272,6.94410591798652,28.0515001293262,4.60325833149459,2821.26050239637,103238.46739892
29.4500162054607,0.157282632018041,1418.42096998025,174.413706562751,1479.58768855973,107.228247393162,265.954141584525,1.86084011265179,6.01370323291904,8.86790215094877,27.5856549508322,4.64355042960052,2792.75990247409,103740.645225363
29.3240978798321,0.16444655919971,1404.80596731255,180.378359903657,1464.23485501354,106.084361178292,266.263004979968,1.8438240667517,5.95827216003215,10.6259520248221,27.1304677610649,4.68130203075496,2772.23093444631,104061.786238317
29.2197709958813,0.171343122944267,1394.66902475254,186.786587789782,1452.59434879588,105.216475038898,266.987972669372,1.83587428106603,5.92332291323743,12.1178633174009,26.7185603700816,4.71316877228952,2758.50831378305,103981.618305726
29.1377667015186,0.177754099880294,1387.01784200757,193.272412497434,1443.6560856223,104.552586659965,267.960915320062,1.83304577818014,5.91331942330939,13.3199108075361,26.3577706181699,4.73812758937051,2749.49179154483,103343.130490136
29.0792116433176,0.183519308144748,1381.65701104022,199.599060329859,1437.20373682487,104.076449263404,269.185072533932,1.8321274176181,5.92758814216253,14.2513363890037,26.0521046470938,4.75613992479781,2744.64853713027,102495.763099099
29.0463736984381,0.188503342339682,1379.02630857284,205.580706649032,1433.67141707662,103.819478686057,270.772621541157,1.82957408383961,5.96237554074162,14.943760257021,25.8087265766668,4.76736340276877,2744.65853326439,101558.228626605
29.0399130078742,0.192667361228693,1379.42297832768,211.114110970566,1433.34981778602,103.802823179766,272.79208819443,1.82301138871846,6.015461392196,15.4240710697516,25.6319894120442,4.77184779809683,2749.99115557279,100573.751413432
29.0568515162849,0.196095940926321,1382.71519177119,216.191291116485,1436.09506876774,104.015396179927,275.222891303427,1.81171554305381,6.08593520301045,15.7104090045143,25.5202777770041,4.76978735080976,2760.38862681686,99582.7500992596
29.0898738951767,0.198925837908794,1388.47570531033,220.849329909448,1441.47111769489,104.424287764747,277.987366874992,1.79615912544022,6.17311825778039,15.8108225894335,25.4676321816502,4.76160347908085,2775.08641398387,98623.1720531463
29.1293246394108,0.201270715373544,1396.1738896739,225.122813609576,1448.94328335878,104.989301949914,280.989782539602,1.77743914723299,6.27587925828841,15.7282161342521,25.4662197156231,4.7479045609841,2793.13371250491,97725.0911037883
29.1673973867713,0.203195089532077,1405.28994409229,229.029652447203,1457.98328373096,105.671058833595,284.137347597013,1.75689363938086,6.3927143400635,15.4705431363835,25.5079959150829,4.7293759599075,2813.58368612476,96869.7302763446
29.1994687418554,0.204730582832363,1415.37414206788,232.574249323631,1468.1264297912,106.435393087901,287.348639706108,1.73580882383458,6.52219361741797,15.0549535375179,25.5856471723042,4.70665455738809,2835.60118819194,96035.6814177038
29.2216863851441,0.205905487722008,1426.09075480546,235.758523319615,1479.02451385076,107.25710255588,290.559155429433,1.71511982313433,6.66260313601803,14.5053599846473,25.6929522946453,4.6803474123422,2858.5586437969,95284.9663896631
29.2294365991686,0.206748318169777,1437.19026351982,238.587202894412,1490.42149703243,108.117893608648,293.716898639149,1.6954836460373,6.81188714294813,13.8478368336617,25.8242313303142,4.65107217314974,2881.99260378955,94635.2082115338
29.2191423889368,0.207281241103169,1448.42811359988,241.061295823201,1502.06447852976,108.999687088429,296.771183690608,1.6776206666429,6.96863543416791,13.1067237993644,25.973678359194,4.61937062309916,2905.44438214113,94002.6652118852
29.1913164208616,0.2075252264293,1459.5885388501,243.181608409761,1513.72211156622,109.885971856475,299.679458176619,1.66226633048209,7.13254670854292,12.3032365329965,26.1362186690796,4.5856029784112,2928.50257103643,93304.1981188508
29.1539342465856,0.207513879319022,1470.46447469725,244.95422359794,1525.15697473885,110.759792333335,302.40297851244,1.650009865211,7.30247566203167,11.4576916655153,26.3094127113559,4.55011041974572,2950.76265606221,92647.7175099458
29.1211342056886,0.207291140821723,1480.42011177123,246.333169660669,1535.67338527362,111.570749468079,304.81722472276,1.64242770181944,7.47596000961702,10.5907930481146,26.4924441687407,4.51333205711073,2970.96241910206,92067.6820013105
29.1057749751156,0.206895470251607,1488.83028990244,247.27489545451,1544.59014567912,112.269426575687,306.797502963078,1.64135031425173,7.65234991678384,9.72006573507169,26.6833911042886,4.47551480807238,2987.86336869543,91398.5355099263
29.1135382800455,0.206341257873496,1495.68820725585,247.801948903221,1551.88621950328,112.854386872416,308.341523313634,1.64735440314913,7.83407539480905,8.85701137828744,26.8808507131504,4.43644157173353,3001.4556283777,90469.2426416626
29.1416778728413,0.205619582057789,1501.63692299167,248.000367469536,1558.23512329339,113.374067287874,309.582309094627,1.65943869929525,8.02186908564114,8.01120535432011,27.0885761206623,4.39583850915557,3013.02021681856,89511.2872009199
29.1821402806148,0.204713324579003,1507.53408208612,247.976920452331,1564.54331759284,113.89304039199,310.702556656586,1.67604438522225,8.21274019710167,7.1935130552824,27.3148922828061,4.35369188074947,3024.270150695,88619.4294014974
29.2267371552937,0.20362762008795,1513.88684111654,247.809329858312,1571.34974024299,114.44862329863,311.818754221145,1.69629760889812,8.40043980965996,6.41559857265115,27.5661839623072,4.31055117478594,3036.23621229625,88048.2279833726
29.2699391069518,0.202407472257474,1520.59127188672,247.529530562043,1578.54659402194,115.030504924485,312.932212330617,1.72040312636957,8.5734780802414,5.69150056637163,27.8412812378224,4.26813044664523,3048.75805892971,88094.5922831768
29.3075715743346,0.201112239749568,1526.82949652418,247.088314431632,1585.27516616187,115.574048014837,313.910151536871,1.75004582833582,8.7214012999449,5.03527149764617,28.1268731284568,4.22870831230707,3060.26874135911,88391.3809878202
29.3347938011173,0.19978645088795,1531.40026517282,246.362175285718,1590.27768220948,115.986532815596,314.550830968849,1.78740685462844,8.83888078355579,4.45821753875154,28.4002675243445,4.19440171748248,3068.42957957645,88739.7265071697
29.346805288414,0.198448705351354,1533.52502755831,245.251260754117,1592.74039741696,116.208156610447,314.736009594325,1.83283464832608,8.92203699439699,3.96852912896513,28.6414281388851,4.16696520360104,3071.71910798645,89181.2722996599
29.3403362210626,0.19711086928886,1533.20859468631,243.753987725209,1592.66503845322,116.238740191291,314.493856927609,1.88359345784513,8.96712787218841,3.57226584361001,28.8400815484964,4.14754887132129,3070.15810601635,89817.5061862721
29.3134942681558,0.195811170235324,1530.90978619681,241.96291135605,1590.51458556218,116.111960558362,313.93621644352,1.93400235814712,8.97278520834971,3.27827328998194,28.9933239342697,4.13653509174384,3064.67738575495,90535.8416296296
29.2648699502809,0.194627360083576,1527.19879534573,240.029230915584,1586.85222477154,115.869316790013,313.198418103888,1.97576628387839,8.94158472969026,3.10040054946522,29.1017260012743,4.13355411351476,3056.4472243084,91277.5017835476
29.1936306827362,0.193649860995645,1522.57734385152,238.107961854885,1582.16643102612,115.54723010824,312.405001367916,2.00003043636565,8.87705477730666,3.0522834498715,29.1681052757646,4.13796068557714,3046.51058680958,92235.5056208769
29.1010610563171,0.192957470819453,1517.22801002702,236.307827119377,1576.62586738885,115.158618705047,311.612945429752,2.00174878884537,8.78034172958472,3.14280977005959,29.1936033729089,4.14950993223101,3035.28467250544,93645.7229668459
28.9947886420043,0.192618658463668,1510.83305275308,234.684858733434,1569.90622946968,114.680399784119,310.753455505153,1.98370475938618,8.6545949025046,3.37109143459934,29.170105398317,4.16815643486775,3022.21707473925,95207.7991496408
28.8906036292121,0.19269534435446,1502.80533693318,233.272573433704,1561.43499917339,114.071621986755,309.666939712868,1.95517699941369,8.50756120938674,3.72413441404047,29.0809952573025,4.1936404510644,3006.24087508153,96771.8793280743
28.8056290321409,0.193222302462975,1492.89755916871,232.117955473366,1551.00346287537,113.317946146313,308.251949771355,1.92557314925962,8.34660361014782,4.18257960783808,28.9134051258671,4.22553119417702,2986.94288467162,98392.9555675977
28.7495659519681,0.194188844320019,1481.51031515564,231.284099715605,1539.05359762314,112.452518602535,306.557872413931,1.90027431324258,8.1757970806135,4.72531741298175,28.665581857163,4.26327076073744,2965.13115680548,100134.672824407
28.7204129748342,0.195521642437221,1469.31783900696,230.779740991659,1526.25961450377,111.525570322565,304.714853724143,1.88153096667565,7.99762042579467,5.32458675899354,28.3441494488647,4.30611697329507,2942.05257754495,101822.541349532
28.7073078732763,0.197099430175323,1456.36048383851,230.451697711921,1512.59095193307,110.535818106445,302.736610880548,1.87134618118196,7.81468532526888,5.94387901724585,27.9592735936743,4.35315978524159,2917.60195255467,103377.133994416
28.6989226897593,0.198777422802389,1442.01009347887,230.037995506685,1497.3324656792,109.432146855897,300.492113209802,1.87253321473647,7.63487588866637,6.54321630516141,27.5240574139839,4.40259254063397,2890.33875702824,104318.386189284
28.6877631160614,0.200407027903009,1426.35769282333,229.398728121282,1480.58449777606,108.223502602519,297.975398243833,1.88573110131396,7.47386113657851,7.08313368993448,27.0611519304224,4.45094129435904,2860.32191552196,104309.635530907
28.6666171042489,0.201897453916607,1410.94969490932,228.658631778175,1464.04343959375,107.034479894227,295.475314469837,1.90633170322988,7.34224037093255,7.53820417510886,26.6065755886358,4.49464448840217,2830.62838599182,103996.656645021
28.6268017055033,0.203218021888932,1397.85904636049,228.093095532483,1449.9862229854,106.030799365647,293.404267853157,1.92716747382167,7.24124195232696,7.90147019477674,26.1970324371813,4.53141045642163,2805.48039832429,103564.62326516
28.5628187529854,0.204381452547659,1388.29601958334,227.903692090485,1439.75092879149,105.30915813195,292.013852251889,1.94297923631063,7.16711763624715,8.17792471454949,25.8527059061221,4.56060997633229,2787.38789293356,103268.302274902
28.4766623991768,0.205432052708255,1382.19225247272,228.133351182427,1433.27461566915,104.863641169778,291.30070108909,1.95218058766621,7.11197181041613,8.37785587294545,25.5726085509678,4.58342304716504,2776.2672579227,103291.0655506
28.3807569651801,0.206416244618197,1378.54796805798,228.687319086647,1429.46903844875,104.613895284582,291.053890069917,1.95691939146249,7.07078966480092,8.50140787755719,25.339470702624,4.60154541999815,2770.11197667041,103329.626386873
28.2941664934401,0.207368105628287,1376.14759408759,229.414067666824,1427.00031312497,104.462253258332,290.997790271902,1.96087398954375,7.04320767423261,8.53615864889501,25.1311806124767,4.61627612296667,2766.43405724687,103319.3509672
28.2316242512944,0.208261298849126,1374.28094049953,230.184560474661,1425.08216406353,104.352140363629,290.956232368601,1.96718802507523,7.03576173916372,8.46572510871304,24.9349224145062,4.62741427166106,2763.73460789531,102558.005350369
28.1969782593865,0.208990413711097,1373.25026667593,230.938079003558,1424.02416955926,104.308585211169,290.971990497705,1.97659087028599,7.0633632936761,8.27633409281613,24.758516642599,4.63242320856731,2762.52367783347,100596.659618433
28.1838661529884,0.209431441443831,1374.62329827904,231.762851230444,1425.47981011005,104.454101967173,291.384953631116,1.98485036086968,7.13120488878565,7.97394290473651,24.6335216554685,4.62880335116246,2765.8564846534,98506.2215051635
28.1818802481053,0.209494300083926,1380.21367682647,232.829069195643,1431.3594272016,104.928286607585,292.612371209898,1.98619027535145,7.23123435448245,7.58322572119239,24.5960899572727,4.61566516945852,2777.32871444448,96576.5068103254
28.1827323381023,0.209173754125354,1390.65732686012,234.220149791232,1442.33594342713,105.779453929591,294.820580060464,1.97826972192467,7.35345419480925,7.13155043678618,24.6624759096223,4.59351490409077,2798.23307517447,94939.6108539059
28.1819216773738,0.208539697803391,1405.29039640214,235.898858925555,1457.71849133638,106.955600953551,297.888678108265,1.96273195795277,7.48754155080745,6.64318692262916,24.825483631372,4.56422059592198,2827.2979266179,93683.2738325318
28.1769700531161,0.207678758949464,1422.70504492502,237.736503361196,1476.04084578788,108.348128544731,301.521914460437,1.94378013067449,7.62587699367817,6.13617342562987,25.0631590659074,4.53009172804126,2861.76692807534,92613.9113851787
28.1658379461186,0.206655556252505,1441.38055901071,239.56848102351,1495.72381469414,109.840658843408,305.387926493362,1.92617419877467,7.76448245117186,5.62238559275952,25.3494869989485,4.49314412534869,2898.64024641567,91655.4572691235
28.1471190911809,0.205510045251268,1460.21833905316,241.271035483927,1515.62766484255,111.349018546345,309.240562921256,1.91342014462036,7.89906699601265,5.11130580680692,25.6636664846976,4.45513924010769,2935.74442633338,90933.152049708
28.1205167991914,0.204270746321193,1478.58765123337,242.781365043072,1535.09537138098,112.823988135108,312.937268371956,1.90753031510309,8.02278810602142,4.61238981152358,25.9915167457492,4.41782886400328,2971.83386339221,90591.0394106848
28.086989254498,0.202951529802727,1495.60766731387,243.98707364988,1553.20807618865,114.196882672329,316.28504616687,1.91119475629085,8.13000358891604,4.13152623993891,26.3193624800128,4.38277949127038,3005.15308290362,90414.5833140628
28.0485027468195,0.201544087416058,1509.40376889492,244.608121268316,1568.01452297347,115.322959005703,318.880833844291,1.93027798354419,8.21853315847098,3.6695644314437,26.6300784114444,4.35127943128948,3031.94525052441,90307.118868877
28.0072354398241,0.200026288388874,1518.65612723678,244.439270382449,1578.14082753852,116.099740506637,320.437037190377,1.97043352801689,8.2882021496185,3.22553718897885,26.9079343554032,4.32426417211666,3049.55648293523,90104.7713876703
27.9646734306877,0.198371298906798,1523.70129782956,243.514198003015,1583.93529781459,116.551504385272,321.013830579988,2.0342000419442,8.3398687457864,2.79944386853701,27.1459760227484,4.3020315245494,3058.63825678945,89643.7566682482
27.9207483360997,0.196561396236185,1526.13445112842,242.04811772593,1587.05176820159,116.798480840256,320.940537074812,2.12054365063781,8.37126668401094,2.39830402336195,27.3496950420861,4.28461399008203,3062.35341868228,89144.9759213434
27.8737704833055,0.194599333883233,1527.81436550183,240.301189875213,1589.41349241445,116.980775696357,320.608197006242,2.2250122798585,8.37694944649459,2.03669823141424,27.5324251422479,4.27204387946428,3064.39532987152,88706.2185966032
27.8216526944322,0.192509534603878,1529.8723861382,238.44126178482,1592.18567778175,117.183423438781,320.259030209018,2.34125122659648,8.35424606175848,1.72778029808661,27.7057306489721,4.26406376695794,3067.01650002356,88221.6874185468
27.7635019582245,0.190324406595834,1532.59294555974,236.522319902752,1595.65550870418,117.427849858642,319.959552043699,2.46278208155128,8.30614021408754,1.47493433861504,27.8757843098772,4.2599246072559,3070.79026948191,87548.1457813328
27.7008307203756,0.188066398136832,1535.94383173066,234.550627309892,1599.78622904643,117.71204221433,319.7119622566,2.58500716075967,8.23699304037907,1.27042867127498,28.047407927893,4.25874908641691,3075.66337222062,86843.0922881495
27.6372424868638,0.185740078872878,1539.91530273225,232.530527044336,1604.56895209035,118.035628493421,319.523836796414,2.70750712864947,8.14823046421591,1.10047636735771,28.2267746805275,4.25998721626408,3081.62791610568,86180.8071648606
27.5764367491625,0.183346691728795,1544.44140976694,230.461689865163,1609.93681927168,118.393278223169,319.389855912754,2.83322446774387,8.03783059283839,0.95350017283374,28.4187744670841,4.26364849585809,3088.56559708541,85672.87573092
27.5203702802385,0.180902318561961,1549.27442079006,228.32959661289,1615.63055972881,118.765251548843,319.266634496635,2.96358983499583,7.90175275623267,0.825105179071713,28.6238798334191,4.27027748352556,3096.00091308334,85451.4232105064
27.4684756039945,0.178433091550633,1553.92308831588,226.09153062189,1621.13285834686,119.11367799773,319.0585226799,3.09639747578226,7.73919977281816,0.715400496406614,28.835915738736,4.28033647301474,3102.9730177476,85358.3650708829
27.4181220581841,0.175960005093473,1557.7889910593,223.68352070174,1625.81156931949,119.393609776781,318.644719452798,3.22712948008511,7.55496121443636,0.624829379712776,29.0435917913309,4.29378448528443,3108.29922850028,85297.2219004438
27.3662099227464,0.173490618789267,1560.49776265935,221.060970333884,1629.2681944369,119.578063414146,317.949491291764,3.35048979298608,7.35607950909186,0.552375294981691,29.2365577810898,4.31019541825771,3111.23444516169,85320.8892752117
27.3103910520427,0.171022926902978,1562.00506928672,218.219632309642,1631.45154259637,119.665414242894,316.965757791717,3.46221940175217,7.14828459270816,0.495658607910233,29.4087465937284,4.32907434061671,3111.69016369846,85537.7760805707
27.2490006764245,0.168552229560739,1562.38377798224,215.175981001361,1632.43869448934,119.662663925995,315.710875949381,3.56147689512674,6.93565422280492,0.451128819219362,29.5559551780558,4.35005953869007,3109.81998194443,85843.5098866717
27.1805938733226,0.166074923701585,1561.64309769973,211.944573366905,1632.24713759697,119.571412963377,314.189180509427,3.65139406524472,6.72065828594924,0.414873837850964,29.6733489824915,4.37306901441534,3105.66159199663,86171.39520874
27.1042086933624,0.163585162533241,1559.83550602871,208.544469894172,1630.94258195198,119.396116054565,312.41311692413,3.73725884026946,6.50445580644357,0.383287174816676,29.7570682529904,4.3981650508962,3099.3396451741,86364.1232161206
27.0204078033012,0.161069879663529,1557.28614734619,205.019649329843,1628.87282872169,119.161707766497,310.448043769372,3.825415167744,6.28769679614044,0.353098857804265,29.8079688793069,4.42522594745488,3091.50785233674,86234.1533377164
26.9326839294232,0.158515933823707,1554.69117196364,201.451800158138,1626.76539196801,118.920901093127,308.435010303025,3.91973007132252,6.06862592205465,0.322520135446504,29.8353415022789,4.45399074230501,3083.54105524858,85986.9630369905
26.8472561169397,0.155918950113097,1552.83952372763,197.933322959753,1625.43615520465,118.732943370655,306.536943303344,4.01994703844353,5.843177435741,0.291520643837463,29.8546118259317,4.48417285151898,3076.9908390335,85739.6314656825
26.7703548543789,0.153286701598211,1552.13287257695,194.515260701757,1625.29238182647,118.627405301029,304.840479700074,4.12378106526274,5.60821455482175,0.261129509215161,29.8790361459838,4.51548442041216,3072.64447787463,85479.1181273599
26.7057826398182,0.15063632160713,1552.49688439229,191.198619257902,1626.24585432054,118.598056331651,303.337176936095,4.22765271386518,5.36366099710322,0.232890488548447,29.9150138124602,4.54759967318181,3070.35636072273,85153.246816365
26.6543846323657,0.147989730063751,1553.63943559023,187.963854940827,1627.98715373536,118.623229770066,301.976140142202,4.32518961010169,5.11308175232363,0.208807004791088,29.9639401797361,4.57995315777884,3069.56226562021,84807.9506331193
26.6149279139986,0.145368356358698,1555.29038111972,184.796675389277,1630.23725504472,118.684389098934,300.711787356453,4.4081454050142,4.86377450528114,0.190420814612142,30.0256921601736,4.61151653645858,3069.75193594896,84469.6871598344
26.5853130528196,0.142791304458272,1557.24567971215,181.691717467989,1632.78997488192,118.768726145115,299.512483964706,4.46967660667147,4.62394929688096,0.178285369247493,30.0995660310651,4.64114141831583,3070.55092306017,84412.4173517964
26.5632892130434,0.140283565171022,1559.20576525373,178.640816986181,1635.33848663406,118.856079591645,298.33245749208,4.50227267270437,4.40013130939885,0.173453583741586,30.181353887916,4.66809571445749,3071.40470613691,85053.5597731146
26.5464477684816,0.137883923355005,1560.39152171367,175.602966962642,1637.07235509009,118.890347688292,297.039054727045,4.49561576688014,4.20324871509122,0.17871010306495,30.2559121757375,4.69165277764568,3070.83355211718,86026.1429479888
26.5322503789953,0.135643684900648,1559.52478228515,172.504228292484,1636.65744575012,118.779136280743,295.412428361743,4.43856971904004,4.05384436574953,0.198187865102238,30.2963614202794,4.71041261908705,3066.39912973234,87058.1096856259
26.5187800491071,0.133605999472292,1555.65039914231,169.304254524414,1633.09556956402,118.45540787673,293.304728815097,4.32593781447662,3.97444545392876,0.236375132996548,30.277227639203,4.72262615010181,3056.30109011684,88126.0119909712
26.5049453872154,0.131802409072088,1548.76015160511,166.043114900092,1626.37766013489,117.92305530971,290.763515607032,4.15454614412095,3.98000490892973,0.301691496446192,30.1865259977788,4.72688165235436,3040.58714807577,89295.4268408692
26.4891443564793,0.130281847516538,1539.62136365219,162.833280913496,1617.30706145785,117.244712532043,288.035087838541,3.90596046055736,4.08110757305807,0.417480784287855,30.0284045800711,4.72155839749345,3020.84934272019,90501.5020070449
26.4681411764165,0.129136908033706,1529.33649433339,159.829155386945,1607.03941786213,116.509114342969,285.50843763557,3.55714739242431,4.28757240457281,0.631290723180095,29.8189095394514,4.70460469155632,2999.3908365823,91707.652320241
26.43812233529,0.128495317655546,1518.68793048568,157.155768400355,1596.3941984238,115.775578901746,283.538274283412,3.12815806568558,4.58741794594852,1.01839156611549,29.5761390023061,4.67704608334317,2977.90097193085,93167.4726596011
26.3957125575636,0.128521065718227,1507.6765030994,154.903017275244,1585.36252200039,115.031725217756,282.269313464478,2.6989788617577,4.92477013329091,1.67606728483213,29.308082899359,4.64671525978982,2956.51532777248,95180.8984224021
26.3367532776411,0.129423986356191,1495.71655885683,153.283485959221,1573.28516708644,114.209532403763,281.589302113668,2.3605165948459,5.22082563379478,2.67382979819811,29.0058761077723,4.62549039416445,2934.22789531634,97356.2745264316
26.2556611517963,0.131474996326723,1482.19562748496,152.719250410455,1559.42855854563,113.240176471083,281.215506853212,2.14373857919658,5.42530056664693,3.98500608502519,28.6532622867847,4.621265573859,2909.99914943941,99493.5930709487
26.1485049543296,0.134874039099534,1467.10416165369,153.630761758507,1543.69200462409,112.114477218637,280.903801396009,2.02274144076898,5.54022128907715,5.4892880607375,28.247063265368,4.63346404091163,2883.89098772104,101023.943271593
26.0184120910438,0.139379652936798,1451.67359835434,156.170051003503,1527.33672655573,110.932949029118,280.65968644143,1.96133808153426,5.60228149004591,7.02999596344262,27.8080499788615,4.65516908161426,2858.17771872285,101487.799538755
25.8796344391701,0.144444476938864,1438.11037193132,160.142305589897,1512.71728119058,109.876901054802,280.727870431102,1.93139683477189,5.64579033257711,8.47131541120398,27.3755569686219,4.6788514109741,2836.81210165788,101574.356145376
25.752571905806,0.149693005878036,1427.76464740345,165.114881490824,1501.31541710526,109.059680966532,281.254803263856,1.91545519978242,5.68722912766078,9.7253867819637,26.9867464157812,4.69979776393326,2822.01532338943,101494.062505139
25.6522466582123,0.154925645759766,1420.59482795116,170.663378317837,1493.13897161617,108.483066987284,282.188401660653,1.90529010651324,5.73449633313689,10.7539515488064,26.6590159254012,4.71582876439456,2813.41560290475,101112.251840025
25.5822391439017,0.1599786727035,1416.10914622848,176.495557018065,1487.71223359722,108.111450161501,283.440415836823,1.89757612749864,5.79269566555733,11.5535926944083,26.39398306754,4.72618350882434,2809.90897607378,100330.279312687
25.5353999523119,0.16469634551774,1414.13654237403,182.385154837598,1484.91196341374,107.934795633024,285.004660375552,1.89003100841773,5.86341680304758,12.1363027420806,26.1909447843084,4.73073552117396,2811.07312079929,99410.4859087726
25.4995806828686,0.168955426050947,1414.80081933575,188.125295917104,1484.93913725731,107.9674499706,286.929232291689,1.8804255350336,5.94574056307807,12.5175424280935,26.051365928642,4.72954014956797,2817.06971141069,98453.5883853698
25.4650081732426,0.172714346193948,1418.10637139662,193.583747248321,1487.84837923903,108.213339342408,289.229099578332,1.86736240858492,6.03878344656487,12.7135745208051,25.9747101250732,4.72273999652521,2827.86490816064,97549.826345499
25.4278064747114,0.176013701051441,1423.75970127048,198.729711021488,1493.34479264057,108.650547016304,291.855031699674,1.85069913029293,6.14130466081584,12.7434834136706,25.9557009837016,4.71080972037064,2842.89894826636,96770.8002639229
25.3899494384109,0.178929205888353,1431.20350593977,203.582002066633,1500.83614850064,109.235523905404,294.697650957018,1.83146572919847,6.25276781076665,12.6286981802706,25.9845283482467,4.69439030998368,2861.12641782254,96059.3205366919
25.356692943321,0.181539072022968,1439.78066154317,208.156345082014,1509.62378680743,109.917349789183,297.619840911946,1.81118272444798,6.37366433818001,12.3913162769904,26.0492539129392,4.67409814896396,2881.30503326666,95406.7851462575
25.3327505333429,0.183906407054906,1448.94187188175,212.464973643557,1519.12309072462,110.653241794819,300.509951198234,1.79106134568587,6.50231153920758,12.0539154825266,26.1391767063929,4.65079698315522,2902.39672976049,94989.4302293453
25.3220439035073,0.186084330990583,1458.21993369624,216.522998078966,1528.83086806873,111.405770144561,303.286888736818,1.77200193747442,6.63279902270904,11.6405364750287,26.2446579871503,4.62590991743666,2923.52410565555,94971.5103933004
25.3328120442508,0.188103965637056,1466.96830191358,220.30760797559,1538.04670060614,112.123386809646,305.842770500733,1.75550735361228,6.75947003225711,11.1744672158716,26.3533614147973,4.60100214405285,2943.43934871168,95109.4286364289
25.3792705667436,0.189978440707264,1474.23886278258,223.719747238752,1545.74831479204,112.731834899278,308.007469374741,1.74379953845236,6.87960375546385,10.6758999982983,26.4503664181978,4.57738306745557,2960.26193546033,95310.2900760072
25.4739709783774,0.191680297774779,1479.00801703945,226.597190447176,1550.8425971436,113.152339825581,309.579610553733,1.73960251841047,6.99597773076525,10.1576666881622,26.5237167466797,4.55540878797258,2971.92042366057,95144.371466825
25.6183672856283,0.193132754324287,1481.2549901774,228.852155200214,1553.30887898558,113.384964039836,310.537740317035,1.7437693754168,7.11946475240953,9.62099520641408,26.5726838741979,4.53363317917464,2978.30198099367,94231.3010927886
25.7982955865538,0.194264730659347,1482.5266674572,230.599117046938,1554.78738835228,113.549822890514,311.177760783985,1.75299647971098,7.25720460286327,9.06459852597871,26.6148778424691,4.51007123598778,2982.42451051828,93177.7520110887
25.9903034534775,0.195042997011263,1484.89521188918,232.079749023049,1557.47127108394,113.805691199149,311.918995987505,1.76225725534921,7.40749921779085,8.49257130196179,26.6779574458007,4.48340650393466,2988.40497786336,92193.8173988664
26.1745227790602,0.195496608145527,1489.31156009361,233.460491590124,1562.36680009785,114.224004973502,312.969031664648,1.76893316753444,7.56395662372706,7.91534054438055,26.7812361891826,4.4534716346213,2998.18189141178,91564.6136603362
26.3418016778785,0.195714194083339,1495.32645674613,234.780919530811,1568.99783468166,114.767584773726,314.2634932124,1.77353906386378,7.71513875445817,7.34942387442139,26.9260906190703,4.42184216558663,3010.94436675191,91568.0659810656
26.4923053726249,0.195787591009454,1501.4978109116,235.952074512022,1575.84204220029,115.323428619213,315.530842014092,1.77935309887541,7.85249625023174,6.80633925635411,27.0946054437812,4.39078779473363,3023.9000821685,91783.6049730931
26.6306569841216,0.195767307048758,1506.15734839452,236.8040255828,1581.14425386111,115.762537443977,316.436823422619,1.79078818753878,7.974307328208,6.28517665678353,27.2577029480829,4.36224258411564,3033.76342991691,92021.2350946266
26.7613118007915,0.195648341676732,1508.39720303113,237.205944235836,1583.95298250947,116.01524817524,316.790410843809,1.81097514257258,8.08148481525799,5.77801378095219,27.391600453323,4.3374488278305,3038.71602109189,92168.1020733148
26.8857693747064,0.195390075963509,1508.41215749436,237.137746898798,1584.47476260475,116.097001680654,316.625335983459,1.8407511691353,8.17588835981691,5.27844981236863,27.4879104514094,4.31663303054176,3039.1102180244,92138.3772166061
27.0015096954514,0.194953804220216,1507.17181908743,236.687745527636,1583.72207255909,116.082244769097,316.15360689853,1.8785901912076,8.2568968742614,4.79202235884239,27.5540013465078,4.29949725706361,3036.85108236817,92059.2772297943
27.1031042318235,0.194328522806802,1505.83749668865,235.99985319048,1582.89942593817,116.059348103694,315.651515097364,1.92114903228716,8.32066588113977,4.33723435433368,27.605716971387,4.28574608757052,3034.25420866795,91988.2051963338
27.185605930412,0.193536928198612,1505.09142177143,235.184189252261,1582.70591392295,116.079498069126,315.301628567022,1.9647941082496,8.36309570841804,3.93434608098281,27.6570269819167,4.27522901898158,3032.70287344132,91995.0848389405
27.2482829214535,0.192630140704823,1504.93241138036,234.284061977398,1583.12461006238,116.141193575673,315.136227560887,2.00652765563548,8.38108569619581,3.59831842509457,27.7141976606564,4.26807461121577,3032.23134369342,92149.607637232
27.298455341161,0.191680894388698,1504.94381688442,233.309195725015,1583.69896659245,116.210800827985,315.099306076016,2.04322935147181,8.37262252587489,3.34205781028859,27.7762059654458,4.26466785081925,3032.05690296905,92454.5345359427
27.3509337384548,0.190777548375651,1504.57482037791,232.264985169524,1583.82439729597,116.24425484874,315.114733041449,2.07054398924938,8.33613776935959,3.1803541222105,27.8378626241779,4.26557369034335,3031.13738867526,92986.3690897287
27.4199095106186,0.190003829047887,1503.28583988342,231.152953784381,1582.9072984977,116.19862505272,315.110215674937,2.08385334263124,8.26988512476794,3.12566896581814,27.891267685662,4.27152335056693,3028.44945395909,93869.9143555055
27.5082436066463,0.189428764793505,1500.53067358494,229.969999727898,1580.35492255662,116.030697744555,314.999392119911,2.08147563363956,8.1716340389962,3.18072294157887,27.9241183095596,4.2835345895682,3022.95339243336,95204.8130434556
27.5949065289301,0.18912894672778,1495.72094224895,228.743752659016,1575.54734568559,115.693777661054,314.65514320025,2.06788334581567,8.04049370421158,3.32796333795205,27.9171100536638,4.30279171553799,3013.54862958753,96833.0695870796
27.6326185735573,0.189204965783497,1488.33097409892,227.559595081737,1567.95068013213,115.145544833518,313.928081235138,2.05250735133807,7.87729342798168,3.52780702173156,27.8464343143482,4.33045707478832,2999.29335973041,98687.7854024773
27.5674912154295,0.189767987900938,1478.1441286074,226.540863303551,1557.36097861618,114.367176537852,312.731221557679,2.04325693673314,7.67967881631659,3.73872736337159,27.6911283120717,4.36798039170585,2979.86351182655,101081.225319381
27.366518160669,0.190936181586183,1465.08328575394,225.801842548285,1543.68650392411,113.349278803824,311.028493204303,2.04392095874501,7.44235514230557,3.93252696914606,27.4333486231821,4.41708627932797,2955.17365556746,104059.416324059
27.0479251895164,0.192815310408867,1448.29072080372,225.314218632166,1525.91953630096,112.018547766044,308.617588824642,2.05915561306906,7.16852799818926,4.08458669373884,27.0542532006686,4.47839704181881,2923.45910783144,106877.538606638
26.6852418105771,0.195417532933755,1426.60839374172,224.870480643632,1502.66809633916,110.277176090511,305.210572966435,2.09504441545562,6.87117034587872,4.16999942222049,26.5440157810568,4.55064446723088,2882.17432802628,109302.951329918
26.3600415858443,0.198507038463729,1400.49328352786,224.235514006108,1474.3229858859,108.160604993522,300.844776060364,2.15420969017416,6.57085751806253,4.1700039506726,25.9212336627417,4.62982827848775,2831.89463604344,110592.525799347
26.1155396649486,0.201652652700026,1372.67397650666,223.351278428797,1443.84678803059,105.892517740472,296.0417076433,2.23231876763269,6.29241186624361,4.08295614932794,25.2399586908784,4.70928489334496,2777.82142437554,110538.67632335
25.9456710184913,0.204554925823612,1347.13851083791,222.486529859076,1415.66611946149,103.799424393083,291.634482339891,2.31561058938026,6.04738494754643,3.94532338399083,24.5721201067025,4.78320729649881,2727.95111116129,110270.27571716
25.8184018640604,0.207134174713414,1326.92434412797,222.033497835397,1393.20749827402,102.130840618225,288.30076207232,2.38770934112517,5.83571073806693,3.81284775873678,23.9722655384424,4.84847381434418,2688.59087686052,110004.030603834
25.7049679982912,0.209429372734208,1312.65490407434,222.171846783243,1377.24388468026,100.941573449127,286.215210232423,2.43987416629353,5.6568865685929,3.71983071113064,23.457396983466,4.90422012160471,2661.19705352646,109778.697633321
25.5881638776544,0.211509229758219,1303.24053836879,222.83241784534,1366.62513921891,100.146748439091,285.176676657352,2.47286157041663,5.50933891537174,3.66565817290532,23.0170422032388,4.95131570264874,2643.66141722586,109585.485943652
25.4539460050643,0.213391857373571,1297.18528368584,223.818287947905,1359.70232998056,99.6267698864322,284.882637466785,2.49421720748555,5.38890489185206,3.61572356694295,22.6331584559392,4.99141606465876,2632.93151588331,109370.221695256
25.2879826423519,0.21504579169689,1293.32469281532,224.92931447598,1355.16111346167,99.2872147068132,285.090880011757,2.5137411025404,5.28813696141896,3.52303260538783,22.2918796059568,5.0263827206761,2626.5631905355,109164.106353782
25.0822136554764,0.216449651422053,1290.94622213135,226.036921931091,1352.19387892226,99.0694126214996,285.648578485386,2.53871649934758,5.1979006252266,3.36116805095995,21.9850351736263,5.05797026753305,2623.04965039394,109034.28119039
24.8389390802669,0.21759734063387,1289.57750255117,227.068141279087,1350.291767511,98.9347441477552,286.448744135523,2.57269394777543,5.11076908917902,3.13657383388212,21.7067306292648,5.08754898337831,2621.42195355284,108914.971990745
24.5717576372123,0.218476726756347,1288.844178112,227.95383639642,1349.09193122835,98.8541440915768,287.399539780015,2.61509203791871,5.02370508283917,2.88455130711818,21.4512807013787,5.11584536329527,2620.93735710878,108711.905094781
24.3006910494795,0.219082039350751,1288.54349376888,228.635717989559,1348.43039777375,98.8132591738299,288.444058102521,2.66059437127948,4.93809901355273,2.64987150655132,21.2144506760498,5.1428696129059,2621.20424849692,108430.934936001
24.0423357159896,0.219410087097381,1288.68837346177,229.105375848852,1348.35236955176,98.8144041870441,289.575430499335,2.70225435043263,4.85838473902971,2.4600730770384,20.994727615636,5.16805605751692,2622.26473993203,107986.544648565
23.8062038427098,0.219444275239764,1289.46622300841,229.406232250517,1349.04677421267,98.8715825945597,290.819561582473,2.73627270759097,4.78950295188272,2.31466259214787,20.7927809584782,5.19064810568248,2624.49114537872,107369.382574645
23.5977338927325,0.219192823568262,1291.19860689725,229.612421957515,1350.79241929507,99.0052620167384,292.205856209251,2.76506332788302,4.73286309750829,2.1886548134984,20.6096327098705,5.21033976216216,2628.46883197209,106748.429623071
23.4202424240248,0.21869931577336,1294.13822510399,229.787141528204,1353.77084408125,99.2277666683726,293.73088910874,2.79652047040039,4.68484813446462,2.05013071333723,20.4443813809872,5.22762734318574,2634.60820720466,106144.991342351
23.2739646659219,0.217981864464874,1298.2701311208,229.945716005572,1357.91318715117,99.5324703355049,295.351424836087,2.83985322518974,4.64023326012059,1.88085539942636,20.2945620124413,5.24335975041704,2642.8152798095,105293.187484066
23.154787996122,0.217025766293157,1303.52477451213,230.073146034769,1363.15641827833,99.913312680562,297.047932534736,2.9016874921358,4.59561047455347,1.6820393908403,20.1604800123622,5.25802766927492,2652.95235057262,103961.997651803
23.0527685629391,0.215811817845918,1310.18405688897,230.1832297389,1369.87135537384,100.396214773495,298.912695929865,2.98172129895754,4.54754321768297,1.47211195266121,20.0493238479378,5.27176988337582,2665.65571011513,102461.963462753
22.9559932369703,0.214325575847541,1318.77506288402,230.324577763326,1378.70826532841,101.028048544283,301.105607074756,3.0724532754999,4.49350877621098,1.27440757524114,19.9716224319067,5.28440827462741,2682.08415044968,100892.105145842
22.8582612711214,0.212586183758354,1329.60560909973,230.537840540788,1390.04738445219,101.836524696753,303.727371489874,3.16419029996271,4.43335508126235,1.10340965039988,19.9336653643319,5.2956541639562,2702.92870083323,99445.1852052184
22.7615373954297,0.210644556786023,1342.57253426196,230.829116559457,1403.7781363619,102.813637050951,306.771488799285,3.24902578466914,4.3670798431036,0.962908632243691,19.9343149515354,5.30559829140711,2728.00524374771,98318.2143190734
22.6740772174801,0.208542041287833,1357.10818275203,231.132469993571,1419.26221435596,103.91278509904,310.109535104656,3.32487954988895,4.29543996672747,0.848287453660397,19.9649085029263,5.31463131629761,2756.14142634843,97324.2775517404
22.6060081418237,0.206298630849656,1372.38437446744,231.325154950848,1435.57702216556,105.066323527292,313.541054676517,3.39573726438981,4.21918554294723,0.751722565209125,20.0128718029789,5.323353397136,2785.60728357574,96400.7801059775
22.5639968415444,0.203923053185012,1387.73308001112,231.30577205983,1451.98205110054,106.219701057741,316.899474786348,3.46684620516554,4.13810294553676,0.667197414679943,20.0679253745836,5.33236625486025,2815.00603032919,95454.3886016655
22.5480820569931,0.201422376373896,1402.84625442687,231.035521632381,1468.13941533033,107.347871879205,320.103444755705,3.54254016548582,4.05209831110323,0.590612485943229,20.1252892630524,5.3419489297677,2843.70017547692,94365.032687098
22.5504186762315,0.198809804729825,1417.81187909022,230.545410738161,1484.14940810584,108.45778635533,323.171337937373,3.62592428095755,3.95938340635312,0.519034376848783,20.1859950331973,5.35230462001561,2871.88709865913,93293.9512465152
22.5584057626089,0.196103019367468,1432.93784237401,229.905957314009,1500.35420411101,109.573817826299,326.181115263841,3.71884144464624,3.85540892034067,0.451039765807758,20.2539848406829,5.36387678961096,2900.22924794344,92327.4126152302
22.5613547249753,0.193327798454854,1448.41317758815,229.172035937683,1516.96737868551,110.710875957877,329.186158433551,3.82062946836348,3.73534590658766,0.387464986215891,20.3313059628313,5.37726143300323,2929.14845505098,91519.0338157526
22.5549716481256,0.190518056312786,1464.14921001378,228.357270765566,1533.89823621115,111.862153285855,332.17535430648,3.92666174996861,3.59695895254043,0.330713957127284,20.4158361234099,5.39291581876877,2958.49351377121,90907.1729843145
22.5434024394683,0.187706450028036,1479.78725183123,227.432540006424,1550.75825599534,113.000111057086,335.073198983552,4.02994832111545,3.44255807518573,0.282888653761612,20.5017317952131,5.4108510981399,2987.55163307755,90411.9657652337
22.5373915762858,0.184917098513188,1494.38745627235,226.27918493493,1566.53966623862,114.053089750765,337.671080324146,4.12475183543963,3.27851635598719,0.244650980377956,20.5814408439054,5.4305866083611,3014.42663360132,89994.1259761984
22.5478262836527,0.182168221853959,1506.3380314932,224.685099664175,1579.52978243255,114.898582447971,339.609662324903,4.20910919359565,3.11241502692992,0.215313843495259,20.6479041200041,5.45142287079546,3035.87373808045,89728.4952946774
22.5803097241489,0.179474485921304,1514.72812493571,222.552143088369,1588.75955265868,115.468041171939,340.688502263748,4.28274582755399,2.95013607174688,0.193384427454298,20.6957349028991,5.4727878516398,3050.07670779532,89708.8335664752
22.6332191992434,0.176841872598093,1519.6739481187,219.933804164371,1594.3511122517,115.771755406909,340.939060147054,4.34688420672655,2.7953634537196,0.176944414796637,20.7202457587146,5.49438477662474,3057.30160951583,89799.6372432158
22.6992971209544,0.174269542060762,1521.7920901059,216.94781931083,1596.96384879922,115.858532148764,340.507804131361,4.40392449428532,2.64999733589947,0.164252892554868,20.716976248561,5.51617788648865,3058.82818114214,89932.5962663472
22.77002477933,0.171746021871104,1521.85385311653,213.717872626132,1597.42348521011,115.788871339487,339.577002968311,4.45717084565832,2.51504301527488,0.153799918508656,20.6836875898764,5.5381598104204,3056.23928608694,89844.9868129563
22.83918954429,0.169247597712794,1520.77761844897,210.364658386153,1596.70597536014,115.633841295185,338.359201637523,4.51034528066197,2.39148664468285,0.144399392551802,20.6236032959737,5.56004924778169,3051.38956987907,89259.3934743151
22.9040182103707,0.166752028183923,1519.80236532953,207.030842352425,1596.11426716275,115.488194739753,337.141102305295,4.56129149499306,2.27983497868822,0.136160193832025,20.5483009726452,5.58117704730334,3046.75252145353,88537.456025005
22.9643070383867,0.164240213540336,1520.0934787498,203.840902239129,1596.8658353714,115.440744941528,336.194150178933,4.60325851619677,2.18131928545385,0.129740131394162,20.4741259583438,5.60049078069247,3044.64085797981,87843.7329746691
23.0209505387088,0.161703936105731,1522.10659595143,200.835542251696,1599.42996174302,115.52614273891,335.625450449419,4.63245008478543,2.09832194749015,0.125326505750958,20.4135307776061,5.61696917618019,3045.94722399954,87246.3830603889
23.074905508903,0.159149133561193,1525.54932835122,197.976674797193,1603.491604198,115.722113073217,335.369803198696,4.6486395709917,2.03294035169744,0.122848626499048,20.3708865078095,5.63005656393191,3050.07925728261,86794.2468607623
23.1265491925432,0.156586797489407,1529.71323919295,195.184965529973,1608.30264211475,115.975017759705,335.265656797073,4.65277107726403,1.98694214856781,0.122368031093812,20.3438693498708,5.63959521526692,3055.62340631099,86413.6989812694
23.1755293000725,0.154024548386221,1533.86286068881,192.379783117958,1613.09073366515,116.229649520234,335.143866647298,4.64579309357302,1.96234933687728,0.123972743053426,20.3272630199229,5.64553791188563,3061.11698317804,86063.8961145513
23.2212695664442,0.151471078591077,1537.52525815661,189.513304871726,1617.36083445563,116.451015866221,334.897392017257,4.62759466281806,1.96027727363507,0.127864800403596,20.3164940015315,5.64792250995685,3065.62539094223,85997.3411281891
23.2642198024715,0.148950074773154,1540.41348204285,186.570360032937,1620.81171180979,116.618448736174,334.469289547502,4.59320089810806,1.98109487343143,0.135458447874519,20.3073327707515,5.64686330960475,3068.5964788194,86587.330126499
23.3080706467497,0.146498480400844,1541.96195375342,183.525811525258,1622.84773297507,116.691138688975,333.746927261081,4.53184246517167,2.03048823297178,0.150203519273847,20.2912252815392,5.64195081878045,3068.94349217553,87464.5104718734
23.3607265284299,0.144163898051207,1541.22253375934,180.332273032775,1622.46951609428,116.60110313004,332.543273133037,4.43132102306958,2.12350368104643,0.176974766904126,20.2543593196101,5.6317466617966,3064.84134048046,88391.1522352541
23.4312624600033,0.141995644294066,1537.5638292755,176.979027514534,1619.00772341004,116.305085837784,330.757730136021,4.284135651797,2.27677141628181,0.221507523624514,20.1848810876088,5.61450990133784,3055.10301544195,89501.9116383203
23.5247382470601,0.140080889497402,1531.0513044935,173.522815377863,1612.52380585837,115.811798063764,328.464918278725,4.08051122554372,2.50077653415038,0.295267017590909,20.0777183723309,5.58905155409347,3039.92844732737,91046.7288608511
23.6358442807346,0.138596015683332,1522.08779381352,170.066656429892,1603.43489409437,115.155999085196,325.87179095156,3.79368582762493,2.8069832209929,0.428313236031818,19.9325754987589,5.55390624736305,3020.23020883328,92767.4843529297
23.7464085227059,0.199178579997483,1511.03956994828,166.735410943185,1592.09421705155,114.335506931991,323.539708991189,0.0403906118946839,2.86003707877299,0.900541224535091,19.8873526986396,5.54794935974162,2997.03167220445,94525.4750394529
23.8388954431663,0.51098696813829,1498.08636343291,163.87208703441,1578.27012792706,113.162787276496,324.726513411953,2.14817073204342e-13,0.705451399621616,3.11347899796845,20.7114203150411,5.7998371906829,2972.30453683814,105671.989076099
23.8803877075292,4.74423390859281,1489.99570907833,161.885882110003,1569.06017854663,112.406914316031,326.456563768112,3.63871348787378e-14,0.00604928716447813,5.37140182947593,20.2713083410615,5.92985614403355,2956.76424917821,107909.232983809
23.8899168022129,13.3002265597103,1483.31479062889,160.643651941345,1561.3690099122,111.791831343891,324.919561735172,2.11444772015781e-15,1.00181650731069e-05,7.49368330885062,19.3803340491447,5.98400287997562,2942.37961469461,110200.262240847
23.917714557148,22.274329504977,1475.77537009144,160.491117980121,1552.88027696232,111.109698714932,322.109509292068,2.50231223680969e-17,5.04304375770806e-06,9.64104435614114,18.5853948089974,6.02807721742351,2926.6190752041,112405.07259262
24.0052417628144,31.2702768769769,1466.81333876113,161.774113915555,1542.79448312544,110.297002665516,318.905300344295,7.25747635104751e-20,4.28301562132681e-06,11.8549129794465,17.7949433916706,6.07074061304429,2909.06583263679,114039.235761675
24.1610781597966,39.8744757278307,1456.52249050899,164.440085526577,1531.11812074648,109.35268926572,315.847353075666,-1.02264916437798e-18,3.27100533565841e-06,14.0882072341257,16.9958444188007,6.11415310366429,2890.08071708092,114742.854866101
24.362427591347,47.8086136245627,1446.70723745687,168.22480699715,1519.73976166629,108.418487130149,313.341063621172,-1.53536031438651e-16,2.19276336986031e-06,16.2204557700796,16.22214042756,6.15667716618641,2872.90062108582,115070.456175106
24.5761412857897,54.91646020036,1438.60517398981,172.752022817709,1509.97407461328,107.598188106849,311.443914171461,-4.16850960812672e-16,1.19599808345518e-06,18.1234460595693,15.5092310621051,6.19616694384415,2859.49065067973,115177.930098073
24.7799046423816,61.1804896971236,1432.63519437207,177.756396908238,1502.28032210033,106.930826183906,310.034689187011,-5.02040523523152e-16,4.54281022475584e-07,19.7299202130835,14.8724282919682,6.23160080189561,2850.34461791418,114935.751326966
24.9669078189717,66.6948896100424,1428.93513339497,183.093937497301,1496.8409430742,106.430868724669,309.017546243887,-4.48150867105199e-16,9.2151543006469e-08,21.0386562059775,14.3110426771485,6.26296590562202,2845.57864231475,114276.259612237
25.1405628673131,71.5915607262678,1427.75527345885,188.617443735074,1493.99109205055,106.121335649465,308.409282635947,-3.62518174024138e-16,1.10152282670091e-08,22.0824430452655,13.8189773151511,6.29063757707969,2845.6042026855,113470.68893828
25.3075572931848,75.9923562448736,1429.28135754555,194.153956849692,1494.00787752032,106.020603952893,308.267335316332,-2.95254210663647e-16,1.29411718079285e-09,22.9027088486072,13.3886809527767,6.31508881296486,2850.73269941854,112619.806083212
25.4725261057373,80.0038377809099,1433.30688676267,199.580911365139,1496.71978456452,106.11510729346,308.590053678797,-2.51076004382555e-16,1.9772105254337e-10,23.5387959063286,13.0107926712239,6.33686327525079,2860.54874273868,111654.538468467
25.6360117118177,83.7205844976833,1439.38008043103,204.83755715079,1501.65852515526,106.370553149961,309.327797652604,-2.20762145204166e-16,3.7588852692144e-11,24.0241466966589,12.6756428297944,6.35649019551825,2874.18320590986,110531.918860007
25.7945515506147,87.2222570444035,1447.1459108118,209.878895770199,1508.44795385521,106.759814822249,310.441127892757,-1.96676065566232e-16,8.17318566083814e-12,24.3861790503666,12.3753753087963,6.37438253654941,2890.94738395363,109439.254345074
25.9433852512987,90.5713156754377,1456.34093296845,214.653247489837,1516.81344794261,107.263321888369,311.892818438624,-1.75464960960288e-16,1.98135905827313e-12,24.6489681999423,12.1035447541624,6.39086720076077,2910.31632105595,108437.427514831
26.0800307109117,93.8145725247661,1466.57994312732,219.116027056313,1526.35054135415,107.852248854845,313.603167419765,-1.5631696227164e-16,5.38615383582421e-13,24.835242359577,11.8535939185739,6.40627074153176,2931.52767045581,107532.924335031
26.2043157961133,96.983401890035,1477.32253358308,223.229102292453,1536.4853821257,108.485660882666,315.449850280198,-1.3920982048625e-16,1.64154275065121e-13,24.9654182252774,11.6190007027692,6.4209151456769,2953.51766778316,106723.771086181
26.3155020445317,100.089948300279,1487.38699703284,226.859845834234,1545.97159100148,109.075092151839,317.171036453759,-1.24123435204785e-16,4.78612117801792e-14,25.0560478642824,11.3942592762611,6.43506577767177,2973.93528379967,106013.004654163
26.4061055938163,75.7825384386723,1493.76540712096,229.025512933612,1552.32579385274,109.528555907016,338.032244108537,0.503035566428546,0.410221334676867,25.179797986821,11.4825086895234,6.42266407657854,2999.01139487265,96174.0332431946
26.4969135833882,35.3491423676997,1492.08348151752,230.219959196115,1550.83366724293,109.505655943991,368.288279616849,0.579755073397485,1.26742353579679,25.0750859761629,11.7798228240612,6.3608220204449,3015.41335302389,95618.3372199165
26.5872205618073,7.32725487790777,1484.97215923483,230.815263692222,1543.62683253424,109.021207142476,387.770005008415,0.653332695480661,1.82404468223789,24.9697560966108,12.0185058474742,6.31978081507227,3015.24003624458,95090.3599726962
26.6663873102528,0.831620717006572,1478.64515537835,231.282716785663,1537.21816411652,108.601069525642,390.033699291285,1.08923675817714,2.58727703098086,24.2326679058206,12.0161171785046,6.22059221731859,3006.00949849321,94622.974296883
26.7270121361877,0.305806340027356,1476.08130798513,231.800925781317,1534.7898172444,108.471873618272,388.912025788042,1.34408138853908,3.30322764329856,23.2757685752393,12.0601656276907,6.11243762839441,3001.47452586558,94222.9506336327
26.7675088630696,0.235688122116245,1477.03867106092,232.329036961737,1536.19167753097,108.618851229755,389.045647350533,1.43983466621539,3.90476571387225,22.2465203582933,12.2263454717614,6.01099352094929,3004.05765128319,93814.2565805952
26.789835416156,0.220441803185634,1480.00467881781,232.758260626301,1539.8557636417,108.932873318867,390.371210891241,1.46422790138278,4.41073168040647,21.1615366248745,12.4987707890424,5.91550509339246,3010.98673279744,93322.3799814107
26.7971124738856,0.212272761745955,1483.67361023816,233.016423135347,1544.3940552314,109.312919233767,392.414631209896,1.47622646981769,4.81908205080973,20.0679250197048,12.8519982697236,5.82829548389752,3019.59621476439,92843.6657853666
26.7923333034092,0.207036927418311,1487.39270596247,233.092102917023,1549.09956855728,109.706078920641,394.744413181902,1.48271918145424,5.14270758362073,19.0062697754189,13.2539168168016,5.74993178159413,3028.4413358409,92411.7599088147
26.7779126981461,0.20330330956684,1490.93200070354,233.002952184261,1553.71312798382,110.092023428588,397.066650107068,1.48639037978802,5.39910303246628,18.0006616538258,13.6799744192678,5.67972589754239,3036.93356776925,92040.4704793197
26.7562091831769,0.200510857342795,1494.20789284354,232.766565367417,1558.13159971904,110.462515974774,399.215249205414,1.48843751676963,5.6051359968746,17.0606882937655,14.1142354218853,5.61641081588093,3044.82297090373,91739.5893741848
26.7312144783631,0.198402888416227,1497.15887474867,232.386238197537,1562.26954347962,110.811343476252,401.118242330759,1.48937096586076,5.77488420678779,16.1917910703602,14.5465319301474,5.55869865733964,3051.93978365557,91481.6721338396
26.7089919255236,0.196742097605563,1499.73745253965,231.853903459828,1566.04805872028,111.133221237366,402.759954753575,1.48963238060697,5.91911453351875,15.401782127957,14.9703876876233,5.50553482645507,3058.15678151108,91253.5318248056
26.6953087800614,0.195308341349612,1501.94060607305,231.167105339746,1569.43605956158,111.426412856217,404.147295205785,1.4897072664316,6.04534824134072,14.6974510726508,15.3823776390969,5.45611609221859,3063.44433974562,91063.7669923793
26.6936482888245,0.193993989291355,1503.80469925736,230.34881051595,1572.45251094814,111.692628801669,405.293089081243,1.48982203732001,6.15846749718813,14.082241546981,15.7815371839377,5.40983154380833,3067.87339054423,90924.2304108785
26.7055380604892,0.19279268573578,1505.37035069211,229.471701669819,1575.12660011419,111.934018405681,406.222090214595,1.48987746703974,6.26111563634144,13.5628925480646,16.1689221228794,5.3662717015708,3071.57212518222,90815.1349230003
26.7317313309953,0.191747001306099,1506.66898512313,228.655395121693,1577.47825843855,112.151822074441,406.978970015572,1.48959065287472,6.35385666911134,13.1536951777892,16.5474380767713,5.32524445441435,3074.69977040061,90727.1255559169
26.7726727511401,0.190929776737546,1507.72805736313,228.022757493669,1579.52361173863,112.346636318573,407.621275449456,1.48842546282473,6.43338884113591,12.8711605390567,16.920757096611,5.28705740521022,3077.4187086036,90940.9782829241
26.8298464577894,0.190415260019953,1508.40880987548,227.656152662817,1581.10810171829,112.506072889437,408.159553866634,1.48609070658088,6.49123090073528,12.7273662322379,17.2898454318475,5.25284898275197,3079.5418594269,91788.4047981992
26.9093782979333,0.190248202642789,1508.03991315166,227.54903824215,1581.53372802082,112.578254677473,408.421321339946,1.48402581557507,6.5234060924215,12.7143861430356,17.646143425405,5.22355415158823,3079.7786135117,92856.0466654704
27.0229875135463,0.190454490846094,1505.58356619494,227.615178345849,1579.73883268776,112.484822173321,408.08491286993,1.48507694783121,6.53533549935762,12.7967440470476,17.9713117522064,5.19923206316281,3076.06110021817,93944.8384057018
27.1822580809075,0.191040759422156,1500.46616283408,227.784738545589,1575.1536047229,112.182490345746,406.947107893764,1.49121494412916,6.53333037979826,12.9308303279715,18.2481584369206,5.17975290732151,3067.22984128491,95116.1387289518
27.3915641403367,0.191998673759236,1493.06167805891,228.084888887932,1568.18619020712,111.699054082826,405.092090439642,1.50213054886878,6.5193062585992,13.0873103685397,18.4685214212303,5.1651819007252,3054.03069035969,96464.913456915
27.6427301269077,0.193316888274761,1484.36589927434,228.623481324647,1559.86703210675,111.10975055245,402.810678065348,1.51580697178456,6.49288130866113,13.2588409004811,18.6319510905893,5.15555630236757,3038.46660979807,97848.4196378918
27.9160922990105,0.194987891209036,1475.04104120434,229.465323221247,1550.84959857073,110.465996346573,400.330518950785,1.53061166505522,6.45417168642185,13.4538155996177,18.7413336701338,5.15070422528117,3021.85768094099,99200.8537965361
28.1899032990282,0.196960875968468,1465.11861213388,230.560010689204,1541.12743616071,109.773016489886,397.702471372025,1.54666903566669,6.40946744765474,13.6761822297821,18.8015429896822,5.14949073560319,3004.21951002085,99952.4054123587
28.4473267772066,0.199097676994745,1454.65567899321,231.775427149238,1530.75311758196,109.038941995641,394.944419507797,1.56465890033532,6.37446317502393,13.9065054504233,18.8245651018734,5.14905373935122,2985.56170120356,99637.6502686278
28.676999454304,0.201228606982313,1444.59717268658,233.036977288368,1520.7446679657,108.337131708907,392.288009785386,1.58291089046752,6.35890078901264,14.1120944682705,18.8357268416546,5.14662270265018,2967.66361361849,99024.8331151463
28.8717440335951,0.203201390140111,1436.59090378277,234.396478183151,1512.87098005439,107.79148615025,390.151213952101,1.59764836760198,6.36124054602094,14.2642918043716,18.8660955316508,5.14068088314684,2953.76338115881,98345.9513744859
29.0291544340555,0.204940117284834,1431.75184716264,235.93231777207,1508.33222052946,107.484963246116,388.818140323261,1.6059327337717,6.3761156958012,14.347785036758,18.9367044144878,5.13078599995186,2946.08736616185,97849.48523191
29.1517258789821,0.206460418050647,1430.09235762521,237.672901887981,1507.15092198026,107.417270251431,388.293161031925,1.60724290284781,6.3957353566633,14.3633823147534,19.0518700624484,5.11775975824343,2944.68872127225,97735.4765881259
29.2457499761763,0.207805727266454,1430.66439335263,239.54731356826,1508.32795289049,107.516771063044,388.317797112763,1.60375806932009,6.41655977622117,14.3134989310349,19.2008532416015,5.10264667838219,2947.67915129487,97673.5484663832
29.3191016256735,0.209007722214963,1432.17226403999,241.407125400146,1510.49646404156,107.686962186817,388.523341467344,1.59879938974668,6.44110440498018,14.1932036430165,19.3658318754541,5.08601841059869,2952.43021008249,97566.6307475986
29.377816337729,0.210058576205763,1433.74858295067,243.116957819913,1512.74410539898,107.864238206075,388.650064262055,1.59481321103656,6.47452084547251,13.9944353700018,19.5331051695668,5.06786109552643,2957.15093078359,97212.5892042486
29.4242756414811,0.210909308963102,1435.27909361606,244.604970942122,1514.95719486441,108.041918361065,388.643847189843,1.59248323021563,6.52371657388157,13.71047633785,19.6992014070678,5.04737589617906,2961.56039727827,96456.4097080554
29.4575629455132,0.211502637275194,1437.35258572885,245.881689934351,1517.76341617958,108.265207300429,388.652672786729,1.59050352958247,6.59146576360438,13.3425253322275,19.8713185895243,5.0237807346993,2966.80573374231,95636.5414111416
29.4754460580938,0.211794586652977,1440.77958248808,247.008255038602,1522.02004299684,108.594546403358,388.896467807129,1.5868664521424,6.67495805525546,12.9002908702163,20.0611251573653,4.99684154083495,2974.50296101694,94874.3968870997
29.4769184705848,0.21178613998477,1445.96419832293,248.039441129882,1528.15019079851,109.0589548441,389.493569992707,1.5804561245119,6.7686301538667,12.3983673231087,20.2760436176858,4.96694678684661,2985.47626766706,94345.7080019311
29.4643364599442,0.211531053411952,1452.68337445286,248.998204571563,1535.9070714995,109.639684667896,390.398993558504,1.57160855321364,6.86459036284911,11.8538377235017,20.514982490321,4.93528487704434,2999.30826309998,94202.2858729058
29.4461671685544,0.211104017368838,1460.12908680144,249.849196302996,1544.41518550073,110.274121964647,391.402925232178,1.56226227372084,6.95768263513874,11.2793014213523,20.7673127008187,4.90318432900123,3014.39172189082,94205.2082579186
29.4363266456698,0.210569302828628,1467.2469403767,250.508785169357,1552.5308536193,110.881721095118,392.21648992582,1.55509919439201,7.04749307765873,10.6799022888627,21.0167922485782,4.87161363462085,3028.59220186884,94257.3769731132
29.4475035468619,0.209954999924272,1473.27355620933,250.899225056324,1559.4242333343,111.404680046382,392.62396547614,1.55227515112037,7.13667679744211,10.056480340381,21.2497395727327,4.84097155385427,3040.34639795162,94147.0540549299
29.4843290071227,0.209247239042344,1478.05249763634,250.987475130013,1564.92797807764,111.832121620103,392.575774039937,1.55468738547711,7.23056542316696,9.40827550289951,21.4612375112649,4.81080311232687,3049.32126945747,93682.5142411762
29.539485526278,0.208412688766263,1482.09451324379,250.813498313349,1569.60459083541,112.204027879953,392.216564814791,1.56152909127243,7.33118937128382,8.73839181071443,21.6579455421819,4.78048379592557,3056.56175388433,93145.5230615978
29.5971134789173,0.207421650187501,1486.05079767915,250.441892319607,1574.17736923401,112.570639240193,391.743390109036,1.57152635088089,7.4354266918533,8.05501586302507,21.8531304221454,4.74974982557125,3063.42275220393,92641.6209047863
29.6425292269883,0.206258297501389,1490.1559363241,249.89469620251,1578.92311914486,112.950292430369,391.239658214689,1.58461497057463,7.54143810190956,7.36589363078116,22.0569769002966,4.71832390935552,3070.41375758971,91991.0590253582
29.6687913715951,0.204911702212678,1494.42507626548,249.168890291716,1583.8758701963,113.344704326675,390.716478048385,1.60167120422543,7.65159272550108,6.67514780810654,22.2743238609806,4.68562117071528,3077.58283270638,91004.3450559484
29.6773384632444,0.203365922406497,1499.08424202765,248.281133697452,1589.28889169468,113.771458551405,390.230193644521,1.62324221583795,7.76710258155006,5.98731688021835,22.5099542369486,4.65119925139094,3085.39082448927,89960.3499393449
29.6745110333659,0.201599783686488,1504.53419656266,247.265138721643,1595.60010711409,114.261041346651,389.878111589063,1.6496144438751,7.88530543718629,5.30984350301302,22.7704695753147,4.61503873990836,3094.64574305576,88972.5121586413
29.6669926471147,0.199605221348754,1510.92672156073,246.132706146533,1602.97766417748,114.824386582117,389.691048338793,1.6819678064681,8.00165431482779,4.6510084808744,23.0599514025761,4.57752693493849,3105.6507732219,88135.423829223
29.6590816731403,0.197397779505443,1517.99998958556,244.864123318521,1611.14057942298,115.439961154837,389.595964474141,1.72292331279274,8.10947942844226,4.01899550180434,23.376845307225,4.53968589222043,3117.87724269866,87538.7816394603
29.6521325060835,0.195003042580671,1525.17052652847,243.410312764383,1619.45944710793,116.061143517398,389.44014609784,1.776900179765,8.20183930320402,3.41895370413005,23.7133199460241,4.50295634055564,3130.14751621783,87056.5053279499
29.6453365353321,0.192440690732233,1531.78938315119,241.711694367895,1627.23427344262,116.636037255417,389.056412063024,1.85029017433044,8.27197310781522,2.85266032826759,24.0575900169131,4.4690020609044,3141.14968612067,86624.1049496871
29.6371193579729,0.189720378156866,1537.4589521942,239.734894091768,1634.03468618466,117.131366558903,388.344699807362,1.95114964307143,8.31118888161243,2.32329617794288,24.3986752171186,4.43973232723901,3150.08106555205,86198.7038704367
29.6264747498961,0.186849666083991,1542.14191647195,237.488370516743,1639.81672827806,117.540604263082,387.298775238611,2.08856124532336,8.30812408684263,1.83921709747592,24.7295099060971,4.41722385477639,3156.87064454274,85741.9405746221
29.6140254310256,0.183850241503133,1546.0730996158,235.015169026562,1644.82811839163,117.877396458865,385.983912509427,2.27023457266577,8.24892414886948,1.41439731815699,25.0476719259636,4.403645242855,3162.00248149489,85298.9809634701
29.6021289293543,0.180770176445564,1549.57690991767,232.372160030166,1649.41226240493,118.162622515524,384.490952357715,2.49690985903158,8.12075092280823,1.06359547549802,25.3541808675463,4.40081349701096,3166.14663040687,84895.1028164645
29.5935954591309,0.177679648633198,1552.88571930883,229.608192684723,1653.81256713787,118.412175117572,382.890447058873,2.75572689897892,7.91826386622867,0.794061710164582,25.651237746758,4.4093849364548,3169.79093819516,84610.2876595797
29.5901326431693,0.174646685729332,1556.03802157589,226.752014147773,1658.06195236466,118.630254187194,381.206770335386,3.02050659140396,7.64800664259563,0.600621023213543,25.9399470695045,4.42835127722258,3173.03404886259,84550.8243601383
29.5911863798975,0.171711012134404,1558.82697999243,223.801946391556,1661.92760397489,118.804938866579,379.401632727885,3.26354490649285,7.32806160143407,0.468735333790053,26.217681952953,4.45525173395398,3175.47520211165,84609.5604618966
29.5937891994673,0.168882135111087,1560.89061459111,220.731878704555,1665.008859491,118.913475917861,377.394259311156,3.4663421194773,6.98201270389272,0.382364644749775,26.478003554615,4.48705215678537,3176.39182077027,84730.7013851892
29.5938812207356,0.166148975735527,1561.94822648778,217.518673530823,1666.99379141186,118.939094619147,375.121130312565,3.62210408964393,6.63210010119115,0.327882252555953,26.7142763531522,4.52091612994031,3175.22055950281,84871.642989813
29.5876285281057,0.163483780749832,1561.96345656955,214.160990938957,1667.83781660998,118.88269706052,372.576300133494,3.73639817907571,6.29586335142894,0.293757435836876,26.9227477903789,4.55452139992068,3171.89005730119,84788.6986767927
29.5722223942141,0.160851594201953,1561.24580594103,210.69393081416,1667.8737160355,118.769945901514,369.840178502923,3.82249145660596,5.98244254991638,0.270875365989468,27.1056533741572,4.58641866793882,3167.03126085052,84543.0653417077
29.546968039251,0.158222586675858,1560.44788665437,207.194059715592,1667.80691492004,118.650948326677,367.080811101403,3.89351698818517,5.69140250609047,0.253044093308975,27.2723303210106,4.61613040188618,3161.97533566829,84264.6046652541
29.5135643702763,0.155582788958449,1560.20444322763,203.740162386787,1668.32451329921,118.573305002698,364.462015633775,3.9577854116697,5.41680031773846,0.237146209730083,27.4342694839768,4.64385041034517,3158.0203186858,84087.6002823825
29.474829892059,0.152937924291533,1560.7122139331,200.365198447918,1669.64068736774,118.551037518389,362.039655389902,4.01733982125177,5.15245941357386,0.22268692412079,27.5983849784388,4.67007167794022,3155.57841226409,84144.4790996815
29.4331941819067,0.150302267229764,1561.64483137834,197.041804132492,1671.40338144244,118.558868741469,359.740254320856,4.07111143690343,4.89623439743109,0.210206559130025,27.7628360850438,4.69521967096647,3153.99888620344,84314.0141659179
29.3900548644795,0.147684731905963,1562.37377205108,193.700826391897,1672.93183263113,118.549265165915,357.415244424901,4.11827857863042,4.65044162968558,0.200133285832389,27.9183399101979,4.71951502575145,3152.01053185774,84509.1382149072
29.345915528397,0.145086320285948,1562.36520329702,190.278201582514,1673.64507639471,118.482434357701,354.939560286774,4.15761035203894,4.418501537208,0.192835397366909,28.0544013572047,4.74307997449026,3148.52837235366,84874.6872647905
29.3009028502716,0.142512321436463,1561.33582422689,186.745459510118,1673.23227968397,118.338056578181,352.252973016357,4.18384619037143,4.20322029920751,0.189796568611112,28.1625990186204,4.76598816432976,3142.98289771586,85670.4102499252
29.2557998154357,0.139988612595004,1558.97603623692,183.097515652292,1671.35918176926,118.095067785659,349.298551676527,4.1850945338486,4.01233085747328,0.194621493040707,28.2330395148737,4.7877003612188,3134.78249787741,86663.19013227
29.2129894333637,0.137565709151253,1554.82067747794,179.345166731285,1667.53061167513,117.722865392854,345.997331783898,4.14541948495472,3.86345115566434,0.212347606768205,28.2528004140588,4.80646275965608,3123.06335966047,87686.0103711247
29.1759981597468,0.135300123423782,1548.62027718947,175.534635472062,1661.4841793768,117.208402951255,342.335278287525,4.05278906196698,3.77736231200491,0.248411372434522,28.2115297632788,4.81993540116568,3107.41541162199,88909.9009946754
29.1491464077492,0.133253975449225,1540.52271299517,171.748736437805,1653.3767320174,116.567900636115,338.410543284982,3.89546757803986,3.76942225388324,0.313356214006843,28.1042480761197,4.82627364085776,3088.2270771387,90626.2832902632
29.1404455689552,0.131528922471554,1530.67068617574,168.078458398691,1643.34188156638,115.816711349473,334.379764854736,3.64817223192949,3.85461611494871,0.435111243831098,27.9283927880663,4.82367008438698,3065.90232099997,92531.675088159
29.1638781859229,0.130295322306474,1518.87711245969,164.602478653014,1631.13627981281,114.944723952421,330.417352705044,3.28886412073431,4.04868148764961,0.670006335693344,27.6830752905438,4.81031122311975,3040.23518424165,94451.1161418109
29.2346407375985,0.129776037333065,1505.01096029375,161.40458572987,1616.5690556935,113.938874120432,326.739531757835,2.85118986231648,4.33799330044912,1.10823682517993,27.3702056443133,4.78851930186581,3011.13551414283,96706.6835987552
29.361309126444,0.130230383012427,1489.31833801323,158.640325293323,1599.8649707498,112.800596846136,323.558928330112,2.43318173877565,4.65417685228001,1.86649630481302,26.9895119070176,4.76847418925832,2979.23676074699,99670.0980647439
29.5379967568349,0.131896449363447,1471.90278099657,156.652073008873,1581.10260301948,111.512044650979,320.863300112013,2.12681128195713,4.90905980599879,3.02519775908583,26.5325663158572,4.7633322383575,2944.92082224157,102781.954732993
29.7428050122882,0.135037982317736,1452.36062258094,155.959920501665,1559.81567920302,110.024627795374,318.334201013203,1.94758535877512,5.05751677274012,4.55002481318348,25.9918879746988,4.77957345880067,2907.61790027575,105786.406601517
29.9491973231946,0.139789762402001,1430.26628634321,156.939960725702,1535.53619155163,108.306138277839,315.5877256851,1.8609562953944,5.11570178336212,6.2980864044694,25.3801349073882,4.81348497615896,2866.60777867436,107703.798185949
30.1383959576683,0.145604937376197,1406.02756573054,159.502158434803,1508.74002365892,106.401876529485,312.464263055055,1.83328075903542,5.13412392622944,8.07666728520467,24.7388426397038,4.85481343037737,2822.50446481085,107880.715263562
30.3039798796257,0.151652687141096,1382.17089831604,163.254833539813,1482.2066430602,104.518236960662,309.333944722516,1.83869901513882,5.15012128908223,9.71004423998377,24.128511982986,4.89424969775511,2779.83220948546,107537.714640381
30.4477721855749,0.157479702045483,1362.12453343319,167.8356204717,1459.66912701081,102.922251417391,306.827196788082,1.8562332460352,5.17518988183396,11.0819020060712,23.6001800644006,4.92690929786081,2744.88717526822,106979.586963542
30.5733091239035,0.162929091059478,1347.86429804964,173.009005644123,1443.27759569328,101.765359093522,305.331031517479,1.87255097124556,5.21337091029907,12.1464664648568,23.1742992750595,4.95096777643422,2721.28874799516,106092.117856629
30.6814892753443,0.167900521723141,1339.59019443377,178.59483440186,1433.27491240796,101.063636801637,304.908163981911,1.88197150888687,5.2678231186251,12.911351118764,22.8484941004496,4.96619011355982,2709.323691466,104821.973533182
30.7682885577953,0.172289007489451,1336.71628580004,184.358600930095,1429.08736522892,100.776756258016,305.47421767806,1.88286982258414,5.33918694601712,13.4075147574739,22.6156052704862,4.97296835713069,2707.7706901846,103437.578541628
30.8271689571484,0.17602489249222,1338.52892816431,190.032445136007,1430.01893718935,100.856837621847,306.908687077911,1.87507365158143,5.42582525533274,13.6689499230234,22.4704329616555,4.97183875886785,2715.14852408954,102044.642458604
30.8544732373996,0.179107394102668,1344.25861550919,195.425472435172,1435.29001787631,101.249958595956,309.055512483914,1.85957103378836,5.52863721568516,13.7226996278987,22.4072524258926,4.96298309977606,2729.88933996533,100441.310042329
30.8525728371116,0.181607219577268,1353.22049299196,200.461748456041,1444.17851299585,101.905628434261,311.760763643797,1.83786558168401,5.6522104846279,13.5890627257649,22.4202509208185,4.94608844011269,2750.63132977082,98495.8856831361
30.8306542597702,0.183646139063932,1365.11657121643,205.176137791769,1456.35666250212,102.800294314434,314.963045993598,1.81039600435433,5.79802266534883,13.2913398405223,22.5075115477782,4.92110147777328,2776.8224580808,96609.9435420106
30.801283377626,0.185302166888077,1379.89098838145,209.66305998363,1471.74831482567,103.927504103437,318.669016363525,1.7771608256574,5.96235238743616,12.8592120711104,22.6695042560336,4.8886007383593,2808.4208172547,94903.6230700442
30.774376893495,0.18663282026822,1397.26186527333,214.00658848725,1490.03014677849,105.262952710993,322.841441589692,1.73902363307403,6.13796450661459,12.3251542861267,22.9028623422753,4.84989396802819,2844.94118892275,93635.0599354297
30.75474149079,0.187723599493482,1416.5235512363,218.256200011569,1510.41895734788,106.749378388328,327.351188199695,1.69793425478015,6.31341155097418,11.7231269640326,23.1968699340305,4.80730629565978,2885.05370527627,93029.3110164279
30.7435027293706,0.188663813969898,1436.40253066769,222.383241390829,1531.52369231041,108.287212932941,331.930605014964,1.65738252403813,6.48049938504143,11.083476889263,23.5306445264848,4.76328058673481,2926.27290200409,92694.5154203871
30.7401930096983,0.189523860126674,1455.32726222391,226.276714081888,1551.64244538619,109.756188206648,336.227706051924,1.62135945856208,6.63799583490473,10.4294940686907,23.8764064450646,4.71966248502236,2965.47764362694,92471.1445522792
30.7439824432402,0.190328215571672,1472.14724354577,229.816396311948,1569.53597321074,111.069371553447,339.97558436064,1.5925140797855,6.78785460244955,9.77697510395867,24.2103241954117,4.67760622328554,3000.35536928707,92252.553216497
30.754169209053,0.191058922054912,1486.46179645241,232.929421147609,1584.77822015894,112.197255174787,343.073710422897,1.57162948319823,6.93352086430944,9.13430872533449,24.5193720732779,4.63742182307487,3030.07865284263,91949.6027553447
30.770162287071,0.191691568394463,1498.261644896,235.582762138648,1597.36676044931,113.139133389277,345.517069663871,1.55845061830203,7.07651067808174,8.50649067819014,24.8018997253079,4.59903577112805,3054.60996991327,91674.4403673134
30.7914237091088,0.192218527463036,1507.28218459259,237.730040451627,1607.02498321395,113.873404252489,347.252642031827,1.55339428027426,7.21517889803459,7.89895380838567,25.062486614626,4.56246520526803,3073.4145772555,91468.4015291635
30.8175605615589,0.192656968873439,1513.58717064672,239.401444018184,1613.82260377511,114.402549538637,348.306252836866,1.55624600019172,7.3459017494706,7.31838457114313,25.305891145355,4.52798985981864,3086.64370403159,91396.5478276714
30.8479544015126,0.193039306871683,1517.69310535423,240.706156480144,1618.30934521882,114.763553388418,348.808468624229,1.56563130389716,7.46350581628861,6.77216397829281,25.5340562332979,4.49626217750979,3095.37555143434,91522.9141515982
30.8803990708279,0.193393210391679,1520.08267136869,241.744023049338,1620.99997865936,114.991986404222,348.882331859678,1.58025382769935,7.56414013391572,6.26518748568596,25.7444361790885,4.46800674333238,3100.61857664892,91736.6925589975
30.9105835724243,0.193731328266733,1521.04655150981,242.570118973483,1622.20890340885,115.110209757761,348.606100468891,1.59936274181629,7.6466621435643,5.79792158067505,25.9313780029724,4.44374669548853,3102.98365884222,91981.0268575554
30.933992066832,0.194046560307408,1520.83182328718,243.210398686711,1622.20676553865,115.13805874979,348.045193056575,1.62253406737493,7.71250161562321,5.3672269912368,26.0903184658782,4.42357546780857,3102.97758755831,92106.6339425742
30.9480033009225,0.194313039189795,1519.88930262089,243.696488695779,1621.48032804248,115.111037599987,347.308446777819,1.64908275832144,7.76569417075686,4.96906883370049,26.2220832870782,4.40690241449891,3101.49987258019,91964.762904648
30.9525121914442,0.19450442694869,1518.95129881541,244.093529669395,1620.80880109504,115.085235803107,346.577416523314,1.67704997773151,7.80842219537383,4.60743588263769,26.3361537365912,4.39290210866511,3100.01298447022,91737.6106396892
30.9491026909009,0.194613071407575,1518.69625816649,244.47572611157,1620.90380046252,115.111612475275,346.034749663105,1.70325252601744,7.83965423608946,4.29680036144657,26.4478097835257,4.38087585398781,3099.88065625821,91501.142393602
30.9396825293581,0.194664053461733,1519.37423971878,244.889188259313,1622.01515143016,115.207975093109,345.768520891174,1.72428861032388,7.85660882394923,4.05373728367125,26.5698684549358,4.37050855548417,3101.61988848305,91486.8014472634
30.9252908043559,0.194717522039484,1520.7111548334,245.343548342293,1623.83317648033,115.351804841929,345.746027245971,1.73723226829061,7.85385734668379,3.89349026139876,26.7062627449203,4.36236067069414,3104.71227135029,91941.9224461318
30.9051222551513,0.194835387558303,1521.8798414223,245.777923348848,1625.46032713396,115.479034426728,345.807556497977,1.74062864820196,7.82875329878348,3.83026250249731,26.8488760990578,4.35730207781265,3107.5262864169,92538.8537025979
30.8765589983317,0.195049307305992,1521.81795934987,246.064462837866,1625.7528814442,115.508948772176,345.738001288016,1.73459375635766,7.78401982078718,3.87686282319122,26.9819217504893,4.35589189094047,3107.93291606589,93135.5299562409
30.8367310115536,0.195356657403056,1519.93930408193,246.107269290628,1624.08134077917,115.397629362606,345.423356074021,1.72003529279454,7.72219156834364,4.04183163331143,27.0926292741338,4.35851512061468,3104.74320392778,93874.0050864555
30.7845877337338,0.195753869460283,1516.31904601523,245.919208234314,1620.52228931054,115.150903131683,344.886241091671,1.69870769826252,7.64284686103167,4.32706434291892,27.1747881623235,4.36555972962689,3098.1112917434,94894.9470944763
30.7235291254481,0.196288863306337,1511.33139112577,245.640257424602,1615.45922578966,114.796074590214,344.193742965518,1.67368134631443,7.5469282148596,4.72489473643165,27.223264208181,4.37713487409322,3088.83456055679,95967.9138550601
30.6619713498533,0.197072250960059,1505.28903784475,245.483812190783,1609.195065446,114.354702115867,343.377995270102,1.64862593287911,7.43880289116752,5.21800810887946,27.2315769968266,4.39293423048742,3077.62026731301,97014.4874340896
30.6092119131887,0.198205892637179,1498.37166732136,245.625235023446,1601.89234792818,113.838518588215,342.442734417931,1.62642183884582,7.32333681518557,5.78534177994557,27.1960974951718,4.41242637127724,3064.89452877425,98024.121658243
30.5725782346211,0.199715428284869,1490.73250343467,246.13337011404,1593.70572735371,113.259012046338,341.399499369194,1.60861703797031,7.20484978167429,6.40419181899696,27.1182067915265,4.43488195509694,3050.98108276171,98987.8031187962
30.5605435342152,0.20154150746252,1482.27601506501,246.927188929334,1584.55323632767,112.610999078653,340.208087331037,1.59647716207005,7.0874079245326,7.04430825547106,27.0016337297174,4.45946467612632,3035.64463544588,99902.7083320364
30.584521829375,0.203580231699069,1472.73865606204,247.838712850028,1574.19407064044,111.877868988288,338.784040135688,1.59124051515249,6.97500334334465,7.66741703124581,26.8494367868234,4.48536935487948,3018.27817193031,100762.594628612
30.6532314646414,0.20571934210206,1462.08649140926,248.730463097769,1562.63196035414,111.060479853664,337.090925239879,1.59329837334603,6.87329989425385,8.23739562729462,26.6651740928414,4.51152948537181,2998.73549235126,101288.07571631
30.7650160577564,0.207836798920308,1450.80628572831,249.538759993142,1550.41568429275,110.198864877552,335.210905399383,1.60163298646715,6.79085358439599,8.72693185337294,26.4579849240329,4.53616450107883,2977.9157004334,101234.238165167
30.902779409592,0.209805189859353,1440.04034821238,250.273490951363,1538.78484460199,109.381788579922,333.383184337987,1.61312363955206,6.73234755602835,9.12418549894504,26.246426894569,4.5575042025645,2958.02766764548,100983.530513706
31.0402664256757,0.21150224076732,1431.10777682452,250.977151250336,1529.16085057155,108.710179629277,331.896828229146,1.62382026056913,6.69676715072085,9.43157384363416,26.0524073332626,4.57439387538749,2941.64257724191,100656.597373895
31.1571380113467,0.212863695895717,1424.72458962938,251.676873589549,1522.31187753644,108.23814164961,330.912918392107,1.63109337685411,6.68077723624211,9.65816338497769,25.8901043903613,4.5864718553071,2930.15792864273,100406.024169884
31.2472199920761,0.213905588553022,1420.80883047281,252.373846082439,1518.14363458582,107.958303566959,330.423460661411,1.63429397480897,6.67875669613115,9.81513222059661,25.7618123669752,4.59441525835874,2923.41637240452,100350.852297535
31.3180349725978,0.21467180837536,1418.69220645093,253.020996844946,1515.92937184355,107.819024081975,330.296708699183,1.6346083726868,6.68600728229153,9.90856814477254,25.6604037987751,4.59934351863129,2920.09848264574,100310.957801448
31.3841317918855,0.215196667261265,1417.54275831238,253.534179396132,1514.76764866428,107.757085521098,330.365787439861,1.63396904698874,6.69998635527313,9.93781009967432,25.5756335521588,4.60226151150376,2918.5448251232,100244.104412727
31.4572972536325,0.215493391265035,1416.81046814791,253.848365916931,1514.06491191047,107.73122753045,330.518143663341,1.63381431271208,6.71998100810192,9.90020965841629,25.500636188159,4.60370219839797,2917.65261404514,100044.420288786
31.5409614200962,0.215562701688687,1416.37506531918,253.953649740551,1513.70004956977,107.733346671692,330.722178459049,1.63464013276397,6.74780178432968,9.79273497936418,25.4344572045167,4.60346910985712,2917.18842216135,99634.964660831
31.6297823478717,0.215426015101669,1416.48322819924,253.916928434597,1513.96373640763,107.783662937275,331.018793811789,1.6359526037763,6.78473907876801,9.61157673559482,25.3812283724911,4.60111596474234,2917.69303706708,99202.7568737126
31.7138435928558,0.215127944594854,1417.47225530365,253.848418615339,1515.25520282009,107.909307612094,331.468708402851,1.63700760348022,6.83003856747432,9.35345166481552,25.3461100334172,4.59641759140528,2919.92395946769,98809.0213608303
31.7848378197867,0.214694671606174,1419.46120213642,253.812259476365,1517.73106578426,108.120711543688,332.08421183062,1.63794711859711,6.88636742904163,9.01647682676146,25.331579466878,4.58883898355154,2924.17692701154,98021.9829385701
31.8385515487087,0.214103784177889,1422.56274253311,253.809797919388,1521.51919778261,108.4276216502,332.876126237199,1.63926683248275,6.9620086235854,8.60055562060381,25.3417032860334,4.57697870351671,2930.66833865557,96549.8955912731
31.8729343084464,0.213307410477577,1427.42727308757,253.870780847842,1527.29574931715,108.878744147498,333.988564484182,1.6397019089182,7.05880475493532,8.11571984153458,25.3900244448347,4.55979584322669,2940.65014405376,95125.6169177203
31.8849721015445,0.212261642430714,1434.93467492964,254.060278278996,1535.96535367632,109.538156173976,335.627872549585,1.63714684822642,7.16930528867493,7.58207625603611,25.4936920235483,4.53734568639422,2955.83070986212,93965.6854509517
31.8696137223978,0.210961756623465,1445.27148533859,254.382668425855,1547.69322057132,110.416906739746,337.840938968362,1.63126575371313,7.28520539733416,7.02034361909923,25.6585178683842,4.5104633884022,2976.54067816719,93092.9216801388
31.8206116910219,0.209448239654114,1457.75515894866,254.764246231879,1561.72773168184,111.460416329748,340.47449259177,1.62390633470171,7.39863407868085,6.44826687240734,25.8751159429497,4.48081063852061,3001.39192907661,92559.8199009593
31.7316783089226,0.20778662039589,1471.21345619587,255.094541763609,1576.8083208849,112.577609050724,343.260816184163,1.61813972429369,7.50231724664942,5.87947528464955,26.1240200168327,4.45055163413851,3028.0396873092,92371.5353906689
31.5961413466096,0.206047504646376,1484.35540106022,255.262732667759,1591.55770976617,113.66898833042,345.901627682119,1.617328431965,7.59008967226307,5.32393642898789,26.381439815914,4.42194472584072,3053.91841161451,92518.1856986436
31.4053376025054,0.204292334206362,1495.99629753699,255.172203790233,1604.71391619105,114.643227899247,348.122250032892,1.62453896479408,7.65643195992039,4.78988367765727,26.6232758626185,4.39717875872738,3076.67875282299,93001.4193662254
31.1483078014498,0.202560066611701,1505.1349738172,254.731590033539,1615.20756663116,115.422954698193,349.691438039098,1.64243064973449,7.69688535723204,4.28422057630059,26.8270099943224,4.37820844489519,3094.3258045549,93737.0120188088
30.8140986206295,0.200851175320402,1510.96429788129,253.831097655877,1622.17434017934,115.946192872435,350.42472165683,1.67343945524204,7.708937376891,3.81097956522604,26.9729686973689,4.36655436723604,3105.22381800097,94611.7175388576
30.3952114857378,0.199128514230993,1512.76886146315,252.323544050378,1624.84708413079,116.158610881377,350.162150838362,1.72015389519288,7.69114531580175,3.37163410219326,27.0463881787195,4.36330232825865,3107.88735189883,95598.7407264249
29.8896439575713,0.197348022423054,1510.35720710555,250.129771701849,1623.01903837307,116.045870112285,348.866067934599,1.78448840744912,7.64278443828229,2.96696042519201,27.0389680028226,4.36906244061377,3101.89114301218,96601.8606840157
29.3031715592804,0.195484504571685,1504.55831842099,247.344067999125,1617.57572263113,115.671100707956,346.731715676671,1.86613341841419,7.56458339603564,2.59752705893195,26.9504797175423,4.38377452646757,3088.9025700753,97442.6932459501
28.6542925331516,0.193536500978693,1496.48977059518,244.124915456801,1609.70441355478,115.118053714861,344.019497523302,1.96321593952656,7.45755693772059,2.26582605056942,26.7893894595352,4.40683679873088,3071.18407029081,98162.4299396043
27.9731896942898,0.191520796034478,1487.04010243137,240.611805700743,1600.33857987629,114.451830022325,340.936945217441,2.07259417306182,7.32311662941781,1.97618674093036,26.5700861200369,4.43724476034159,3050.53395272644,98772.1713281652
27.2895346722247,0.189462145365738,1476.85685214449,236.915715300894,1590.15505423632,113.719672616762,337.637709170887,2.18979656341177,7.16405904609402,1.73106818204397,26.308004151092,4.47372810274323,3028.26787497126,99330.9947819963
26.6225457364952,0.187375248507962,1466.4027973332,233.114578179438,1579.64357574894,112.956505178224,334.235816402397,2.31036921095085,6.98446848200933,1.52722047888443,26.0161116741799,4.51496575559836,3005.33409548956,99820.8776622616
25.9811563981737,0.185237754853367,1456.03389336408,229.244252336402,1569.19494839599,112.191119181997,330.820265219667,2.43395366806663,6.7897687871331,1.35202328519747,25.7045505083398,4.55960449904778,2982.45922208963,100040.167698252
25.3705221458735,0.182991347340708,1446.16172693027,225.32101684277,1559.27110430702,111.45722135215,327.489499399402,2.56640381096097,6.58340828185736,1.18859388542928,25.3840312308059,4.60653852701779,2960.47133637688,99934.4287784444
24.798074605544,0.18057907103638,1437.3957293602,221.388909442676,1550.54589793567,110.802595668376,324.382470490174,2.71572533563773,6.36497436538091,1.02655309891934,25.0691697729079,4.65498707096657,2940.59632670064,99454.3455978365
24.274291910797,0.1779795795292,1430.50728464807,217.53710111619,1543.85781641613,110.285854871068,321.671203239438,2.88616859741724,6.13133981331389,0.866700397923063,24.7775077550693,4.70438791437658,2924.39382320097,98725.4155877191
23.809205762787,0.175217997890391,1426.20049852717,213.872842343394,1539.9601996872,109.959464290956,319.512673244845,3.07338967306617,5.87852471994623,0.71848764628078,24.5248754191488,4.75439583143741,2913.29495540772,98007.8727194774
23.4081841782155,0.172347963022726,1424.77475887671,210.464232370769,1539.16183863679,109.845238478239,317.973645409706,3.26523488925651,5.60604899932248,0.591516616486242,24.3195485539089,4.80460094325671,2907.91420987821,97376.1161996385
23.0699951922791,0.169422406692258,1425.96443392193,207.303474571395,1541.16302193433,109.922860994595,316.994110136915,3.44886087984971,5.31857834352143,0.489070749643055,24.1597213555612,4.85444410097783,2907.72113478882,96817.2458898602
22.7890446323038,0.166472217441722,1429.13817702891,204.322591277368,1545.27681652354,110.144895542527,316.431042640195,3.61746760120041,5.02355919867232,0.40829563167676,24.0368163069931,4.90336422795124,2911.44149033345,96178.4456281912
22.5598665678221,0.163499709107441,1433.6906035556,201.43789898238,1550.85454369074,110.466206440805,316.144750992132,3.77141777046181,4.72774668290726,0.343824822150026,23.941867920888,4.95092034302214,2917.84741022101,95375.988685982
22.3796269024797,0.160490335238021,1439.36340604402,198.598083605641,1557.62954482315,110.868121431794,316.07153327715,3.91374980481729,4.43512745995221,0.291081575427149,23.8707106848341,4.99678283219672,2926.4104931482,94418.4555862583
22.246659574576,0.157438452826688,1446.26091525745,195.805832053028,1565.72566175261,111.359391444297,316.231472163637,4.04429777296247,4.14691568160992,0.247859840025274,23.8242293839151,5.0407191869751,2937.34289610844,93568.8993773442
22.1582434904622,0.154362032661175,1454.52860986212,193.089585067183,1575.30446215212,111.951863548823,316.659145336475,4.15693838606143,3.86431625415231,0.214162641597146,23.8031688189185,5.08250081004283,2950.95254646428,93060.2451958043
22.1104650174158,0.151296547687559,1463.89805525551,190.445652355549,1586.07396626515,112.626385307715,317.29579850256,4.24280660560926,3.59499538108862,0.190683281561093,23.8016160038759,5.12136238116266,2966.71879501218,92581.7225494064
22.0996250801757,0.148281302502055,1473.72744686017,187.834295182419,1597.33564859665,113.336246822068,317.99654521756,4.29501099260118,3.35352359378602,0.177183187328337,23.808111296647,5.15586563224187,2983.36981297478,92119.002642434
22.1229344320124,0.145343657773511,1483.44978553322,185.221420727166,1608.47175541692,114.040648688527,318.63738426835,4.31223821249166,3.15282031624192,0.172169366055304,23.8126162267783,5.18470937947635,2999.78501432299,91986.5947087377
22.1772019836533,0.142499768031065,1492.1041065625,182.518870678037,1618.43761007824,114.667758588344,319.021836160985,4.29771929740051,2.99884963286258,0.17437610207657,23.8059213937685,5.20753714281606,3014.05035538561,92496.8936159348
22.2567668566873,0.13975818903958,1497.99308012183,179.556596622909,1625.39159662091,115.088552565286,318.807671911546,4.25928480392863,2.89328930435149,0.18286654106301,23.7728473893844,5.22498123427088,3022.77857183496,93235.6617102984
22.3535973176106,0.137123742413243,1499.72240085434,176.211620920365,1627.82278882705,115.196969539873,317.730070507633,4.20645743071381,2.83493771935313,0.196834250733901,23.694062044562,5.23836521402954,3023.21113373642,94016.2060773383
22.4603820433163,0.13460214170585,1497.11592462167,172.502560689456,1625.54239107378,114.980251207153,315.790893277333,4.14410598994208,2.8191364174338,0.216312528502288,23.5567917064054,5.24913031946487,3015.04885809376,94936.0751216668
22.5727514951826,0.132230855135028,1491.09098117591,168.575573135984,1619.54716283214,114.510371035287,313.234902312475,4.06130919435856,2.84312282649007,0.24673087997459,23.3592163606115,5.25781497116022,3000.20234324233,96124.1210287189
22.6892765082405,0.130130809169138,1482.94622932152,164.657169532352,1611.24484888136,113.893293404011,310.446635605284,3.91443359684963,2.9228498525071,0.307778414658252,23.1074300105359,5.26192144742618,2981.41450753458,97393.8482517033
22.8103086016453,0.128514106944947,1473.59560380742,160.976457599764,1601.61814905003,113.211340373559,307.818408651318,3.64988566218319,3.09801766523779,0.434581082226603,22.8111565304991,5.25552125296564,2960.74071259475,98663.2972760309
22.9365573826247,0.127615596463829,1463.30121731162,157.680961396564,1590.93477199634,112.493008223821,305.613631371126,3.26407764707247,3.39428254085768,0.675453598422147,22.4798034182311,5.23477471968039,2938.91397900419,100095.691926466
23.0681883984183,0.12758749902048,1451.92587347175,154.86995250802,1579.02364995016,111.720795356536,303.895438035191,2.8232284899374,3.78226295128404,1.09149242960091,22.1201785052029,5.20368933030099,2915.77328135656,101836.774576227
23.2045602140227,0.128436002642815,1438.84548792895,152.721368264537,1565.15908365148,110.822332352403,302.433918395184,2.43106479405963,4.18302353158251,1.73473255279774,21.7374372661187,5.17309499952217,2890.12450297613,103587.87296728
23.3442574225122,0.130181359310618,1423.34878508539,151.546947756556,1548.48883480503,109.714002509688,300.842483709542,2.15463478001522,4.5190766647941,2.60940848190568,21.3396923697718,5.15312788953055,2860.58975955139,105228.400854234
23.4846424041717,0.132792835238412,1405.50342592283,151.612005615297,1529.02575019367,108.386742538929,298.896366027828,1.99220593988221,4.76384292747214,3.65470103152664,20.9434787347582,5.14610285072722,2827.28705903267,106022.138243161
23.621114503375,0.135898390439803,1386.75255897275,152.94068888403,1508.35254103447,106.95774996923,296.721112120058,1.91074255254347,4.94212206062678,4.75722200207787,20.5763649676628,5.14647145761508,2792.92876026224,105487.152585108
23.7478779619823,0.139063949673482,1369.88515717108,155.345849969283,1489.5976821485,105.65828736103,294.778508122778,1.87589837168489,5.08804034622013,5.78893612428872,20.272471832344,5.1470871554883,2762.78046388249,104610.410424137
23.860039337846,0.142195483774809,1357.58155390419,158.580222526505,1475.79676832157,104.709675136525,293.54700149414,1.86122659519562,5.22153734599183,6.64947503235829,20.0567656337932,5.14347588571243,2741.89828827227,103652.667162562
23.9552311917614,0.145349924470581,1350.8820154373,162.417078129886,1468.16048491564,104.200367619375,293.213420701543,1.8511120109158,5.35557009901737,7.29094921334487,19.9322808049844,5.13362414223365,2732.17894280614,102431.189141625
24.0339350654971,0.148495227988617,1349.4354064423,166.655895503134,1466.33097082755,104.106041111315,293.724772023334,1.83883249583721,5.49999463380369,7.71398833864349,19.887301017571,5.1169690419889,2732.83148950834,100827.678823507
24.0992846730157,0.15149858420102,1352.57649961539,171.089601240983,1469.57712338502,104.376031948316,294.988340921639,1.82179204018243,5.65855123007335,7.94920320284974,19.9106355542897,5.09380572586757,2742.43951857171,99185.3797188252
24.1558376617649,0.15419482210194,1359.7759744963,175.517232760182,1477.30774420001,104.970011712014,296.936264051874,1.79896389078511,5.82976365813046,8.03631510896128,19.9965135900172,5.0647885362371,2759.84387860578,97616.0589919041
24.2075290803827,0.156478782955591,1370.43745815329,179.80096414357,1488.86046362847,105.841948726394,299.468168434743,1.77084545242587,6.01149456318068,8.00761643366941,20.1401480908724,5.03054532011221,2783.79342482976,96145.8385024245
24.2569973941104,0.158342511391477,1383.82421434138,183.882280339607,1503.42349168782,106.933907548006,302.441227957719,1.73910470343303,6.20170204517269,7.88393038127039,20.3351196079851,4.99176140854267,2812.81983974255,94789.2511903692
24.3064745847634,0.159828389555289,1399.17203824289,187.743184587975,1520.15834642082,108.185275989128,305.703335604553,1.7059084826077,6.39820255562025,7.67654678808923,20.5739722782334,4.9492069607328,2845.4324353342,93554.7414477005
24.3583797748591,0.160984018689952,1415.79787393924,191.370736881424,1538.31734867021,109.541804397862,309.119742957548,1.67340443390053,6.59865927887675,7.39191434584166,20.8492734856587,4.90368272798146,2880.30342684148,92446.2721353275
24.4147763632184,0.161854023181097,1433.14566911198,194.755076467981,1557.29229826379,110.959241675626,312.581204467651,1.64337727163004,6.80030358786683,7.03758102817002,21.1539230859712,4.85603394309926,2916.35302875912,91522.4126113073
24.4773100003796,0.162482143919731,1450.75258010358,197.893493341234,1576.57779573707,112.400586434908,315.99579283267,1.6172560697445,6.9996262174338,6.62474035786632,21.4806500762985,4.80721756985762,2952.68660819616,90838.6688919966
24.5483506803129,0.162905340819518,1468.04822835996,200.763147941829,1595.55670257796,113.820758054265,319.244064285577,1.59674024213742,7.19399225613741,6.16469748072503,21.8207122208496,4.75814781924567,2988.18898058783,90299.4446294712
24.6314082360973,0.1631466592139,1483.65892486763,203.227473226331,1612.74370827035,115.112504322537,322.030683701179,1.58552261800879,7.38237895167609,5.66633288839412,22.1633609299394,4.70962575382129,3020.11075653649,89859.0415125252
24.7296154669866,0.163218748740547,1495.98469161937,205.112540871556,1626.40626204754,116.150545028312,324.011430945039,1.58826289738984,7.56336874353216,5.13887169750211,22.4975521269171,4.66252441978918,3045.23575350964,89569.1838427266
24.8432914052724,0.163137139956884,1504.53579099372,206.384673470003,1636.01316931391,116.895034471145,325.07896408206,1.60747458255893,7.73267585962327,4.59367800877641,22.8149532783867,4.61795411168292,3062.59090453629,89497.5904025847
24.9663745695189,0.162932112242805,1509.78625917721,207.146463789627,1642.07290393461,117.38038046004,325.328182853348,1.64419888299659,7.88416309341879,4.04167708392043,23.1096146603387,4.57713838656262,3073.15636606495,89541.4386923614
25.0857813536777,0.162645889004962,1512.51171599195,207.553663483448,1645.41458910278,117.664065219298,324.917375004891,1.70000325449272,8.01157132135769,3.4914584996991,23.3760463569835,4.54130245355848,3078.5270663958,89646.4130112768
25.1873016202802,0.162308267714966,1513.45660527266,207.745562059057,1646.83279719758,117.801108898919,324.003432741986,1.77826743766839,8.10894491840077,2.9508480941705,23.6096505369395,4.5116070021335,3080.22791431865,89674.9554602017
25.2628838594218,0.161914050936958,1513.3537050188,207.815981183667,1647.11590452461,117.845921937326,322.7473541911,1.88457386949949,8.1707671638186,2.42971356124613,23.8089385465259,4.4890009206095,3079.73727726097,89478.6788715061
25.3155904220609,0.161427881132393,1513.01060091041,207.817465746128,1647.14189764541,117.858729452115,321.333775690407,2.02507236600917,8.18830787169546,1.9457557730249,23.9782730730493,4.474561027492,3078.65909903057,89226.5832667497
25.3583279489389,0.160816195960688,1513.09795985211,207.761941608645,1647.64428205417,117.889153990563,319.923249317447,2.20240948754365,8.15013861642978,1.52383239846178,24.1265272618991,4.46947390817109,3078.3095373372,88994.4906003
25.4059389516576,0.160084616808991,1513.86530116554,207.628415602653,1648.89716742715,117.955073712052,318.587103364198,2.40992826763513,8.04924812919854,1.18467307114304,24.2618785251918,4.47431218705183,3079.16672917378,88811.7175424393
25.4681795604405,0.15928044484005,1515.17261472151,207.387332469759,1650.74584156635,118.046297834145,317.315371344924,2.62780535361579,7.88913957495128,0.934652236806364,24.3891241871405,4.48831416595434,3080.9484827126,88698.2927228906
25.5475903013892,0.158457317643779,1516.68780515892,207.011886258631,1652.81994395031,118.140395763724,316.064918280366,2.82801740092264,7.68543908654306,0.765391362858754,24.5105296424069,4.50911596037195,3083.0047122665,88611.3526481381
25.6413070723334,0.157645464403409,1518.08976033161,206.481110490724,1654.75629088783,118.21754729804,314.80355414157,2.98607518238248,7.46115387832509,0.660934321386999,24.6278271222825,4.53332496889557,3084.71335820462,88527.8446403779
25.7445738583012,0.156850571593205,1519.20301408333,205.789586254111,1656.35124533699,118.269221038827,313.528298882222,3.09008854932885,7.23803892119492,0.604636608406801,24.7432404854555,4.55768638053931,3085.74518911763,88551.5164267604
25.8541025828899,0.156077725897682,1519.94988679998,204.955011188851,1657.51360055893,118.293249629284,312.249609619546,3.13944289576666,7.03083484489073,0.584360299383282,24.8584292830975,4.57996742456564,3085.97708071766,88817.8415202806
25.9706016664671,0.155358724591172,1520.14269937731,204.013673220543,1658.04258214689,118.278307182288,310.956366388495,3.13693697404258,6.84991112351784,0.595094633520346,24.9722161136845,4.59874192097736,3085.09709048448,89167.6426474698
26.0987922389882,0.154754996451203,1519.46318202684,203.015564928711,1657.60639715626,118.203410489605,309.620539457623,3.08435927323471,6.70516554611558,0.637822046643885,25.0810333019411,4.61282307038091,3082.56831258168,89518.2593961734
26.2438102931577,0.154313495100025,1517.74590136143,202.014324456243,1656.04464106471,118.059455844444,308.243144261691,2.98807894275217,6.60555305209804,0.713864042381038,25.1824423489206,4.62110676554699,3078.15427475199,89619.8485097808
26.4064581042597,0.154021903191668,1515.31417020859,201.064246450901,1653.72475102401,117.873485985383,306.897771002332,2.86493157676697,6.55590176868998,0.818829521777696,25.2790138913023,4.62277320562706,3072.53885062458,89226.5121322246
26.5800313292643,0.153824982210371,1513.15944711,200.253866328007,1651.72721296979,117.720693683274,305.756808739202,2.73528896542158,6.55106303437261,0.942248873434693,25.381577863881,4.6178952817917,3067.67994940099,88735.7399344433
26.7520679062996,0.153672739084497,1512.36394134455,199.683641455781,1651.21402305275,117.68004764662,304.987714213325,2.61369418276045,6.57776930224682,1.07164322469103,25.5052584803336,4.60741296001655,3065.68658426657,88331.9933603831
26.9106671778382,0.153565179818394,1513.28009297753,199.406074384479,1652.54353895717,117.773241273151,304.619026011615,2.5047535754742,6.62080228873478,1.20078630160232,25.6595907197972,4.59287412134381,3067.22302507853,88388.3393047635
27.0491437773548,0.153573233090817,1515.30512033902,199.41911921954,1655.03140286417,117.949049082994,304.520693393947,2.40352992794696,6.66505437200447,1.33633898952103,25.8412399869971,4.57658568193037,3071.09277062324,89296.0984554439
27.1659020767889,0.153792983278949,1516.87044270352,199.637367828152,1656.93732715731,118.083423561422,304.386438330988,2.30708058034038,6.70297885922909,1.48729323591852,26.0279328247096,4.56091354996826,3074.18660279056,90476.1829334989
27.2620797542421,0.154275637942789,1516.00140949463,199.890770280039,1656.07698736788,118.02260910262,303.817599595644,2.2216637797927,6.73552330642132,1.65185381443277,26.1829505467431,4.54786275240338,3072.54374963765,91618.9748391941
27.339485000565,0.154996368821372,1511.6396558334,200.036074119758,1651.27666184334,117.684846471908,302.582147478894,2.15540222061694,6.76398939129873,1.8178831332832,26.2752296065051,4.5390304811367,3063.98921102484,92692.2959559486
27.399181040625,0.155883798800499,1504.21479675714,200.046409587132,1643.00595150895,117.104381086785,300.740553172602,2.11102709086791,6.78655097908889,1.97140831970909,26.2929235171354,4.5353193782955,3049.31678669297,93822.7212836105
27.4385325396164,0.156867250368173,1495.15230315123,200.004762727239,1632.84042825823,116.393532111662,298.561367207564,2.08488023370315,6.79947924429843,2.10417510024452,26.2397179676622,4.53700377198628,3031.34446926609,95087.2362760586
27.4485152962824,0.157898011752378,1485.7722293472,200.002133162961,1622.25073963741,115.657217982506,296.305532584364,2.07112132485445,6.79955952964645,2.21418006989053,26.1230163526237,4.54408955337782,3012.71108888089,96498.9893585859
27.4160832795605,0.158939217223758,1476.31187162608,200.018078488651,1611.5226916094,114.916502984207,294.024633864413,2.0673334664167,6.78833892991653,2.29910936389093,25.9462300073715,4.55616733770856,2993.88761094551,97680.8785754393
27.331704681007,0.159937366146222,1466.61283549874,199.973233460619,1600.504017897,114.161412351364,291.686116569442,2.07488939745613,6.7743143976724,2.35087929222145,25.7134336154997,4.57182659286685,2974.52957634263,98191.7640060946
27.1992851427995,0.160828733320868,1457.29855124101,199.86529540594,1589.88885095878,113.440600295989,289.415350571655,2.09253700206053,6.76299419228197,2.36660824392914,25.4412252896989,4.58936175958361,2955.84930104409,98460.3727161436
27.036742257091,0.161564668392643,1449.41960865103,199.756965337279,1580.82784479336,112.833543805505,287.432468004265,2.11489904788129,6.75346042782161,2.35530817825319,25.1567560955921,4.6073679768398,2939.92545342019,98632.0359774443
26.8644057021128,0.162120187020476,1443.31553354928,199.656081328104,1573.6897834692,112.364389054939,285.813679744051,2.13827084305608,6.74637203571033,2.32678183831304,24.8830310034776,4.62445195934511,2927.4192940772,98534.293007969
26.6965421116192,0.162476668823928,1438.73488528474,199.515018560612,1568.20389358676,112.013093868686,284.501973328115,2.16314498044337,6.74663625349393,2.28167628687011,24.6336938682918,4.63913772594882,2917.80945420562,97942.4568230929
26.5423087272806,0.16260781774869,1435.70554074232,199.317487371462,1564.4189220486,111.783162653686,283.478978808814,2.19197632827501,6.75824434938083,2.21221682010032,24.4192921784403,4.65022134247873,2911.14083730178,97046.6980552904
26.4090784411789,0.162481779487492,1434.76209151079,199.108153706923,1562.94603461724,111.718064237104,282.819976030302,2.22720150202917,6.78089111239944,2.10934215110147,24.2514329962541,4.65702523430771,2908.4847012128,95945.1033142568
26.3021383216414,0.162083269794163,1436.49607284739,198.953131769335,1564.45155411552,111.864438332798,282.618700450386,2.27063689690311,6.80963430298312,1.97083554837889,24.1398823301199,4.6596476602845,2911.03486008927,94901.730264092
26.2229974076853,0.161432363486158,1441.12091272688,198.899801506176,1569.17036694466,112.237223243946,282.909470241917,2.32284819609767,6.83429686464938,1.80528406246862,24.087828981653,4.6593343240539,2919.2332654586,94234.2516035167
26.1680810992353,0.160570595935469,1448.18216796998,198.929760512431,1576.58903354896,112.798040853712,283.601497946086,2.38508358297216,6.8453312299078,1.62492276314421,24.0878744622164,4.65787607856046,2932.17209846451,93740.2098423935
26.1293986406945,0.159541322914311,1456.6595185535,198.952406619362,1585.56585705477,113.464254021695,284.491583731027,2.46060307112167,6.83679823766497,1.43977776993545,24.1236143105936,4.65708567915703,2947.78979299992,93336.8500820182
26.0983098014815,0.158376927273312,1465.23381889945,198.826712586575,1594.63755742529,114.130505819621,285.318804274473,2.55363762426108,6.80525412509673,1.25757540557367,24.1777807016579,4.65847583360378,2963.41709191522,92847.1179316172
26.0686250799713,0.15709218534695,1472.61813431457,198.398562474572,1602.39398469704,114.695194704996,285.829814056091,2.66872780839111,6.75049285781199,1.08363614673881,24.2389452230711,4.66276298233021,2976.45505344917,92072.6885129216
26.0370149513143,0.155691336765646,1478.51981130971,197.626535488488,1608.53420699666,115.135408673115,285.966653192724,2.80623514100179,6.67211299412936,0.923002406774897,24.305629622191,4.67010185170692,2986.32569303184,91240.0179684554
26.0022293168979,0.154177518216155,1483.58164225148,196.584193748452,1613.7937511429,115.502031375495,285.854714541949,2.96040621094464,6.56869244322202,0.780480145260596,24.384039435445,4.68032916773472,2994.35215836129,90447.1218800596
25.9644850115076,0.152566011176906,1488.5292943932,195.368500849968,1618.99209877018,115.852661799581,285.637898412327,3.12176638257628,6.44005896882657,0.659440028738101,24.4802011837278,4.69311067958445,3002.03033509243,89821.0458954725
25.9244880749487,0.150891138737862,1493.63331416514,194.041870624202,1624.43187753447,116.209330846515,285.377440907764,3.27883196416885,6.28804948505742,0.561608242617463,24.5945158437821,4.70815461111141,3009.94005445436,89482.9481398434
25.8817246012448,0.14919468222188,1498.6127574989,192.613794169315,1629.79707471457,116.551485357659,285.032220089616,3.42203584828666,6.11824426936736,0.485893823570209,24.7199766353397,4.72507369818823,3017.54891518958,89276.6076009579
25.8337226950707,0.14751130961975,1502.90662141109,191.060028251279,1634.45975256703,116.83729956881,284.509045551193,3.54670685576551,5.93874978443006,0.428925397884774,24.8448909542944,4.7434003716243,3023.75685674851,89128.791249252
25.777486783522,0.145860537255402,1506.11741612065,189.364978663507,1637.97228092151,117.03770834685,283.745730020912,3.65206925986941,5.75677199476664,0.386620597272721,24.9588283086211,4.76271913964209,3027.7860231792,89050.6053529235
25.7114922330247,0.144247376899762,1508.17716557694,187.53885394211,1640.25065814225,117.148725259907,282.739759623057,3.73991030550971,5.57701287270827,0.355084384021176,25.0555909126948,4.78271934290369,3029.51210194367,89069.6713269819
25.6373444276392,0.142666504362846,1509.21133226298,185.603346639162,1641.42285273715,117.180432487704,281.520224689121,3.81443222211775,5.40171915318,0.330648291527916,25.1320372700678,4.80326190270902,3029.18768116802,89139.4465681778
25.5597938373556,0.141106962884277,1509.38479071324,183.576367062656,1641.65813025394,117.144952566179,280.119210565011,3.88149359939036,5.23085035523535,0.310192489897722,25.1862810082359,4.8244653016476,3027.13301960949,89234.0063131111
25.4843302041277,0.139555455545795,1508.87509276328,181.471992722605,1641.14051265579,117.054986256188,278.568783077725,3.94680355088815,5.06332974149452,0.291455919800669,25.2175188661905,4.84654091139801,3023.68885084234,89217.8026943439
25.4149558103585,0.137994344566221,1507.94484803943,179.305600683106,1640.15184782017,116.930192556545,276.91586903041,4.014497166093,4.89877764804536,0.273198195547865,25.2275638390767,4.86945841979654,3019.36428067594,88939.4375441294
25.3538535047736,0.136400158278063,1507.08334019539,177.102897153953,1639.22754580615,116.808721093736,275.25064053951,4.08261788255435,4.73787756816398,0.256185015842358,25.2232725202175,4.89273536324098,3015.11795152863,88583.0308662932
25.302041873475,0.13474605669454,1506.84554427193,174.885601684255,1638.9790046461,116.734942592945,273.67553539043,4.14358273133464,4.58366404584624,0.242171201661014,25.2150525435792,4.91532697810026,3012.03642145407,88236.8972769635
25.2596758051747,0.133010990514226,1507.47966786675,172.648930358983,1639.68330757468,116.729919883432,272.234116177076,4.19237188922115,4.44164214843273,0.231764043706064,25.2113549913404,4.93594365425178,3010.59779658574,87814.824187128
25.2261907639261,0.131185429153067,1508.91746000703,170.373039039455,1641.26965072931,116.78957740469,270.910774420297,4.23127247489345,4.31654915227334,0.223649316724733,25.2166777297335,4.95364698235857,3010.65895972527,87196.6050057907
25.2005386968804,0.129271670052899,1511.06378270688,168.05437202608,1643.63453248102,116.90619722725,269.688168596862,4.26834850584311,4.20728711478438,0.215282134689307,25.2344889079711,4.96840687989012,3012.03497571427,86525.0415149464
25.1814490202094,0.127281351942866,1513.9332275371,165.713410825014,1646.79163641885,117.078877929538,268.572722525378,4.31255239228539,4.10575501910174,0.204501890312703,25.2689578674141,4.98116531645632,3014.76755558904,85873.7244310268
25.1676749373332,0.125233019304856,1517.4976073619,163.369989710505,1650.70665464003,117.302784395354,267.563287822938,4.36854011333891,4.00167495122357,0.190892386563307,25.3228820535903,4.9932605325061,3018.81437899955,85258.2013301756
25.1582479067207,0.123147676266185,1521.58709039803,161.026996676525,1655.19038297083,117.562815820916,266.631472058935,4.43503235236204,3.88774147394885,0.175624489967891,25.3961514116566,5.00576689425058,3023.84858866501,84680.2068218402
25.152743076835,0.121043448503259,1525.94516387345,158.673197697108,1659.95933836396,117.838526079808,265.731923867096,4.50679511543313,3.76177471906736,0.160445086742999,25.4863253641142,5.01914645928449,3029.36752565595,84136.6475232047
25.1513108990079,0.118932790193989,1530.3279450587,156.293629752696,1664.74449282387,118.111692381741,264.821155345284,4.57779916705872,3.62604367708752,0.146706196329662,25.5900287517289,5.03326588064311,3034.89139714913,83626.2837089329
25.1543197856954,0.116822657010815,1534.56474512759,153.87769977949,1669.35740944435,118.370340109602,263.869090897858,4.64395466019946,3.48492958864554,0.134951312170153,25.7039785927239,5.04767745348225,3040.08510132983,83148.6343109897
25.1618909426806,0.114716710980097,1538.56598302266,151.421965569898,1673.6987997895,118.608696157039,262.860920935665,4.70357514376893,3.34276097437076,0.125170901124662,25.8253702522879,5.06191342133784,3044.77504880322,82703.1585678681
25.1735168556605,0.112617707820273,1542.30129853673,148.929110097656,1677.73492664423,118.825255498067,261.793474034711,4.75595371676537,3.2031121762245,0.117242142547329,25.9519041936283,5.07558782191889,3048.90672735098,82290.7972756858
25.188005881509,0.110528539037682,1545.77136271272,146.405486381023,1681.46712706484,119.020701203886,260.669979620864,4.80053285366248,3.06914594626327,0.111027230801612,26.0816873455133,5.08835196891263,3052.48915462346,81911.8492409127
25.2039490857164,0.108453828027134,1548.98374031395,143.859822318435,1684.9049681935,119.196162031451,259.496071661238,4.83638958655617,2.94334907845696,0.106454823112118,26.2130651567152,5.09993454816593,3055.54757776251,81727.357842462
25.2207108776654,0.106404489567847,1551.8643271933,141.300065193354,1687.96869678164,119.346565213375,258.26534394834,4.8605209162341,2.82749850350774,0.103869902167251,26.3431638689315,5.11021924582923,3057.95186520409,82017.8433248561
25.2402853015582,0.104401436751373,1554.02879127176,138.72139432159,1690.23806813908,119.443338991497,256.918536429174,4.86891487030433,2.72568071421811,0.103960552300251,26.463558814511,5.11907170469982,3058.96901458861,82583.1438272031
25.2687452866738,0.102474770791605,1554.73793047435,136.104503320634,1690.9016645577,119.431212916256,255.337643089756,4.85892801386482,2.64623050866545,0.10735448484702,26.5588255024584,5.12615930827043,3057.17616499313,83238.3685351582
25.3147476376419,0.100653534745929,1553.33947843645,133.44062424784,1689.23964891795,119.26195162514,253.425573391519,4.82999552658738,2.59832393079025,0.114505988558522,26.612941221592,5.13106789150822,3051.32523375371,84016.5559566916
25.3858766831373,0.0989644962981912,1549.64815577643,130.753376991774,1685.04228642755,118.923601838876,251.176619317566,4.77625568588124,2.59017518157385,0.127621001415795,26.6156607483092,5.13319750378051,3041.09122559223,85072.2601712435
25.4847520917765,0.0974491787434693,1543.82086272926,128.09979725547,1678.4794804344,118.433356053094,248.679762358575,4.67055878267723,2.63918545573022,0.154984442614452,26.5632572350753,5.13030761875871,3026.85700189216,86282.510396148
25.6070225444665,0.102908141120247,1536.15195062806,125.567975504744,1669.89120794256,117.820738599821,246.188270160387,0.987192928914426,2.70323549973054,0.258002113601434,26.4924661115435,5.12596465053352,3009.39515577523,87550.5864413251
25.7571903085026,0.247441327975996,1526.36859700176,123.409479433054,1659.17788112907,116.968081096037,246.341407911567,3.10696035979501e-12,1.0419280080377,1.44159684895702,27.2597076344538,5.30883168243744,2990.07778718929,98345.8150310422
25.9059736615059,1.14966792988368,1518.13007827068,121.731770745772,1649.82339367951,116.224375188796,248.138390287119,7.34688116931967e-13,0.0664084725485498,2.93991690637451,27.2685019591692,5.44879118966944,2974.5934309373,100601.452238999
26.0463685287372,5.78651582153513,1508.7424568823,120.529944359428,1638.98402458374,115.415717171044,247.930124432368,1.62305839435147e-13,0.000140131398912779,4.45194054645431,26.4796164609461,5.50923876457295,2956.00088106947,103143.185671607
26.1836061132091,11.596899175781,1497.9102356905,120.271909143345,1626.56849880061,114.488010041498,246.018140763307,1.55087592739787e-14,2.82061168578433e-05,6.03748937000132,25.6620180706067,5.5587358918565,2934.47743506292,105743.289914758
26.3239998654619,18.0862300191796,1485.99019167052,121.421842448857,1612.94280332634,113.460849911149,243.276993803928,2.07754325178889e-16,2.24760523036764e-05,7.71286921726973,24.8024117006689,5.60858611200207,2911.51184065136,108026.935265823
26.4708337752189,24.8171339249388,1472.7089257047,124.025960839735,1597.78241866429,112.308823321634,240.28169387711,9.98439211742286e-19,1.66318250277933e-05,9.4379375409671,23.8811913522865,5.66135486853752,2886.96268932137,109514.453536182
26.6320324649676,31.3370034268662,1459.70764133781,127.824392742262,1582.86053829185,111.159723240576,237.609110389472,-6.43615145861069e-21,1.10306803162767e-05,11.1130106861839,22.9311183109636,5.71591966395571,2863.93023694449,110622.170447343
26.8233678512889,37.3197174290753,1449.24193001213,132.408648391599,1570.62563282616,110.192503344153,235.644609619669,4.67025828630438e-25,6.40074659245871e-06,12.6158250618555,22.0001386652637,5.76969047179782,2846.40562977418,111499.424804877
27.0563094771481,42.6064470644797,1442.36347865597,137.422371084522,1562.22159782036,109.493286710258,234.457210336518,-7.24452600662366e-28,3.27508230662671e-06,13.8653403214321,21.1225553312989,5.82065849150544,2836.06352599249,111790.168643011
27.3246167756666,47.188118373271,1438.50798228298,142.578954417701,1557.04396126913,109.022807048921,233.849063718903,-1.37095009901665e-23,1.44541146412607e-06,14.8448435371348,20.3174877627667,5.86770287141016,2831.56548792309,111239.311744689
27.5998586066025,51.1638543541258,1437.52332410437,147.672486236613,1554.93863509569,108.772535214493,233.721993726379,-1.38806024287822e-22,5.56233758736061e-07,15.5894545955068,19.5980812651379,5.91007419268206,2832.43724238334,110392.060715853
27.8459423886854,54.6843900732716,1439.47637397927,152.531637301985,1555.98481712807,108.749904331726,234.034000921513,-3.23107066150438e-22,1.73414567870318e-07,16.1572960883305,18.9715163668224,5.94734108256788,2838.65361548744,109434.854163538
28.0408768355891,57.8926310206191,1443.79423560142,157.030260243821,1559.5647388231,108.912057090715,234.65178730617,-4.35822868102177e-22,4.32548577083839e-08,16.5993261330009,18.434453733955,5.97964000508227,2849.01343970594,108285.297880086
28.1819068945646,60.8960621372667,1449.60747069241,161.110189869965,1564.74618749634,109.192853508822,235.418991975529,-4.53045403984709e-22,9.50118037442939e-09,16.9467853441128,17.9763974343553,6.00751327065533,2861.82506401832,106884.435086272
28.277887786042,63.7728010485958,1456.36823080831,164.776768298811,1570.96231515617,109.55146165763,236.264948574709,-4.15792123762417e-22,2.00582612087297e-09,17.2150229258277,17.5863742512446,6.0315513117729,2876.09006980134,105473.648881625
28.3406290991725,66.5839269514691,1463.82235837418,168.063683988438,1577.97217112034,109.970124588293,237.185881727285,-3.64498934074119e-22,4.23577587282952e-10,17.4139396818367,17.2545711740542,6.05229826966446,2891.40703756264,104143.694920871
28.3800758400007,69.374237723842,1471.64756947867,170.989914181383,1585.44762481987,110.425300158251,238.163316562001,-3.18767476068735e-22,9.06266860780708e-11,17.5555332738575,16.9703617042873,6.07035219288037,2907.21960942517,102918.67735513
28.403545331247,72.1685868525306,1479.4260942951,173.555196631393,1592.93738108382,110.885073259923,239.148303017273,-2.8274190963354e-22,1.97062072160324e-11,17.6548107469113,16.72227981323,6.08635887157509,2922.74825200265,101808.190620559
28.4172636583239,74.9722681098167,1486.79863672908,175.7572616182,1600.04140619301,111.321269861079,240.087666718133,-2.54335852332242e-22,4.35422237326508e-12,17.7282190916479,16.4995860351956,6.10092183818173,2937.30295301079,100811.681672807
28.427906230275,48.9279344124843,1492.38758732826,177.003070098063,1605.48498232059,111.759603345345,262.478262593856,0.472894641808109,0.41530226148216,17.8959651443871,16.616588614957,6.09144928231075,2961.17348110256,90703.199989701
28.4491425331228,7.08233827055261,1493.30909314047,177.855367788891,1606.24449774926,111.975186613085,295.200315129149,0.598349561015592,1.32759265532837,17.7830506095793,16.9490234935723,6.0254199677967,2983.01099924506,90157.844567659
28.4826069841503,0.349248309646516,1490.70571381532,178.526007153055,1603.25149948732,111.925629447507,298.267424259443,1.22469319235954,2.55062598489213,16.6844859805173,16.9056655432485,5.86604478131538,2980.64526180028,90211.8070805988
28.5183682146942,0.181311181305453,1487.92784468482,179.167217017826,1599.98651088882,111.833150876601,296.612802695566,1.40555485558983,3.58054406146498,15.5941816629067,16.8515014076896,5.72151539131871,2975.0096429321,90512.4566581851
28.5440746545754,0.161880656198234,1486.23620172335,179.740708914855,1597.90701461389,111.807827455985,295.62963688151,1.46421550999216,4.38210966732934,14.5887116186989,16.9079711581006,5.60133963893852,2971.67289609348,90889.2069650464
28.5504289480111,0.153294083830845,1485.11554107089,180.128325933111,1596.51738989313,111.830304845342,295.212525407598,1.50651279997218,5.01165229286438,13.5642818128978,17.1027728141863,5.49526074920349,2969.63109673846,91112.1225845678
28.5335807308639,0.1492759149007,1483.81410885084,180.247787304055,1595.03077076257,111.849431305301,295.112327461048,1.5415572574399,5.50983426813926,12.5070952572689,17.4028084874412,5.3996810172438,2967.35190537306,90958.8598785815
28.4951388306783,0.148170275711431,1482.35254963904,180.118293947585,1593.46233234329,111.863923035439,295.189848638215,1.56802856178941,5.91735680117371,11.4530918919958,17.7455786715221,5.31342492553566,2964.79426783736,90717.5150956838
28.4400495332043,0.147758612276419,1481.38835184115,179.835732647246,1592.49447587898,111.918243505312,295.435752981991,1.58926053470971,6.26874694698193,10.4474366333136,18.0786628494069,5.23564865054706,2963.17447585851,90509.9902867863
28.3736528599247,0.147298839425808,1481.33955187518,179.478238204474,1592.54339868192,112.041625153599,295.842117887754,1.60927090168166,6.58025644041753,9.51541148654114,18.3869148751026,5.16544166843186,2963.26248483543,90272.6987959339
28.3000125776829,0.146752901292537,1482.13504664958,179.069904582812,1593.50779679287,112.228746307184,296.355426225997,1.62895699535717,6.86188606291461,8.66237887354789,18.6720774522532,5.10145977926171,2964.89465528837,89912.7199381434
28.2220269418855,0.146117984934216,1483.54519000144,178.600320241132,1595.13746334517,112.462916814552,296.916937717636,1.64901249240027,7.12059006435593,7.88550614533738,18.9397817374161,5.042424119104,2967.61454885763,89523.3687242522
28.1420668198586,0.145382923097425,1485.42274376104,178.048830805504,1597.28950399547,112.733589060317,297.492897741576,1.66983086718382,7.35984741544296,7.18156833665402,19.1968023393508,4.9874406551482,2971.13730591766,89143.2240445759
28.0619413311405,0.144543359175693,1487.65602635628,177.399328888306,1599.86252830039,113.032341217336,298.055189692415,1.69149833432809,7.58023611575831,6.54890532371723,19.4485156112601,4.93608905745253,2975.2509370481,88959.081749426
27.9824580078086,0.143621676061796,1490.01252319716,176.649698839054,1602.6145581774,113.340509691344,298.552031292492,1.71395040155939,7.7785994509416,5.99015832209722,19.696493650159,4.88867764442597,2979.51285708572,89192.2037462536
27.9032749625994,0.142670232352478,1491.94380075438,175.80413675321,1604.94909372006,113.614884752629,298.873702119732,1.73743451825057,7.95282467144285,5.5134313047886,19.9363762511528,4.84570890982792,2982.87102883047,89566.9646737644
27.823339656502,0.141762320282391,1492.70795242562,174.871481986168,1606.05161583708,113.797644651042,298.886333298587,1.76191872503806,8.10431385488808,5.1313083844936,20.1599510740385,4.80742746157177,2983.90712952049,89943.0052171599
27.7417414459405,0.140962572996941,1491.89534876417,173.882081143407,1605.46496164722,113.85651685525,298.536375369503,1.78581793843452,8.23428313064295,4.85595695354498,20.3612919080943,4.77398154449576,2981.86234894638,90394.9998106635
27.6579573493193,0.140309249434421,1489.64151894632,172.891251095155,1603.32345642354,113.800900820275,297.878034852323,1.80624459283492,8.34249484717579,4.69230647210049,20.5389375574054,4.74545138496834,2977.04220580009,91043.7792126154
27.5710904690455,0.139821482077063,1486.23074430139,171.95104169289,1599.92214722465,113.651086503428,296.974962346592,1.82132550969044,8.43038659789669,4.63276047896379,20.6921235963424,4.72159696021285,2970.02202897649,91757.6970536304
27.4794396440133,0.139511243622416,1481.88223986447,171.10293814872,1595.48252882466,113.42155763324,295.854571168809,1.83136702171378,8.50209872802085,4.65826475349176,20.8182083391815,4.70186108602194,2961.22694399869,92475.0419971576
27.3814293357313,0.139383224988509,1476.8603661403,170.385309970547,1590.27553897719,113.130240314344,294.55309005271,1.83771345139976,8.56154311685981,4.74667065722497,20.9153844305666,4.68566464902074,2951.16666528714,93171.0001157113
27.2769409843368,0.139428601235307,1471.45031290284,169.822710911274,1584.59942675161,112.797855140769,293.124485393108,1.84168065532801,8.61089645570327,4.87945204947537,20.9856745159301,4.67246776209807,2940.39404707755,93826.3844336851
27.1683244160605,0.139625258090652,1465.94236097071,169.425148749594,1578.75727799296,112.446992513532,291.623664155121,1.8440663651456,8.65006236877685,5.04413920373106,21.0352464255801,4.66180474361303,2929.46154266439,94460.8710422182
27.0600324272522,0.139950704803891,1460.62712337541,169.195481864506,1573.04575835479,112.101303363664,290.096772482711,1.84511447789479,8.67871742032447,5.23315419907797,21.071080787138,4.65319809458039,2918.90645542084,95073.7455817119
26.9565090060153,0.140385033873811,1455.66171747743,169.124986147758,1567.617538508,111.774589302989,288.566956848212,1.84507090432187,8.69872360207611,5.44097842851743,21.0975866667358,4.64606460303086,2909.00448920199,95630.9137598926
26.8602501783356,0.140909998976669,1451.04076391426,169.192948813405,1562.46762045041,111.4683063656,287.036956466625,1.8445817074949,8.71380888732784,5.65947036634353,21.1165925089011,4.63977573416159,2899.73457447314,96096.8082693426
26.770959012184,0.141502854337664,1446.77206487537,169.38010871721,1557.64655096167,111.185506744414,285.519628194529,1.84457538110273,8.7276352631176,5.87068395182825,21.1291372187717,4.63379928344553,2891.1442064635,96488.3726331936
26.6862428971401,0.14213356272159,1442.95950801114,169.673920053195,1553.34652826336,110.937250450148,284.04580492817,1.84600966728218,8.74265238225575,6.04685917070838,21.1366185752485,4.62776189518415,2883.50389281224,96809.1285873162
26.6036845418566,0.142771020312393,1439.69027220342,170.058234062135,1549.73514770778,110.732898197377,282.636885919854,1.84967412257183,8.76092296833497,6.16203153404842,21.1408085747938,4.62131777807811,2877.03949187725,96999.1688410886
26.5234185510688,0.143387028450032,1436.99966021298,170.508154864432,1546.87686629376,110.576529257773,281.298134998004,1.85598910501294,8.78495020822083,6.20219212018475,21.1440852202495,4.61401985950184,2871.82385728803,97009.4882625073
26.4510036915272,0.143955751825164,1434.99709156106,170.999924398419,1544.85257779877,110.47632127752,280.048176801225,1.86458035886374,8.81621051616081,6.16906344340573,21.1502742956692,4.60548250461822,2868.01299643803,96936.5548069313
26.3964432439074,0.144454995883365,1433.84560097155,171.513993150049,1543.75874756019,110.443512020621,278.917889247024,1.87451853295831,8.85456759981212,6.07554907519165,21.1639417831082,4.59550273319325,2865.83056585176,96822.197951216
26.3681822179511,0.144870747117612,1433.54750570865,172.024882056,1543.52684167555,110.477021615043,277.907206311465,1.88530646366391,8.89981394970686,5.93567176114965,21.1880497597009,4.58397199494289,2865.19644353812,96642.6972104519
26.3692980960666,0.145197450369271,1433.94960090722,172.506222661425,1543.96144567102,110.564550902197,276.983199460318,1.89718384089291,8.95239846229607,5.7579431650912,21.2231451722744,4.57081584757198,2865.76861031813,96374.7365009525
26.3985289513319,0.145435869284878,1434.90197384387,172.943863896748,1544.91234580946,110.694847506561,276.107169519512,1.91076328016141,9.01269916396842,5.54425892390784,21.2683057599273,4.5560361176046,2867.25490290848,96084.2052452254
26.4529455542383,0.145589623059839,1436.30440156348,173.335899791193,1546.30477273107,110.860847358586,275.245319818061,1.9268819185368,9.08043717229549,5.29304397093729,21.3219131149248,4.53975399017122,2869.48444822575,95798.5196116955
26.5292499630422,0.145657288180775,1438.05010768084,173.676280454809,1548.05549231691,111.055100586369,274.365069782987,1.94687595952271,9.15685063114629,5.00213953952903,21.3821197124709,4.52189749623348,2872.27108809697,95288.2212855002
26.6235591081522,0.145620775159355,1440.14111733046,173.950900770817,1550.18761711292,111.278646474271,273.462370341742,1.97238368414744,9.245912619893,4.66911052817102,21.4494992457405,4.50189173853066,2875.62511595992,94348.4318575391
26.730889522787,0.145447226421858,1442.936056036,174.163377939046,1553.10001801322,111.559263123968,272.613317785549,2.0042499273869,9.3479513768887,4.29446419141785,21.5310988292031,4.47932075130481,2880.24929543432,93335.6320249863
26.8457689940722,0.145103916148586,1446.93914457478,174.332799186531,1557.3431439769,111.934769536534,271.929332638344,2.04318285038662,9.45746407126571,3.88341768506502,21.6377793077046,4.45437678576928,2887.13438729038,92378.6855264546
26.9636767740747,0.144575089843837,1452.26482265711,174.456327461023,1563.04176767628,112.412285191223,271.445273936708,2.09172828778469,9.56828223108772,3.44448675119683,21.7760340899349,4.42759685896826,2896.5041335675,91385.9041271906
27.0816705567582,0.143860665095285,1458.60846264147,174.504099382353,1569.86447824155,112.96636259842,271.110512620888,2.15478181122637,9.67524189464033,2.98832102899275,21.9457103145113,4.39975811872997,2907.75488161417,90251.7308432455
27.1980229083506,0.142964029706663,1465.63762802585,174.446248710508,1577.44852956251,113.569042388918,270.865378106749,2.23878664773953,9.770909954326,2.52737698621824,22.144287608809,4.37209322254295,2920.22614164726,89133.0804107878
27.3116934866913,0.141887053707937,1473.17803169058,174.267156543182,1585.60203085339,114.203885650728,270.678402015998,2.35153446961409,9.84361513802098,2.07616592208986,22.369750423999,4.34640595411728,2933.56842099576,88094.7171977937
27.4221722477383,0.140641232996242,1481.06669585821,173.958288216856,1594.14473963695,114.854345889469,270.520119669833,2.50168784526777,9.87800506016416,1.6527083865099,22.6192015616329,4.32507726190092,2947.45765334794,87236.5135182983
27.5297901705688,0.139261199176679,1489.02268351583,173.512490664098,1602.76711557797,115.494003994362,270.340774337639,2.6949825669294,9.85651888993846,1.27858598447157,22.8871558735521,4.31094969998389,2961.34443122424,86665.5173391759
27.6363318523069,0.137802476394194,1496.58909559123,172.912321036808,1610.96742894074,116.083763963917,270.057778474171,2.92787870804131,9.76688010785491,0.971963117152893,23.1642591979872,4.30632540693945,2974.33487973907,86237.6139311084
27.7449706115551,0.136323639277436,1503.25076800423,172.130878896537,1618.18004562194,116.58288665275,269.576346667851,3.18337037762918,9.60930286245011,0.73906621631232,23.4387343115271,4.31184218647541,2985.41779788726,85873.9508411453
27.8587672949947,0.134861618048191,1508.70778042079,171.152520955777,1624.07332347672,116.970554320975,268.841713439746,3.43694840962283,9.39653558046113,0.571719695172411,23.7009474775685,4.32620010156238,2994.00525450043,85482.1565779528
27.9786696535666,0.133419391083046,1513.01491449947,169.984697476898,1628.70251826688,117.255033780051,267.866196481172,3.67074633580011,9.14692744588418,0.4533549088746,23.9467143409742,4.34697884050741,3000.20870599561,84963.3346982863
28.101720329037,0.131977303643751,1516.55598134292,168.658612997454,1632.48285335366,117.469572595685,266.727096194876,3.87846737993544,8.87507008571013,0.368190523510825,24.1785417011108,4.37191722792675,3004.79093764366,84424.2087142917
28.2213087150235,0.130511806907622,1519.84532985195,167.21667419619,1635.97387014919,117.656285800179,265.530288066856,4.06054240852043,8.588981832692,0.305096844024775,24.4035070437544,4.39944171083067,3008.77656081923,83926.3235507612
28.3304107897681,0.129009913592801,1523.24018937475,165.693198599868,1639.56546897143,117.844122035101,264.353637766688,4.21950398197797,8.29268529094682,0.257176904827711,24.6283738287315,4.42857775089709,3012.88432121881,83507.1507292738
28.4248501782839,0.127474181694947,1526.81045431597,164.106338930165,1643.33453149508,118.039295731466,263.2197481026,4.35726084491013,7.98897947086349,0.220443996478912,24.8562670906372,4.4587360367435,3017.26886652389,83200.9509225995
28.5047141354739,0.125917972249301,1530.38350254952,162.459369516176,1647.09245184658,118.229296547552,262.101595081307,4.47452541839041,7.68172803363063,0.192580473651488,25.0859264690381,4.48942169953146,3021.60527450744,82967.2091296592
28.5737178055923,0.124357223258763,1533.6848362329,160.747624034655,1650.53805086259,118.394104794276,260.947613995731,4.57152928958784,7.37671497659432,0.171956475042945,25.3131044472623,4.52002826007556,3025.3630633763,82776.5923615746
28.6369455629351,0.122804166182003,1536.49894407515,158.968950485833,1653.4336659195,118.518499840483,259.713641683679,4.64932002229914,7.08006294998285,0.157059290072263,25.5332030294024,4.54991260664942,3028.12403698115,82666.7944153636
28.6987237731589,0.121267117754424,1538.72303342664,157.128965801698,1655.66476991636,118.595782646073,258.376453849752,4.71010890272118,6.79607349608037,0.146490763523092,25.742672352421,4.57862933216529,3029.69186333337,82711.426116218
28.7616933961783,0.119753099952194,1540.28374741189,155.235877725531,1657.15004528809,118.620987393855,256.920655350863,4.75764675123333,6.52672026496803,0.138932290649901,25.9379560874357,4.60607612043249,3029.93049141776,82842.8052533945
28.8268168660115,0.118268761502397,1541.07365511158,153.294492933036,1657.77232801567,118.58590114969,255.327427625617,4.79671473262262,6.27191775300479,0.133244161430533,26.1145888741712,4.63251342638897,3028.63839277447,83006.9036417097
28.8937838991407,0.116816912612559,1541.03233033439,151.309056601122,1657.46634955504,118.485595301986,253.587403671114,4.83177154248622,6.03020392913447,0.12855747346343,26.2685607511898,4.65838454182228,3025.70439166795,83117.1512873552
28.9615351158045,0.11539228789749,1540.26962953705,149.289032881134,1656.35237412181,118.328309296097,251.720389393486,4.86628373612278,5.79983515665285,0.124263727279245,26.3985728831482,4.68402686693812,3021.34594558167,83064.8477335658
29.0287945885948,0.113982336845024,1539.12985377111,147.254207212685,1654.80609883667,118.140719045602,249.787125193649,4.90104567294485,5.57910231042946,0.120213573506126,26.508167743115,4.70949505119123,3016.23605295332,82938.5151154056
29.0945814244819,0.112572372492401,1538.1218366376,145.234063835394,1653.38271828324,117.962646631359,247.87770039245,4.93414619815243,5.3667626044559,0.116595778606621,26.6051757461758,4.73452466204119,3011.37001940135,82802.8769798795
29.1585327767712,0.111152831892435,1537.61778406448,143.249634942939,1652.48982669556,117.823613796364,246.059605358091,4.96335740919507,5.16259203292845,0.113619033232938,26.6977715444591,4.75868374911634,3007.47813678144,82677.5958319328
29.2206944922576,0.109722826496225,1537.68048329016,141.303667799694,1652.19938984946,117.729233222325,244.348126827044,4.98761853912629,4.96718712031701,0.111359702826116,26.7911359361525,4.78159557902883,3004.68880336433,82565.7632126377
29.280717085806,0.108287898196558,1538.15626806771,139.388068428816,1652.34866773335,117.668209337176,242.722417997909,5.0071897774855,4.78124674446633,0.109748331294731,26.8869156181521,4.80307417974859,3002.71096597985,82463.2616579993
29.3372605959573,0.106855809009913,1538.82876361821,137.493182213506,1652.70760748154,117.624172595449,241.151854338333,5.02308007829738,4.60497010178824,0.108645062807096,26.9845157441343,4.82313688836502,3001.13410882321,82366.6082572056
29.3885336064076,0.10543675276047,1539.51615508093,135.615064528133,1653.08357396889,117.583264277695,239.612694176065,5.03469242047875,4.43744798360654,0.108186650578345,27.0825214216899,4.84199630213418,2999.61811534049,82546.5580920581
29.4339194474511,0.104052659280116,1539.96838334981,133.756641751471,1653.20860554736,117.526481817414,238.074549988961,5.0366015888703,4.27697351030262,0.109356950547787,27.1771196280172,4.86008816152988,2997.70015209684,83489.017037183
29.4763973984602,0.102745193104386,1539.45157822666,131.906846818618,1652.28873350453,117.398180872924,236.438411139382,5.02165058195776,4.12550031801656,0.113723016947337,27.2547171228737,4.87789104086977,2993.99457991181,84860.2666063049
29.5236762699791,0.101569840640369,1536.63421652575,130.026483995799,1648.88065240864,117.097695333667,234.524041912887,4.98557612749732,3.99113341965708,0.122739673146258,27.2891748451015,4.89576104790563,2985.97043765931,86346.8805762912
29.585272095848,0.100571545467035,1530.33948082677,128.078944059579,1641.70684337264,116.536804674802,232.186373023235,4.92721372309023,3.88330718022166,0.137722442029785,27.25313296478,4.91394365298905,2971.39684940431,88013.8649028879
29.6671120942953,0.0997862771730744,1520.33598356074,126.085643044966,1630.51416808611,115.700695576083,229.438203019409,4.83504565473809,3.81152494160242,0.16402721216272,27.1295479996381,4.93207292370645,2949.88193345376,90096.3354549068
29.7646991146635,0.0992908038401926,1507.32601497872,124.171166218834,1616.07074926948,114.651604333687,226.481673882399,4.65998187002545,3.80259924603161,0.221738776585454,26.9140906952253,4.94661808282376,2922.91714756373,92358.7982277197
29.8596039070911,0.09924328568044,1492.08412501151,122.530046602225,1599.23851655601,113.466193430154,223.620498429951,4.33006536422417,3.91212416642318,0.355120070530881,26.6137680954423,4.94940818512612,2892.25926155404,94653.9337642468
29.9272145792421,0.0998458065453991,1474.95203745018,121.336993289963,1580.41248242776,112.184727174695,221.138207132103,3.82989177700033,4.17910906334262,0.642060713339321,26.2427411967876,4.93436860226887,2858.85882565474,96937.4147289902
29.9496900365738,0.101292533301673,1456.45602602561,120.752047793299,1560.16242107394,110.838087387289,219.259766649151,3.26173664745865,4.5595376800959,1.19286077546206,25.8152754202105,4.90729669398433,2823.90814343692,99175.8028604334
29.9239630848534,0.10376264148915,1437.77821165011,121.034237633849,1539.69533996157,109.479923018999,218.121624735772,2.79305134176483,4.9329044040146,2.0864825588344,25.3413431677485,4.88500121311985,2789.70874802795,101320.932267494
29.8598342812512,0.107404629895068,1420.04517021442,122.526248861039,1520.08455301456,108.157971009862,217.688050991115,2.49813618545503,5.20243854876689,3.27432532680587,24.8309590395674,4.88058987278654,2758.35376203713,103307.772632577
29.7703937257975,0.112284051510517,1403.69727105034,125.458219611135,1501.67583425484,106.891332162187,217.792358486808,2.33723462245723,5.35367416315311,4.60422318838105,24.3018138042208,4.89470547305431,2730.57554033939,105266.279352
29.6614476808647,0.118263926222553,1388.51879473529,129.808126957579,1484.2101344743,105.671975776372,218.238398165559,2.25290445572162,5.41738990931389,5.93204371653799,23.7729047587286,4.9214040328889,2705.8367765155,107297.513206425
29.5230861831382,0.124911153506759,1373.16926363057,135.21686278517,1466.37295171211,104.420090139964,218.687501198236,2.21334002961544,5.43075390727804,7.16376812930395,23.2490404795625,4.95468414154761,2681.400182783,109099.96724614
29.3343780317212,0.131866571805201,1356.06850063883,141.14365173537,1446.69151823452,103.040682849416,218.744039910873,2.20519269274982,5.42276641249272,8.24072271684717,22.7202633182212,4.99061212338171,2654.02174171846,110603.014533466
29.0827895403325,0.138855639722638,1337.03971448335,147.158366469458,1425.15248632165,101.53706968893,218.250462922339,2.22058378646823,5.41565040851826,9.12431409230659,22.1802929205206,5.02619486424229,2623.14293937837,111093.159195038
28.7799688282622,0.145562021708539,1317.80913740167,153.016733573311,1403.6568649459,100.045679370527,217.410590237069,2.25112701047766,5.42970545857538,9.78806120699608,21.645270644635,5.05765571229603,2591.83817509992,110209.070695749
28.4629208951575,0.151774616311238,1301.42975474106,158.622797196985,1385.41414325679,98.7942883889517,216.723526655483,2.28440827196743,5.47201649012937,10.2323147205105,21.1537319215501,5.08195441830655,2565.72970687094,109024.271251558
28.1739276669041,0.157328618149432,1290.45841078544,163.968585324084,1373.06109529649,97.9694070129657,216.664103616637,2.30898867560376,5.53880181755762,10.4818280558208,20.7419117789852,5.09775128101696,2549.56439588384,107800.198665372
27.9375418262823,0.162126753193141,1285.52902129235,169.064916342326,1367.20394726196,97.6136723329297,217.39718844686,2.32060589320317,5.62972848074021,10.5628160185788,20.4233501070038,5.10446424330756,2544.51077573425,106293.728721916
27.7581882374766,0.166183458922116,1285.93912526931,173.918431248064,1367.06718048656,97.6718064612838,218.847999412228,2.32047251491165,5.74874181384705,10.4937689383369,20.194650120696,5.10180779183299,2549.25156104322,104369.290239966
27.6308072577406,0.169579614099564,1290.90710795372,178.555210840962,1371.82482217019,98.0844673789772,220.916091133614,2.31022260059455,5.89653350127225,10.2916372974425,20.0504846548992,5.0900314908568,2562.36002799507,102455.963733979
27.5492129462563,0.172382144319426,1299.91219518185,183.02133348274,1380.93977170659,98.8123548598231,223.542396923499,2.29092971624985,6.06900346010953,9.97650670005152,19.9876804641818,5.06993045319312,2582.92395179152,100668.444041941
27.5077399975102,0.17465544433675,1312.32301891658,187.343930246803,1393.74956217451,99.8073936817312,226.646147753111,2.26441352309358,6.26108123064292,9.56949706683275,20.0005305088279,5.04257503138013,2609.79978377205,99052.9867146877
27.4995054767155,0.176473585754933,1327.30651762186,191.51660377391,1409.36474051934,101.005601593588,230.106182286703,2.23334915889732,6.46744522322218,9.09037510580077,20.0790831017653,5.00930233946504,2641.42395529343,97638.7422849234
27.5134268024911,0.177901513538705,1343.96521105055,195.497953587456,1426.8185690296,102.337791790325,233.778936481559,2.20086407751085,6.68357976670121,8.55378638707554,20.2105990955579,4.97148115082399,2676.07041408246,96384.0694600258
27.5352574030253,0.178985034913761,1361.49368380523,199.22829391575,1445.23930097645,103.741693935463,237.525967068686,2.17001029994649,6.90597075595274,7.96948937120274,20.3819108451208,4.93035512117182,2712.16359168009,95274.9151619552
27.5535154969127,0.179751173386857,1379.27112872535,202.652291310775,1463.95485344092,105.169358597106,241.235438653033,2.14357201827815,7.13303076939542,7.34572555724619,20.5816837182505,4.8867976617236,2748.47890304024,94102.0604892632
27.5633769110396,0.180211108353457,1396.95851764866,205.735011922379,1482.59958419119,106.594892783985,244.842496098487,2.12377135347252,7.366003741765,6.69128857587217,20.8027888459157,4.84105885392479,2784.34331111157,92680.3514156655
27.5669254034622,0.180375237418418,1414.69245694303,208.500646313581,1501.31871253237,108.028521052712,248.369819969869,2.11125291118001,7.60380473839836,6.01999794150373,21.0453765433832,4.7933149843554,2820.0314351172,91307.7392012363
27.5700567543289,0.180266708154118,1432.62726739354,210.99011500844,1520.27736741408,109.481043527931,251.850658050348,2.10625999679926,7.84116196312137,5.35070350901547,21.3144558927106,4.74406069388418,2855.86856988524,90084.1229572285
27.5779638981269,0.179932422675357,1449.69331727517,213.106495241157,1538.33770253885,110.868658353588,255.109462240247,2.11220538587091,8.07087417374795,4.70318632798878,21.6116831857331,4.69425102333132,2889.77103375695,89149.3354042257
27.5929335767529,0.179439986249485,1464.46669097004,214.733473967883,1553.98222836915,112.079391546876,257.910083478808,2.13349859718167,8.28349615544527,4.09582078040889,21.9312484399536,4.64557398317314,2918.97017322773,88645.7686380704
27.6147608481244,0.178854258613947,1476.16374998873,215.844718202508,1566.37418065953,113.050266261032,260.127084255387,2.17291221706489,8.47052421504299,3.540243821926,22.2604492215303,4.59997859162956,2941.97056572612,88343.7593940173
27.6421031285372,0.178218325402228,1484.6442781109,216.476187819929,1575.36428351232,113.768261475352,261.746877758809,2.23189300441826,8.62586028991871,3.03956780029972,22.5835115599097,4.55926154474456,2958.53927625345,88126.3202195712
27.6735589270258,0.177549122519286,1490.29627572063,216.700559346577,1581.36731423014,114.261228261918,262.847219240062,2.31064658887675,8.74352128475227,2.59342877926586,22.8879081273766,4.52502567652353,2969.46827689725,87988.2400731604
27.7084433865534,0.176850885886932,1493.80537975414,216.608885750341,1585.1133514933,114.580002068417,263.556291886675,2.40756166030038,8.81756774113721,2.2038757276329,23.1671914065633,4.49852146148026,2976.12236719587,87950.559615604
27.7478686021561,0.176136050164837,1495.8549501055,216.291015323971,1587.32567352019,114.775773947485,264.00351276884,2.51697697019124,8.8446536787248,1.87992203864298,23.4196768194489,4.48035648669236,2979.85865773589,87975.2257889052
27.7950414159948,0.175436553431255,1496.9335640413,215.819659374417,1588.51614456828,114.886293191717,264.288549683201,2.6260510662195,8.82789836151583,1.63485514062794,23.6463067762245,4.47005598723741,2981.6543699328,88039.6729633428
27.8536071491483,0.174799715276636,1497.34503345508,215.254121914295,1588.99900543965,114.937026419079,264.482242005358,2.71582508660939,8.77721417260126,1.47676416630585,23.849493937589,4.46606184096473,2982.13119149415,88309.3958444245
27.9249737036784,0.174284669176055,1497.18348566634,214.647730160834,1588.86597459353,114.938237102648,264.625538425632,2.76818560441179,8.70463074005888,1.4058696881083,24.0311732483639,4.46651077806853,2981.51638618786,89006.5881046546
28.0044698248882,0.173961103096192,1496.13385262477,214.031759067729,1587.77291760661,114.868506081094,264.704384484117,2.7734421386549,8.62199224378936,1.42012447406547,24.1892566302207,4.46981343966812,2979.2584674913,89881.2166186333
28.0797881951033,0.173902113395772,1493.56324851675,213.412482305375,1585.03718190652,114.681158485003,264.668069573274,2.73231773711049,8.53894094140544,1.5208428795567,24.3180904435966,4.47494315966209,2974.19826308073,90792.625959907
28.1361399659235,0.174154587738585,1489.10897677695,212.81017623135,1580.2661680189,114.349185613119,264.511985404864,2.65417589848206,8.45892051598323,1.71231806592624,24.4138344953999,4.48166184569669,2965.69716040342,91796.0036630039
28.162759872647,0.174726867483244,1483.01372163944,212.291467279528,1573.71370555149,113.890847180359,264.309936303082,2.55405531885534,8.37833225781484,1.99839877437234,24.4764782572478,4.49048475642511,2954.27716393009,92984.849112513
28.1548911033079,0.175615147135883,1475.78272380223,211.953302696605,1565.90883357219,113.343596491126,264.134635877494,2.44881071019198,8.291586635564,2.37712625958927,24.506035766142,4.50215847902025,2940.94521331037,94220.7066373587
28.1121228364913,0.176828026997583,1467.71728647801,211.879045638901,1557.15631221852,112.729054779169,263.978975174156,2.35264740824852,8.19634070836351,2.83719111933769,24.4999583368117,4.51706873072359,2926.28036803579,95429.0401802862
28.0364225670797,0.178370683859612,1458.98935332898,212.120054473655,1547.62421754988,112.059858236971,263.802614607098,2.27329458045933,8.09424843359131,3.36043854664818,24.4562645356703,4.53499589831355,2910.58916625645,96556.3580573108
27.9317558614979,0.180213350771935,1449.98487504637,212.703679322661,1537.72188954398,111.366697074468,263.622529943478,2.21207506239156,7.9894717313825,3.92366166383788,24.3773007000789,4.55515203868666,2894.58923046898,97557.8464074944
27.8057384166409,0.182275440133643,1441.28882747598,213.617080599233,1528.09473636402,110.696805241445,263.517318635245,2.16685897649512,7.88572166050125,4.49505646223845,24.2701155821992,4.57658622963936,2879.38239465581,98454.6859524034
27.6693872398414,0.184443042952017,1433.33062616172,214.786551790681,1519.24257830295,110.085714759832,263.55484849178,2.13485827771651,7.78483372591658,5.0356238498602,24.1435442764567,4.59854061108963,2865.75963249316,99246.2767713956
27.5327317327723,0.186613654993614,1426.24188313465,216.11301963429,1511.34527238809,109.545353195306,263.755640704443,2.11336021776505,7.68768171239926,5.51267060335332,24.0051323628755,4.62048418948318,2853.93082831972,99912.7033531557
27.4015926861939,0.188717362299083,1420.00757299226,217.51515889711,1504.40596869522,109.075270974441,264.111546821841,2.09969851475821,7.5951668455417,5.9097781718018,23.8603211406339,4.64200631768909,2843.82125517018,100440.781538545
27.2781690475747,0.190702974383157,1414.37248535154,218.892468975396,1498.15054613668,108.655565492009,264.561875407078,2.09200169467709,7.50866683097725,6.22586037541286,23.7127078848954,4.66272244882591,2834.86219387707,100850.743761229
27.163112889442,0.19252326140986,1408.87718986279,220.115560063833,1492.07587367517,108.250033793557,264.999788766812,2.08961814194262,7.43006943235639,6.46797143518278,23.5642425525181,4.68225317816103,2826.0608803431,101157.424910169
27.056970716522,0.194122184570835,1403.30320227707,221.094131291677,1485.93738292017,107.841545715343,265.356960634649,2.09246826663843,7.3646963363177,6.63990002088996,23.417081906833,4.69971986784863,2816.9084323707,100999.508796544
26.9615832880733,0.195438879677069,1398.03246766973,221.826342497552,1480.13967398383,107.460562902001,265.674140756549,2.0998190198452,7.3225218040389,6.73661877132741,23.278835590381,4.71328791780722,2808.10735102177,100115.621750193
26.8815593238001,0.196455981037396,1394.187337227,222.445552168853,1475.88056855883,107.194583882027,266.145538443686,2.10830897583972,7.30852376505148,6.75623859191353,23.1669623730487,4.72128208843187,2801.87680865769,99071.8638004242
26.8230600374802,0.197197277694246,1393.04235648918,223.158201933613,1474.5178371487,107.141907212904,267.018333862098,2.11346259371796,7.32006353677575,6.70723787926982,23.101938943346,4.72294519359055,2800.790894168,98044.9275877392
26.7899753378488,0.197708523671728,1395.15066970806,224.098836329658,1476.63891147944,107.344690429339,268.418291049401,2.11277275659894,7.35261549606117,6.602751090167,23.0949253407583,4.71831902622091,2806.0094036545,97107.1280837023
26.7811832763274,0.198035062166935,1400.22498967111,225.277707776686,1481.93662242776,107.780038415143,270.313473759746,2.10631564280878,7.40111231996954,6.45565157089169,23.1445059794247,4.70821948629934,2817.00725014194,96306.3533695866
26.7889986112523,0.198190632864084,1407.49817939373,226.59510878336,1489.59684571482,108.388497722296,272.56787998505,2.09601286839533,7.46183081780371,6.27396333574603,23.2405726484951,4.69373642787202,2832.26369498621,95576.8616786008
26.8012669745736,0.198155916965287,1416.12557894463,227.898443986678,1498.72685512522,109.105256206172,275.014617686192,2.08442742961923,7.53289540804418,6.06067521328858,23.3700765941246,4.6758401910679,2850.06585621609,94899.8626060333
26.807555614029,0.197903660393755,1425.46084131766,229.05862874969,1508.6446719173,109.880987374939,277.517378480381,2.07385321511365,7.61402837630648,5.81682237785463,23.5220955853887,4.65515326860438,2869.08990655962,94146.4756108728
26.8034581637535,0.19742157017462,1435.04153345822,229.99222255617,1518.86101705517,110.680413742193,279.974007149993,2.06619051779575,7.70686482263118,5.54211949582808,23.6904883643967,4.63177274341793,2888.3914115529,93201.4167464591
26.7913253338668,0.196725957165844,1444.24530211644,230.621531006033,1528.71235605377,111.455003757898,282.252652164535,2.06371043408518,7.81188650402246,5.23559693853494,23.8742826219708,4.60567691682607,2906.72316245759,92264.2014586969
26.7775399820688,0.195853327726966,1452.65736229412,230.928199537847,1537.75026383025,112.171205042617,284.262796901188,2.06846947623597,7.92699886809778,4.89688407957998,24.0749245938664,4.57707641851938,2923.27073465851,91409.2984213257
26.7679729328648,0.194843521487152,1460.26951830242,230.962729788003,1545.95641745666,112.826589050633,285.996778196045,2.08169725686447,8.0491630055113,4.52819461520682,24.2925017035036,4.54640319338465,2938.04252954013,90602.3814177234
26.7653548267106,0.193722935763906,1467.24498250998,230.785706257163,1553.49704587088,113.432254691291,287.486859588429,2.10430542693513,8.17497629190131,4.13530645474211,24.5247517359603,4.51428678606323,2951.38590361825,89796.0599151827
26.7692383771095,0.192492879458833,1473.7759119457,230.429409383766,1560.57277462589,114.001940541429,288.77556586861,2.13730567544755,8.30002773031379,3.72619070141573,24.7686519763149,4.48154824133743,2963.68830414014,89045.1966450316
26.7773582493203,0.191133188032936,1480.01889263149,229.893775033992,1567.34868656484,114.546809103847,289.899386594835,2.18221800141808,8.41871044502167,3.30938842913457,25.0214797878063,4.44916063595568,2975.24820518323,88370.1129632334
26.7871997804862,0.189623977243841,1486.02696117637,229.163814651951,1573.88025792275,115.069794436875,290.873869980767,2.24138920067213,8.52488075042018,2.89390144396205,25.2802656049789,4.4181897967082,2986.15624468882,87757.8828909257
26.7966489803081,0.187961732081638,1491.75783867043,228.229895034873,1580.12173338178,115.566005350952,291.695043773332,2.3178395741559,8.61203982714018,2.48961222322494,25.5414553983515,4.38979036277249,2996.32538287555,87189.3838452609
26.8033541693438,0.186160197051747,1497.14409092707,227.097275917749,1586.00237724351,116.028306243957,292.351708343096,2.41475806436515,8.6733037378772,2.10675022503181,25.801301280303,4.36518363162443,3005.63195494268,86672.0347463446
26.8042378785661,0.184243344226206,1502.14272759613,225.783604674888,1591.47989355431,116.451421856346,292.834572449776,2.53481313002211,8.70165965367656,1.75493070966636,26.0563573053867,4.34558830764103,3014.00842734343,86207.393981599
26.796405101096,0.182238961360517,1506.73652012713,224.310057854355,1596.53948491977,116.832235313684,293.138868138116,2.67921873980958,8.69112597109907,1.44213426883378,26.3037855486313,4.33204027505322,3021.43873172964,85740.7254227686
26.7783720093369,0.180172662608278,1510.94769107713,222.695308822027,1601.2063529101,117.171136787614,293.269957503983,2.84651578123332,8.63828487927148,1.17354971089494,26.542085762712,4.32513516175418,3027.97987728121,85201.8965458308
26.7506854895352,0.178063092869338,1514.89118420338,220.957319576188,1605.60249112382,117.476447074957,293.256631885664,3.03091507106568,8.54246801896552,0.951449493060661,26.7725620455836,4.32491245268176,3033.86650705924,84661.6739574531
26.7155375052924,0.175920391126408,1518.75025578267,219.112589098418,1609.92176219485,117.762831096254,293.146194746189,3.22206387131269,8.40639080503984,0.774703725366684,26.9992053718561,4.33076524609451,3039.46513391516,84160.1607152309
26.6755713309567,0.173750137976811,1522.64658672058,217.170216215268,1614.29182161962,118.041172679817,292.975303136726,3.4083247443919,8.23667859880748,0.63827357722269,27.2261413685217,4.34151030354986,3045.02094021777,83704.8721173402
26.6329446916037,0.171557633390753,1526.57338146568,215.131611373254,1618.70239465621,118.312841615203,292.753821988274,3.58076916282408,8.04209948792848,0.534725332723805,27.4556386930118,4.35575603937514,3050.52775510816,83293.8946023375
26.5892612579539,0.16934873509694,1530.43259813797,212.994504870101,1623.04437737048,118.572063948132,292.471164747266,3.73456756471575,7.83137640308146,0.456619790633995,27.6879257721404,4.37222941584515,3055.80024512065,82922.2705415052
26.5458939792944,0.167128783469653,1534.10706381149,210.757159349073,1627.18686424693,118.811343402828,292.11071231089,3.86797656286225,7.61218314460991,0.397811416702721,27.9220432885636,4.38987358875248,3060.61427044475,82585.8792648611
26.5039844588796,0.164902472379694,1537.51026489303,208.422271925765,1631.03161613075,119.025301039299,291.660223372061,3.98115609790866,7.39060351399747,0.353533698295549,28.1567320461359,4.40787390739641,3064.80605289007,82327.7962782286
26.464141308369,0.162676127287668,1540.57911769377,205.997891076966,1634.50676815723,119.210083937219,291.11122894974,4.07537789068545,7.17069276274592,0.320172789055259,28.3904726833861,4.42571653031743,3068.26085813235,82218.8714897206
26.4260655234417,0.160458950132818,1543.20565856246,203.491496302804,1637.49501029262,119.358082157994,290.445283311942,4.15373387339569,6.95497909967857,0.29460940699497,28.6201603307968,4.44319749751383,3070.77944561686,82195.2011591263
26.3885006572916,0.158261834417393,1545.22402459168,200.906984122282,1639.81989703827,119.456900028288,289.631046964002,4.22132589998385,6.74456350386568,0.27405969886288,28.8406110722836,4.4604416650052,3072.05100471709,82205.7701740749
26.349840730249,0.156092499935577,1546.51496529932,198.250284198388,1641.35640474716,119.497498616345,288.645071124298,4.28349167763754,6.5390463333517,0.256373264359364,29.0465383795037,4.47780066698157,3071.85541470438,82202.3471086585
26.3091268332991,0.153951111500337,1547.10431503702,195.534403891336,1642.13489640628,119.481925262073,287.491603872248,4.34443443811915,6.33718315976224,0.240115983981535,29.2349152088921,4.49562674049953,3070.25362853329,82132.251535161
26.26722301671,0.151830959738657,1547.19564199537,192.782267172714,1642.37566846009,119.425895902098,286.211040747039,4.40621168363728,6.13717474029855,0.224601500750556,29.4064428811494,4.51414682350224,3067.65288128687,82034.8047813922
26.2272242272543,0.149722817761727,1547.09309778525,190.022128577252,1642.40677555521,119.352858851799,284.866643914769,4.46872935549682,5.93699462816247,0.209737300296816,29.5650279831847,4.53344356462405,3064.65784575051,81941.1665644192
26.193153522916,0.147622001150222,1547.04395034659,187.277291329545,1642.49512797133,119.28188370738,283.513664203471,4.53016429371181,5.73495181757394,0.195895158755205,29.7152610899801,4.55351291447659,3061.7628343112,81936.2055415047
26.1680582193287,0.145534745138753,1547.10377013441,184.559048492358,1642.70104302388,119.217365740188,282.172683646431,4.58708662575691,5.53011393448508,0.183826995802693,29.8595245516296,4.57435833427477,3059.08876468705,82148.6419443245
26.1526750858643,0.143478724412672,1547.06134288324,181.86275652178,1642.79650908438,119.143359823719,280.814421297583,4.63634534380802,5.32350552120622,0.174175143722292,29.9951899322381,4.59598324695726,3056.23586459742,82482.4743289912
26.1452284893333,0.141477863197543,1546.49555341806,179.170483023562,1642.32555459842,119.028004327481,279.37034071569,4.67670341664633,5.11827008170485,0.167128683934337,30.1145452451364,4.61837890463874,3052.39320170529,82853.4075961193
26.1426331104582,0.139554464431427,1545.02884505322,176.469173311312,1640.8770015603,118.842968873887,277.780567996057,4.70745684439847,4.91742293556654,0.162734387690155,30.2088891209341,4.64160166886283,3046.83501758906,83428.354836764
26.1428414300703,0.137730532040433,1542.42722902798,173.759875482421,1638.19515679361,118.571217903663,276.014697330954,4.72411547469926,4.7228585271938,0.162140355546721,30.270382714095,4.66579609071885,3039.12208934732,84540.5420695094
26.1487865565037,0.136030560009734,1538.35259257336,171.034046311792,1633.92191737635,118.188880142807,274.028549003104,4.71549658266119,4.54135061999702,0.168672122112749,30.2871884628684,4.69062883317689,3028.62295943421,85940.1439391366
26.1714132544847,0.134475150078719,1532.21780374614,168.250594780066,1627.44701831711,117.655324992282,271.7404896178,4.66606667065551,4.39041139427932,0.187325956306792,30.241430865395,4.71457889077264,3014.22963333136,87413.9979277606
26.2265091055975,0.133066584959225,1523.55012941898,165.360863763009,1618.28956414915,116.940244968171,269.096907313945,4.56535713118203,4.29269329877615,0.22344875496327,30.1171326980906,4.73529008085285,2995.05718345127,88895.9893109564
26.3262361596246,0.131801298757885,1512.51894258619,162.372398084807,1606.6479701648,116.062222412105,266.172393809775,4.40676670319773,4.26640511048272,0.285950096933146,29.9091166151926,4.75046901331631,2971.47894527717,90374.6231742519
26.4695954916035,0.130721806831298,1500.00377522717,159.401240768442,1593.46492958789,115.094970225733,263.221994752058,4.16941135832053,4.32621621107844,0.398709977669412,29.6273512017013,4.75757410946896,2945.31245035311,91835.5454687318
26.6398229999117,0.129951948211143,1486.99948689522,156.638575246697,1579.7938905887,114.122554968072,260.604947302941,3.82833771656232,4.4851970713282,0.610324593563922,29.2944586262419,4.75372087097488,2918.69001010024,93260.4347640582
26.8143569068741,0.129662682762703,1474.03146881096,154.254478053161,1566.18215543077,113.18755887612,258.621907548929,3.4037647545122,4.73239456303907,0.997046301282628,28.9345077950781,4.73945239043617,2892.84637374231,94923.9957917077
26.980343039751,0.130062075171376,1461.07834351467,152.394530932548,1552.58657957778,112.276608077958,257.409261348137,2.97673800616024,5.01112540300785,1.65435113869231,28.5590325335886,4.72251431388274,2867.90555347617,97127.2421136395
27.1490939668981,0.131470702720555,1447.6361510438,151.321742365812,1538.41395863332,111.326144479025,256.87719774453,2.63852458852149,5.24433724087344,2.64208129427002,28.1594440008682,4.71455190137516,2843.03983096752,99407.4890321782
27.3559225488699,0.134332509151323,1433.01595444372,151.473196362116,1522.82787008486,110.258198968851,256.752092947485,2.42044246376298,5.38861329485014,3.91715464673342,27.7172080381992,4.72271339879559,2817.07022052525,101550.04788134
27.6353891797386,0.138915454978753,1417.22326813678,153.24963807067,1505.73973630914,109.061851893174,256.813270163735,2.2970425986141,5.45204925633723,5.34973590048171,27.2274845023859,4.745791381885,2790.07890995453,103145.543563601
27.9913949075195,0.144842969376219,1401.57816883108,156.755258582319,1488.52690502172,107.843126824747,257.075090220119,2.23227840719004,5.47045423726353,6.79081853444429,26.7101711548838,4.77714119787099,2764.48208631181,103898.843795145
28.3815490124603,0.151257719664348,1387.70002259642,161.663576680163,1472.95230178597,106.738735191849,257.619855766553,2.20015765984814,5.47512638914372,8.11923241930373,26.1996614295962,4.80992208279419,2743.01424823185,104318.08880762
28.7372170250148,0.157585459235076,1376.14201560743,167.386676404285,1459.66609915512,105.801757470232,258.367930865555,2.18605168173972,5.481981155998,9.2563395407776,25.7243645675995,4.83987362509773,2726.23679523465,104560.84325317
29.0059205469344,0.163591938725119,1366.72980734801,173.432329530093,1448.53369182782,105.024723390565,259.184154230645,2.18254271422334,5.50093137809701,10.1650573730917,25.2964360724425,4.86470653929381,2713.44058008158,104254.396793595
29.1723231904844,0.16915186931285,1359.46009210117,179.521921414202,1439.6039117569,104.411520806739,260.054162024093,2.18508677907205,5.54152066702168,10.8383056606709,24.9213183194696,4.88277748044839,2704.45325316801,103156.521603188
29.2529222162043,0.174226882566182,1354.99744092811,185.511828183955,1433.66738010417,104.019089398883,261.157445054141,2.18808234795842,5.60662746123442,11.2919792590864,24.6107828306508,4.89313781217612,2700.53861534054,101871.867053152
29.2766899958651,0.178776354957114,1354.19024942794,191.318514805868,1431.72496044582,103.919580688484,262.734925135529,2.18589805695609,5.69293180677021,11.554854643499,24.3792880605652,4.89557148026987,2703.3838043878,100579.757123703
29.267299604205,0.182809105531617,1357.259961753,196.913258144731,1434.0707328307,104.133794951024,264.897250398372,2.1755740016269,5.79612222655887,11.6570512241557,24.2314930728346,4.89051927668804,2713.48406205653,99512.3641667472
29.2387361599546,0.186415218207039,1363.64168365877,202.316739215557,1440.1037160705,104.617194102818,267.58646876411,2.15729289478858,5.90993497558114,11.6254331165891,24.1586499380086,4.87941829772569,2729.81352656091,98843.1343394347
29.2011925002889,0.189674352852107,1372.15653184191,207.522661817406,1448.53540146102,105.276220784143,270.608399023802,2.1342264612945,6.02968526155533,11.4750810226681,24.1418548939577,4.86403021469013,2750.11882531465,98299.1964683638
29.1651660699549,0.19263584562747,1381.45901590867,212.462654116518,1457.89588453832,106.005438532619,273.719530674322,2.11070036809797,6.15340819482921,11.2091968297168,24.159449149159,4.84586860139967,2771.77101277422,97807.173337783
29.1388527902492,0.195320898178603,1390.61153868468,217.05827013768,1467.16240590356,106.731892715677,276.739460878107,2.08994718367662,6.28012975331455,10.8297696994281,24.1952915283151,4.82598468650749,2792.91047599474,97293.3303816427
29.1256747101165,0.197720338635374,1399.2528343849,221.262210159514,1475.94177083577,107.427476907725,279.58652248073,2.0735070327389,6.4102909868098,10.3454713656747,24.2413750606384,4.80477087550181,2812.80139344296,96699.9850790458
29.124712993575,0.199823249046928,1407.47635773886,225.075248315491,1484.33445227171,108.098593913088,282.261950791075,2.06137063164353,6.54393590665667,9.77607282554615,24.2961233326999,4.78231662157461,2831.61165599512,96152.0410280568
29.1330323465184,0.201628791471965,1415.54237293171,228.53222068565,1492.62092626422,108.763764092026,284.802064597092,2.05285823999749,6.67977412500864,9.1493625686415,24.3603597663223,4.75877017480046,2849.85430141453,95689.7337691961
29.1480941908329,0.20313413855255,1423.57412994405,231.656953705375,1500.93623837783,109.43137440346,287.221929033749,2.04791216576178,6.81848370907941,8.4903031912346,24.4336360952683,4.73408665851555,2867.77813652758,95044.325676988
29.1684597376529,0.204322686829205,1431.57563166167,234.438635494912,1509.28806533893,110.101845538396,289.516678647933,2.04715903643173,6.96461602732526,7.81415455414732,24.5160175085804,4.70766164226014,2885.38243023051,93970.9189510035
29.1931039592056,0.205177692113116,1439.47955615009,236.839016663449,1517.60255689073,110.769966403396,291.673803373418,2.05118552359266,7.12006880959407,7.13155654868082,24.6134664418956,4.67893874871143,2902.50913451766,92856.3093772203
29.2210859746833,0.205693368629375,1447.3081360256,238.847743891011,1525.89185203083,111.43629396522,293.704819847025,2.06043262910146,7.28164062696381,6.45374339353163,24.7360550997129,4.64784484783591,2919.18556788979,91830.9340101293
29.2519710855221,0.20589376829842,1455.14563665025,240.501043134719,1534.23053327991,112.105519999197,295.636911023443,2.07524204066327,7.44410056436714,5.79210952691096,24.8900125077184,4.61480256794085,2935.59000570165,91004.5776670128
29.2860880236644,0.205833162623933,1462.89752564685,241.844993796507,1542.50704611829,112.768262492435,297.464909073671,2.09635385968239,7.60027884283158,5.1576379799593,25.0736870458481,4.58094419343969,2951.57381022989,90476.119641912
29.3244442280365,0.205572209535734,1470.18216407229,242.895285642904,1550.31367085043,113.393413711552,299.123874704592,2.12560222849963,7.74398239354125,4.55712943017501,25.2775133817713,4.54770556114175,2966.42732190237,90073.5037762224
29.368283126331,0.205157988259865,1476.51219073401,243.638237214339,1557.13842165195,113.942366302394,300.521431478341,2.1657427956079,7.8712490710782,3.99183842331766,25.4878045181293,4.51643907483994,2979.22219003045,89718.7591339709
29.4183949587694,0.204615714681258,1481.63825060461,244.069786460985,1562.72328118588,114.394981337336,301.609289635978,2.21947746052425,7.9780622233111,3.46173133940912,25.6931302420074,4.48837948640306,2989.48823375138,89416.0148787551
29.474121925304,0.203955572778976,1485.63472916121,244.2136861747,1567.15051300975,114.755780225703,302.407045327626,2.28873535008428,8.05922518880281,2.97042330576742,25.8874646872115,4.4646338355264,2997.38918563569,89185.5892798114
29.5314999416063,0.203184990189821,1488.73203969802,244.108568635046,1570.66609575268,115.041129640601,302.979498793841,2.37362948458716,8.10874440391549,2.52911595179146,26.06950921141,4.44617907706437,3003.4025913355,89002.0912129196
29.5829715766092,0.202321509866703,1491.15068398257,243.791151839416,1573.50641999631,115.267018433849,303.405945562813,2.47037047128231,8.12179011925228,2.15473368768681,26.2407003802611,4.4336917193601,3007.99681533559,88853.6555379657
29.6207611860044,0.201399513852624,1493.05245465259,243.295487107022,1575.8448957567,115.445748692697,303.756542507377,2.56990412622265,8.09719890288781,1.86097647398584,26.4032274643637,4.42727075021922,3011.52850465569,88796.4353524079
29.6412297971072,0.200472868657378,1494.51725232471,242.661109363184,1577.76277382643,115.584089159816,304.07748342593,2.65905127835225,8.03862742890555,1.65327450079249,26.5585074480367,4.4263381399768,3014.19441017407,88900.6977845305
29.6487176814009,0.199619127046344,1495.48990769983,241.941210240002,1579.18715474139,115.678799019975,304.387281794035,2.72279228035851,7.9550807697698,1.53351434466932,26.7065398674918,4.42961865299132,3015.93538758103,89082.602223462
29.6554851328799,0.198935728950951,1495.82044763642,241.205178387867,1579.93373924562,115.719643100217,304.693467384736,2.74691352600383,7.86011377394061,1.50492485896984,26.8469378220978,4.43521346037215,3016.51984164631,89297.3003714966
29.6754022892112,0.198516748024983,1495.41069489593,240.534284414351,1579.87163919601,115.700338778093,305.01742527487,2.72319533732989,7.76536375966739,1.57178252954014,26.9802538507732,4.44142726602302,3015.82404049776,89846.3048422656
29.7171533309871,0.198446208424434,1494.13302515991,240.007226510442,1578.84593379294,115.610974199813,305.369178640069,2.65388472794885,7.67260408798213,1.74041513853081,27.1044322450501,4.44808381540882,3013.66844307243,91122.6679093028
29.7799255228397,0.198787291133676,1491.41121248917,239.643127495692,1576.23946045079,115.405178077381,305.638734463816,2.55513228156926,7.57789360958489,2.01171880689865,27.2050207313505,4.45649737849212,3008.97008594613,92672.3640656043
29.8528175159614,0.199563896373768,1486.20928424871,239.371003672486,1570.96341939723,115.000110944133,305.573823438325,2.45223738164298,7.47748628255281,2.37136733418598,27.2544812532128,4.46866280425733,2999.68949128164,94253.2268768363
29.9209617003824,0.200741945746004,1477.95393522981,239.120455659188,1562.42794753118,114.349702724594,304.984947179964,2.36535147808485,7.36950486080365,2.79191530884183,27.2283147738198,4.48611127089644,2984.65598529222,95732.5572044721
29.9763110387391,0.202239526035279,1467.34664400676,238.935282735454,1551.38787068743,113.509082183233,303.944389846041,2.3017881621079,7.25635704482278,3.24087147575408,27.1194857455373,4.50879246651082,2965.20319916125,97012.0212074406
30.0298159585445,0.203981566248027,1456.02319761225,238.975091743882,1539.562035829,112.607626057765,302.742919636518,2.25827506244368,7.14221374535841,3.69038584388468,26.9397213602806,4.53539057785019,2944.52093595201,98193.6504191806
30.1111051001605,0.205933914722794,1445.36286558861,239.390660594185,1528.3696264111,111.75508518053,301.651640098367,2.22824417350921,7.03020852864618,4.12226254488922,26.7093259985215,4.56430981376518,2925.29998313245,99302.852107556
30.249095832821,0.208061389949061,1435.87424549612,240.217304363431,1518.30936219883,110.993598914863,300.778760710078,2.20743850058329,6.92605152273847,4.52309809136447,26.4467634679206,4.59374697030947,2908.50168670032,99946.4877278308
30.4522820624797,0.21027252859382,1427.65606314135,241.381785200154,1509.47934639643,110.333846065078,300.140951754426,2.19409975579837,6.84038404315508,4.87599098270366,26.1696424574494,4.62127225849829,2894.25346791851,99796.2191910041
30.7020802370214,0.212445652736548,1420.88243116392,242.765666489512,1502.09707348038,109.791544105562,299.761454705602,2.18630478898953,6.77994668361933,5.16436829270359,25.9010057244202,4.64468229078072,2882.82157887383,99381.8091694966
30.9652680570576,0.214465420130319,1415.97005792853,244.294093909961,1496.65363129703,109.399656268541,299.712411647232,2.18143102107446,6.74458251283449,5.3779243774971,25.665167177564,4.66264937592734,2874.97875776317,98870.2443386654
31.2147557234443,0.216270036283825,1413.24859305099,245.945931929291,1493.53567097105,109.183238188066,300.053321117345,2.17717565843626,6.73118828986214,5.51442846408262,25.4769414086032,4.674784388744,2871.36370375834,98411.5800792981
31.4376507425011,0.21786048516153,1412.66662695721,247.710290747384,1492.70582189338,109.137133161911,300.7763299672,2.17215883677103,6.73403201525929,5.58109280058962,25.3380843417333,4.68180199020909,2871.88651584674,98127.1029824072
31.6285016603298,0.219242373910357,1413.74398240129,249.520435106628,1493.66783556652,109.223783385924,301.792639593614,2.16648823833385,6.74824273102022,5.59046175066744,25.2404168684573,4.68485788669839,2875.60175456639,97850.6341305142
31.7823767168937,0.220399374905097,1415.81135257512,251.252166824322,1495.73126264223,109.392326509065,302.974819730253,2.16113095869715,6.7713509214111,5.55565493047008,25.172252264313,4.68496486715372,2881.16854214834,97545.3438562899
31.8956605355668,0.221297691690719,1418.39149212724,252.794428326649,1498.40760850715,109.607292683253,304.227029294824,2.15711861218912,6.80379395110943,5.48467567824374,25.1251610093313,4.68253550903167,2887.61510112604,96999.4133975446
31.9689671154339,0.221899535369101,1421.43152236397,254.101948194771,1501.64545657788,109.86581131305,305.527572431701,2.15516550125877,6.84981111880059,5.37536105341581,25.0979392052031,4.67703322666443,2894.8058031239,96043.319891903
32.0084837198028,0.222196821019917,1425.4094677173,255.2349648083,1505.93319668386,110.204427473616,306.957311725994,2.15483475401643,6.91155149083224,5.2179849670145,25.0977622517802,4.66773420139535,2903.66680202143,95037.0618277564
32.0238545778134,0.222211366777815,1431.00848962889,256.322443603921,1511.95872261465,110.673688946976,308.6414019648,2.15539147642064,6.98653525355201,5.00222140134492,25.1348508696689,4.65439350938095,2915.54897348985,94105.8145963823
32.0239818617248,0.2220010427398,1438.54062413674,257.47328595632,1520.01801589409,111.294418494918,310.64052208981,2.15677180958774,7.06734994520102,4.72778268167057,25.2137578129115,4.63779225291389,2931.09043419662,93613.7816500336
32.0152679682101,0.221660234007502,1447.55651372838,258.71215838044,1529.61423664761,112.028017721719,312.874629623132,2.1599006393235,7.13997994161936,4.41005802257641,25.3275663600969,4.62029916876778,2949.44121939722,93912.0277006109
32.0036974477628,0.221272461105992,1456.18864964758,259.83343067522,1538.7725573997,112.727593119136,314.966812933762,2.16948774431259,7.19356944867207,4.06838473417361,25.4527172696246,4.60478462734138,2966.90483583574,94475.1800136438
31.9963219302439,0.220876331443379,1461.91347903143,260.478135980701,1544.84862683023,113.198002342513,316.389818248936,2.1928642785264,7.22502291521334,3.71571163601714,25.5543091342118,4.59366363509342,2978.43959338015,95085.9850067901
31.9989388863937,0.220445833492228,1463.49282472052,260.428075573684,1546.56864288802,113.345257548228,316.876230752517,2.23520118690744,7.23597361942039,3.35691345682719,25.6050289566921,4.58825170002262,2981.55797603633,95372.0050170471
32.0128061081633,0.219901532595051,1461.65550208608,259.725414708549,1544.73403558571,113.228065414089,316.56735843833,2.29807602356895,7.23232275786618,2.99111249675462,25.5996717669945,4.5880288064168,2977.69955310888,95011.4317986337
32.0324790803935,0.219172820871146,1458.61074853812,258.65064552353,1541.6945740373,113.017863100705,315.927266500394,2.37867882468458,7.21561358536644,2.62421613847029,25.557827791841,4.59171037306755,2971.28615610746,94502.5515822496
32.0481235210551,0.218236738653847,1456.77012774637,257.564920032868,1539.99623468967,112.899420644993,315.477703937443,2.47115861030692,7.18113442605596,2.27246373059493,25.5100509243361,4.59828900775832,2967.175587352,94022.8872516526
32.0514970495719,0.217110581033469,1457.16286167579,256.647140092515,1540.71455674085,112.949968013015,315.449163576993,2.57150537679055,7.12655722700273,1.9513804085323,25.4783290777479,4.60691309500027,2967.45288416643,93364.7871880858
32.0396529495225,0.215816945733093,1459.5296279563,255.870066492553,1543.56434955637,113.147934107528,315.791431873587,2.67904772995877,7.05481896324853,1.66779351997577,25.471561470744,4.61672027717015,2971.59604421022,92313.2543529787
32.0149946476925,0.214356367922431,1463.43722765028,255.146778543865,1548.08472099774,113.459312890902,316.410884059684,2.79375640918491,6.96814430979907,1.42132616936307,25.4945675300195,4.62714748486298,2978.71202920062,91188.8687935749
31.9828387770695,0.212707380172395,1468.73177667296,254.411325689779,1554.11651264014,113.872189468886,317.268984097999,2.91488031977126,6.86541331370936,1.20868499962556,25.5531553921023,4.63801306974912,2988.45841579828,90113.4645895764
31.9483379112706,0.210860046686206,1475.22219082587,253.605843151552,1561.46049776455,114.371669707005,318.317578739677,3.04134323873714,6.74465398542356,1.02666982143905,25.6504452271711,4.6493921785832,3000.42631172895,89169.1633887501
31.9145091203816,0.208836240149158,1482.482887829,252.669991571382,1569.66382873609,114.924423980317,319.461300622178,3.17064681776714,6.60429715668738,0.873682093811101,25.7840006249064,4.66161132595887,3013.75516196695,88429.0105023908
31.8814528944958,0.206673120602881,1489.90352172114,251.534557361388,1578.07255703403,115.483059479347,320.566513810791,3.29937202723721,6.44553131505066,0.747715266455566,25.9458838195077,4.67491541103946,3027.2219850623,87786.5775517943
31.8469069082485,0.204401021281512,1496.88812377793,250.131582233484,1586.04498368143,116.001806629475,321.501597866495,3.42477367773871,6.27233375771995,0.645206449872897,26.1253648877493,4.68931200245509,3039.62926613112,87192.8289479031
31.8081491287565,0.202035117077855,1503.09261708071,248.424100449244,1593.20698077588,116.454748416557,322.189156264752,3.54537263110672,6.08947834716678,0.561677315911449,26.3132907950767,4.70461147321185,3050.28366287722,86581.5738030398
31.7637697821311,0.199578592476509,1508.49973933681,246.419861340443,1599.53387791,116.841344634562,322.624134814349,3.66134274862357,5.90119508090729,0.492466956627162,26.5047965361311,4.72047369491165,3059.15226170338,85882.7855464312
31.7144763290288,0.19703384551443,1513.36496609304,244.170093019195,1605.29289086122,117.181924375806,322.865895500088,3.7734078536043,5.70939237456107,0.433787955544646,26.7001492541352,4.73661521737184,3066.76029216633,85188.2323989879
31.6626650985407,0.194410268242723,1518.04326190545,241.748063712736,1610.85789636929,117.504169000698,323.001565192228,3.88182574420285,5.51354706033109,0.383132874817077,26.902924390925,4.75292481359898,3073.84370826911,84547.3202664227
31.6110211433929,0.19172701072025,1522.76063372585,239.214759135506,1616.46582336343,117.825538706072,323.092956014672,3.98588801750987,5.3123347622897,0.339300329234268,27.1160914749509,4.76944479705957,3080.88448649482,84024.9360972427
31.5615330060794,0.189011484641874,1527.50576670327,236.601418148658,1622.1012100077,118.145113824006,323.149803546032,4.08353672012395,5.10497728426208,0.301977356267042,27.3392451380031,4.78632304903127,3087.88861940102,83697.6591806813
31.5158450291581,0.186292174605397,1532.03023014618,233.907316104625,1627.49719696815,118.443750086531,323.127185850393,4.17358599275566,4.89226427561303,0.270554419636111,27.5673068605033,4.80374054168268,3094.38409765697,83482.817126534
31.4759730373999,0.183592649435429,1535.96869951233,231.113459538143,1632.26389837539,118.693272184613,322.951302536366,4.25722564959701,4.67586590989119,0.243880716090506,27.7916205883842,4.82195339256107,3099.6610013626,83323.5917827716
31.4440141176577,0.180928528236355,1539.05500102895,228.208414777522,1636.11750362195,118.873136795658,322.568159873231,4.33619660277973,4.45692862427271,0.220922118045132,28.0036019068192,4.8412869661744,3103.20397674704,83231.5707269753
31.4211099571098,0.178308707984189,1541.22053209514,225.200487674704,1638.98367622171,118.978155738948,321.966525104682,4.41078138956344,4.23603436904632,0.201217100196512,28.1971970307244,4.86200210904369,3104.88927192697,83248.0824294231
31.4061861884924,0.175738441242333,1542.51376136194,222.108349882189,1640.91044008606,119.01248581758,321.161143795347,4.47935907243355,4.01469606663881,0.184836292247027,28.3683996324768,4.88411098743111,3104.82319770261,83330.9369216804
31.3955584774665,0.173221097229541,1542.99430527848,218.948256765458,1641.95509505862,118.981596262626,320.169985807507,4.53938687823187,3.79648300401623,0.171948050126865,28.5140583094309,4.90728373647419,3103.13011121724,83447.6843533578
31.3843964054031,0.170755785019612,1542.73654430745,215.734439427636,1642.19000264703,118.89239098495,319.014096104958,4.58969213710939,3.58638377177087,0.162261219275121,28.6319633383679,4.93093582348571,3099.96066219521,83513.4594285366
31.36899825788,0.168334627685368,1541.90046338989,212.486295610927,1641.78073979495,118.758284374671,317.731402268187,4.63167176382203,3.38921936158999,0.154999082923365,28.7220188591986,4.95439566371916,3095.63372799884,83414.3092416004
31.3486865076503,0.165945648445928,1540.81536478819,209.238640369138,1641.07721848785,118.605416908264,316.395687282957,4.66671524427919,3.20800065199133,0.149558002141396,28.7881478906952,4.97702919987996,3090.80612784321,83246.1432099012
31.3260592499732,0.163577114230904,1539.94071506354,206.03993512021,1640.572160859,118.46968994733,315.109040075176,4.69451538767021,3.04411096962896,0.145701565403754,28.8379293571264,4.99822856740432,3086.39723386598,83075.754327264
31.3051489756394,0.161227013501127,1539.58295759727,202.92489090731,1640.59676794964,118.375060723622,313.943252616875,4.71328592304031,2.89810308178218,0.143572790631222,28.8786730570656,5.01751220208419,3083.0265651238,83129.6372148383
31.2897638367062,0.158914990055908,1539.65442597015,199.897589471716,1641.0601424479,118.315209266987,312.892588782832,4.71828828152371,2.77045106830283,0.144195092239659,28.9122974120115,5.03469137339568,3080.54021196813,83756.922523581
31.2843987920565,0.156680724200109,1539.4791082065,196.915103241207,1641.23990000569,118.239133141003,311.833805982226,4.70288493137702,2.66562819222034,0.149525705118266,28.929594333181,5.04962203566287,3077.62687418844,84685.7980467848
31.2961029760623,0.154571808414828,1537.89050114894,193.890514185962,1639.88599792349,118.059244275609,310.547973349446,4.66122085283245,2.594564509015,0.161840035979971,28.9104469888836,5.06185581845907,3072.00764796864,85688.1895528969
31.3335708793805,0.152627191025878,1533.90461002996,190.751669456315,1635.94015444297,117.702786308464,308.861132551435,4.58954964875923,2.56954528602488,0.183523332069173,28.834208176334,5.07077705998005,3061.76507225533,86917.7540917825
31.4040069377411,0.150899074217253,1527.17165437621,187.491560539672,1629.01840398112,117.146172978901,306.74483749163,4.47656357935607,2.60103877357622,0.221486237401022,28.6873120881495,5.07563624633273,3046.24660213811,88706.0112643076
31.509452584338,0.14951056253901,1517.78956644117,184.171303946232,1619.20730758888,116.403104235914,304.314133294979,4.28354086800434,2.71085795753429,0.29853131227853,28.4611356342262,5.07386811768508,3025.73104478392,90737.7702230796
31.6444524097873,0.172143763383084,1505.86472018847,180.882807516746,1606.58343160042,115.47834714746,301.908257949873,0.347912629907819,2.7808916259453,0.563544129190331,28.2124373108047,5.07861782682756,3000.64415433213,92804.5131284504
31.8130597932628,0.484942510828421,1490.83954052467,177.935371568072,1590.22511057415,114.153059783862,302.473180315697,7.55385548926809e-13,0.80093775475813,2.35483053923806,28.8043062948765,5.31845922552165,2971.53972875094,104439.252053636
31.983025849962,3.85988741200737,1478.7082716136,175.649762741186,1576.37903571099,113.069244044604,303.600235678681,1.58512920162028e-13,0.013061318171023,4.38374887839486,28.2548708922412,5.46600687957867,2947.92636083301,107597.657032126
32.138744523045,11.9603263756129,1466.89172474751,174.02881906298,1562.68550880883,112.031062661276,301.275566110016,1.97373053567069e-14,5.02081774694335e-05,6.40730707171735,27.0902587729545,5.53676706697222,2923.15510953832,110955.028693046
32.2687759097438,20.6965244641376,1453.88905427813,173.618516138255,1547.69321553694,110.891938008391,297.534919011313,4.40883526131079e-16,2.77631771417735e-05,8.53577008912566,25.9488234693507,5.60059639753796,2896.28801535159,114243.263754666
32.3635421631328,29.6214493648826,1439.28136399394,174.845978579223,1530.81558731498,109.605754017656,293.261973617385,1.47224295129451e-18,2.08132885271148e-05,10.7541413497894,24.7570511102571,5.66583400240784,2867.29061883713,116298.049420758
32.4188692945785,38.1797582283161,1423.89174894345,177.603845655679,1512.903449309,108.233005124048,289.210340760951,-6.48848983180936e-21,1.37222031659704e-05,12.9653609831147,23.5366893586889,5.73284866215318,2837.97483383582,116318.793052424
32.4380199349586,45.9847396470801,1411.08277616603,181.554531998268,1497.60940517714,107.03944310263,286.148159465476,-4.01948945140699e-21,7.98025448432584e-06,15.0266187178789,22.3761524196191,5.79717782789421,2814.60752713721,115746.439586815
32.4281348701103,52.8848784312238,1403.18306793481,186.298787690926,1487.48900923261,106.212249902277,284.382681023147,-4.32718614444213e-20,3.96344345848059e-06,16.8289327455311,21.3509034778497,5.85456925226047,2801.29600294944,114943.32379678
32.3959172269682,58.9304864720258,1400.56737442661,191.579921600563,1482.97393052303,105.784209001196,283.798118437898,-5.921039377887e-20,1.66239947621882e-06,18.3407913405638,20.4843554503507,5.90358389924305,2798.4786126211,113894.449553756
32.3482102872437,64.2866074187923,1402.47877414302,197.238231585918,1483.26848571659,105.699168563574,284.1056788665,-5.31443572169377e-20,4.95524015247583e-07,19.5852115237836,19.7623903145716,5.94489676133022,2804.52569722126,112607.594786557
32.2962799636537,69.1366843795129,1408.01539961375,203.055528940472,1487.43947828617,105.892241502999,285.05429985814,-4.22099944202167e-20,8.8129363516365e-08,20.5997255087472,19.1603227427888,5.97980084862725,2817.54570645916,111226.491079866
32.2538849464599,73.6276583360338,1416.45396492789,208.76198490995,1494.75875963849,106.313991466566,286.476007117913,-3.38788063075102e-20,1.27285025271927e-08,21.4186370736342,18.6555444615087,6.00949974114186,2835.99122598287,109832.033763324
32.229563015061,77.8632546491006,1427.16431617163,214.183441682766,1504.57979799513,106.919352585047,288.251489919885,-2.87530884215329e-20,2.27043643559568e-09,22.0730942056736,18.2284130646653,6.03504741863066,2858.56321260507,108562.660007523
32.2226309507783,81.9149047337076,1439.48523849624,219.2769114204,1516.19209592997,107.656857009323,290.280127986419,-2.54759661542184e-20,5.55694162005416e-10,22.5921806440086,17.860395942402,6.05743742750602,2883.98533692698,107523.146189418
32.2223117322761,85.8241765424247,1452.3553714505,224.006787880854,1528.43766237268,108.442964077244,292.388528679717,-2.29467205271554e-20,1.64426953388033e-10,22.9996788190966,17.533205396747,6.07764375995899,2910.2101460619,106615.779855367
32.2128429027746,89.5999570946579,1463.71403801163,228.184146083935,1539.09948133394,109.119728283567,294.191063834433,-2.0683418867007e-20,4.68804957226556e-11,23.3129039364632,17.2303739712336,6.0965314003473,2933.17531938307,105820.431723424
32.1832349290185,93.2363600204541,1472.21575708599,231.67403869664,1546.73493918985,109.584927459991,295.431342416739,-1.85806713443916e-20,1.27697831498047e-11,23.5467291213262,16.9397067355311,6.11473008772411,2950.2222844276,105083.426149203
32.1319816886537,96.7431361175654,1478.16568282571,234.529076710685,1551.67034121602,109.861934222769,296.175515193684,-1.66587564868075e-20,3.36740039293606e-12,23.7164506044249,16.6539190482613,6.13261632554167,2961.97469440848,104353.802502602
32.0664097152187,100.153589880307,1482.64511962646,236.894163380964,1555.07510250418,110.033131590672,296.641676563108,-1.49401997447829e-20,8.69531738965672e-13,23.8369656430935,16.3698624033195,6.15035884837944,2970.61295526726,103716.097277903
32.0033790527903,76.2289867102008,1485.46158182453,238.164729883277,1557.35988997688,110.217070275786,316.858703718118,0.554633892871765,0.426801833046603,23.9872998359706,16.3798221162126,6.14088214287338,2988.03219542671,93968.389757225
31.9420300561836,36.6424951530201,1483.07646485756,238.87612930462,1554.67357909245,110.13370562392,347.019069507887,0.654992015796361,1.34914966163851,23.8878366816616,16.5445716335904,6.07830530150943,3002.36631624864,93465.8509450738
31.8844775600566,8.86321779668022,1477.12741284987,239.320138729119,1548.25336635832,109.723308732519,367.335683840867,0.721861393952009,1.95750182941686,23.8005088633296,16.6540325828264,6.03933498713512,3004.25536516395,92892.3382790465
31.8304036372763,0.961081428831449,1472.27575461069,239.826524232858,1543.01098779824,109.392606239185,371.848089000299,1.1838584195124,2.68584438645633,23.172519934757,16.5727201068783,5.95457156996411,2998.66697913867,92350.4954037172
31.7760817329646,0.350019894745735,1470.85564276061,240.478014808441,1541.44157414468,109.329969035495,371.663954929383,1.47450401344066,3.3877618953126,22.2942379939726,16.5332705103624,5.85542512775949,2996.50056667958,91872.1165440005
31.7170235552705,0.248585699684425,1472.67301326736,241.193585690395,1543.40733626387,109.519921854475,372.509671025197,1.60511329249842,3.97034354261475,21.3732322315988,16.6287300949812,5.76278436564957,3000.84708183865,91557.758997506
31.6508420254022,0.231669367689605,1476.35716832706,241.856290292587,1547.45544760204,109.862719709869,374.41970634865,1.63482084017023,4.46347201605999,20.4214115380334,16.8359869088232,5.67478906194218,3009.20999282013,91512.0297361156
31.5789094547021,0.22299361254449,1480.37623533077,242.367438702149,1551.93296117077,110.238508481379,376.942436177262,1.64857826923962,4.85829646028625,19.4756637732869,17.1269053597933,5.59480767742115,3018.495267145,91566.5128117124
31.5059721556121,0.217633600373928,1483.58222318522,242.661757206579,1555.59196857211,110.557138838602,379.54451873056,1.65770856418591,5.16521713605536,18.551716658959,17.4616752336297,5.52408153965007,3026.2652642448,91644.9526878809
31.4374117374945,0.213985463171904,1485.48894725059,242.722559870228,1557.89161108297,110.779726990423,381.858264086821,1.66628550306848,5.40178544281188,17.6495370371918,17.8076907869074,5.46232803718044,3031.39900952044,91748.1505564772
31.3775187216168,0.211415893648049,1486.18396835854,242.573058738954,1558.91146485266,110.911910204053,383.742114097351,1.67552512907199,5.58562264161653,16.7659184738311,18.1449301356769,5.40843137315508,3033.971618228,91890.6143070136
31.3311014701107,0.209624793667813,1486.02014779055,242.243446789455,1559.02995158104,110.980401716877,385.221724850751,1.68508088613885,5.73163546172086,15.9064367811607,18.4630051092726,5.36106462113592,3034.65147582452,92051.9376304667
31.3048001341627,0.208331490738022,1485.3389215218,241.745381862348,1558.62852674117,111.011856788345,386.389066661088,1.69441421619153,5.85124957440182,15.0876979211241,18.7571347991705,5.31905884677967,3034.12694472322,92222.7989430811
31.3045692806521,0.20725832114438,1484.36668922717,241.076141996147,1557.9691499406,111.024610228401,387.320101239479,1.7035322909166,5.95410741380138,14.3264114588062,19.0259322358665,5.2812637570243,3032.86434120084,92240.7768267854
31.3318165546272,0.20624251156105,1483.32245702391,240.251457673911,1557.29870051303,111.036330421417,388.072986675825,1.71247049049503,6.05013078201105,13.6321166556329,19.2715617174248,5.2462415073692,3031.3133741741,91937.9328984446
31.3804091744146,0.20525244998978,1482.63529015668,239.367917327293,1557.07781662815,111.079349927862,388.76755122307,1.7201763595209,6.1451943758292,13.0182354493174,19.5022248605816,5.21278084650912,3030.38509401926,91547.4723639799
31.4381613689565,0.204314340388999,1482.81675279166,238.590219675667,1557.85018427008,111.190920639145,389.568634696524,1.72494447649652,6.23929629987966,12.508809051857,19.7309601376435,5.18024076361411,3031.20988355175,91164.9660379797
31.4931135105372,0.203493384187132,1484.06276104214,238.054226737325,1559.82166503057,111.383939268564,390.567736371569,1.72554467870112,6.32860395115805,12.1271031057996,19.9690919442982,5.14857958854647,3034.28885626521,91050.9819449709
31.5372008584001,0.202870266547448,1486.04932726922,237.816330016279,1562.63789584928,111.631502545495,391.71549947343,1.72200722553685,6.40546815310629,11.8836708501913,20.2202739530691,5.11864193001559,3039.0475348593,91485.0725699126
31.5634019117233,0.202513990541979,1487.85575326093,237.845565653636,1565.29558752309,111.86126541733,392.774834655047,1.71665572717989,6.46605731381504,11.7587578438858,20.4759516015465,5.09132154769925,3043.659064011,92093.828533888
31.5626793410358,0.202487025985562,1488.30586397619,238.060834589654,1566.50355067816,111.981379482209,393.405982430561,1.71328548212601,6.51363560805782,11.6982438539044,20.7181615398788,5.06697276648406,3045.72835822311,92702.6371861009
31.5266548156941,0.202817575309219,1486.78540730549,238.412339516287,1565.56594323296,111.942954193296,393.413098155022,1.71459948671174,6.55314646680564,11.640389941201,20.931091925899,5.04560936881248,3043.96774256213,93219.903709348
31.4519767411226,0.203477299171874,1483.59815304154,238.911505609454,1562.78123417046,111.768232858453,392.86213667221,1.72077590160376,6.58887335299381,11.5440570546963,21.1093526603438,5.0268254336038,3038.9426949284,93579.866992931
31.3423618091281,0.204394698773915,1479.64597167941,239.599178365871,1559.11166121392,111.526663672388,392.006882700544,1.72984942740515,6.62254354317916,11.4040484592539,21.258272458015,5.01004554943568,3032.44371575365,93882.5691972562
31.2065943077031,0.2054846326035,1475.97594378418,240.5200840627,1555.69424095763,111.299870420535,391.162150192247,1.73884399605387,6.65334142492468,11.2446882461095,21.3886327700917,4.99478409583963,3026.57845267849,94170.7533624155
31.0535865224113,0.206688205147675,1473.12616065566,241.676012086831,1553.12850882737,111.130715424233,390.515663513591,1.7456428173719,6.67876341004458,11.0974894718624,21.5102048002497,4.98085353694852,3022.44424588975,94556.5338347983
30.8881713459249,0.207992317679504,1470.89628516075,243.018924000617,1551.21772321431,111.004823930935,390.052219511164,1.75005250062867,6.69464324581121,10.9853831318034,21.6274278542984,4.96858126359842,3019.65514552913,95145.1169861104
30.7090706110706,0.209405025128176,1468.71712967916,244.483511730792,1549.35679868043,110.879077492675,389.630095967183,1.75328558141103,6.69846156259751,10.917329970794,21.7379036658273,4.9583998065562,3017.06522551248,95776.5835575961
30.5104495379328,0.210933205763302,1466.00265783233,245.997149885965,1546.91157889581,110.709179399483,389.071050994014,1.75696427903876,6.69114080058775,10.8911044125039,21.8348109342686,4.95046663486834,3013.46125268508,96381.5385048447
30.2873930777081,0.212550596847361,1462.5671337766,247.510586970189,1543.67299255058,110.481894690794,388.289574311891,1.76209509570059,6.67796842139234,10.8963279336483,21.9125457722212,4.94427682776164,3008.41509130343,96670.9453543714
30.0430082774943,0.214175601267334,1458.90184717724,249.016375266467,1540.16424942498,110.236557974131,387.381791096574,1.76824877862122,6.66918497869403,10.9141074554976,21.9728325923357,4.93827760854095,3002.85504392639,96394.2344847399
29.7946545700135,0.215702719826285,1456.01420022761,250.539756302659,1537.47695719045,110.05191423185,386.598977295398,1.77324756629843,6.67189483075149,10.9237984179074,22.0283577179374,4.93080243682073,2998.76262623705,95948.8785732886
29.5696723160116,0.21703250729336,1454.75892976924,252.092312487453,1536.55372479452,109.994425440545,386.171108890875,1.77495229517257,6.68698812556791,10.909757947688,22.0969909793426,4.9207903951148,2997.8362276005,95476.7629800476
29.3903703666341,0.218120962464778,1455.37157500268,253.657855553436,1537.67204522653,110.082419153483,386.172847957171,1.77261017708893,6.71173135351247,10.8652224495935,22.1909807730518,4.90798539349774,3000.55208573976,95200.9932662117
29.2639800182669,0.218993421153072,1457.50129564863,255.207263090774,1540.46403910074,110.28828806055,386.526992501152,1.76675520674136,6.73965394224799,10.7948502951393,22.3115495758798,4.8932409703564,3006.22193715682,95319.3669173879
29.1812994205293,0.219686783964401,1460.28800755247,256.651415063636,1543.999348577,110.545610404718,387.012051917566,1.75943299893713,6.76659600850096,10.7072979659899,22.4481140792475,4.8777130279163,3013.10138784135,95533.3476447154
29.1226712217849,0.220211571897697,1462.60771431409,257.822414741997,1547.05636777223,110.768750688444,387.321835019924,1.7535225673564,6.79339642606444,10.608379627297,22.5835608913909,4.86219997552106,3018.85807031138,95734.0299559617
29.069837722313,0.220531596560767,1463.69857549095,258.560476200675,1548.8045411028,110.900784280009,387.234381751058,1.75137860989382,6.82592584235163,10.4965014137096,22.7044868991391,4.84659225272068,3021.86671579404,95519.4086687489
29.0140435136909,0.220575905589454,1463.7949331217,258.82668180848,1549.49002399229,110.961883010736,386.783560824015,1.75324265832332,6.87580759472656,10.3582838380454,22.8102969284853,4.82928076520444,3022.53462740831,94549.5933560636
28.9561718392671,0.22030049806186,1464.24443020659,258.774117458893,1550.55400936807,111.056245425537,386.309313252768,1.75609828612605,6.94921429068581,10.1772309094319,22.9178857812652,4.80847498620477,3023.58602694228,93420.4273148089
28.9014399258807,0.219708600153014,1466.59267035072,258.64494565331,1553.64901779974,111.301378357236,386.22296015792,1.75601300166684,7.04308049845257,9.94273872922679,23.0525960752622,4.78322553209582,3028.20592431624,92346.289117299
28.8540530821766,0.218846629350114,1471.36276022212,258.572026827325,1559.33679641568,111.735998023589,386.676029601303,1.75151819599582,7.15169369090723,9.65316098836915,23.231643219596,4.75340335402597,3037.51906866536,91452.8653753436
28.8156518001556,0.217784384041231,1477.9880287358,258.542488853747,1567.01466265517,112.315399194101,387.535145582014,1.74386052027785,7.26841755698476,9.31620375173515,23.4573622996462,4.7198242475294,3050.42647969295,90839.9107289608
28.7869873876819,0.216579789900736,1485.33347637531,258.444141321056,1575.47316163465,112.952055461782,388.508271904778,1.73590038359579,7.38894704250145,8.94095845728736,23.7193417350071,4.68366710059672,3064.64702946984,90349.4643187373
28.7694494948208,0.215262057452071,1492.28302334952,258.137799929173,1583.523809676,113.560739778555,389.295622645441,1.73064267351737,7.51243286772962,8.53188263178637,24.0011096819518,4.64594682699024,3077.9099159899,89911.0968058896
28.7644514621489,0.213833781074733,1498.20182166508,257.532448705143,1590.49135549569,114.093381736238,389.718587054113,1.73007096639988,7.63973925202094,8.0897694525024,24.2883930119854,4.60731460532505,3088.91081912075,89417.5055777039
28.7720119451452,0.212280101980663,1503.04328136525,256.609725428037,1596.32943557002,114.547022941994,389.755234006024,1.73488778603724,7.77289221077184,7.6140919847389,24.5739379363029,4.56787988194013,3097.5433717406,88763.0630267816
28.7897599421024,0.210579298994519,1507.22133319796,255.410919818426,1601.48814515586,114.953823010335,389.513144071448,1.74463476973576,7.91221969404725,7.1068591587779,24.8587696350368,4.52754315642331,3104.64875863511,88088.0809502347
28.8133182661506,0.208710687112856,1511.29522237393,253.998698053739,1606.57821212181,115.356841274758,389.146348488965,1.75846124150965,8.05527732040916,6.57402154520783,25.1490636722503,4.48631518643531,3111.37583879012,87458.7297363203
28.8380761184434,0.206668287034938,1515.60501244516,252.418059835339,1611.9748285365,115.781935835584,388.754379724829,1.77609614369583,8.19838843274881,6.02390282906549,25.4502224582589,4.44442681107627,3118.43504431662,86936.7588253159
28.8603800325655,0.204466857611221,1520.14195884227,250.685340421288,1617.67238133043,116.22753454297,388.345583597158,1.79823678409759,8.33688933562209,5.46571136966364,25.7632363500722,4.40249774746447,3125.83058098199,86584.3775890046
28.8768832134052,0.202130980972063,1524.6109159738,248.788607926301,1623.3512060253,116.669641997436,387.85190106557,1.82668765583914,8.46643647166516,4.90637055127488,26.083806038029,4.36140495807648,3132.98116883347,86324.4252529364
28.883723698031,0.199681912430151,1528.61416687977,246.70066849873,1628.57791940561,117.076217568263,387.176564334853,1.86423426314499,8.58345525828937,4.34907553761856,26.4041186493851,4.32212165451573,3139.09005302012,86113.0163096909
28.8773694871484,0.19713177099627,1531.88093096947,244.405746272752,1633.05417543882,117.424746742817,386.253981287357,1.91430122791761,8.68385118826737,3.79603108287749,26.716465253853,4.28569372137956,3143.6134166972,85934.7214597539
28.8561964419008,0.194485148268512,1534.35974576056,241.912722812954,1636.71656360797,117.709178466477,385.072636877233,1.98086460061321,8.76234513865486,3.25199227101308,27.0154988155004,4.25320429760935,3146.44974449949,85780.9689188687
28.821942484565,0.191744543142053,1536.16514985074,239.249158576712,1639.67734348346,117.935550963922,383.659305074883,2.06846498413411,8.81227027265362,2.72697594766289,27.2982468367206,4.22579953106497,3147.82844371696,85654.5758433645
28.7796906882237,0.18891625815521,1537.47364630548,236.447996600988,1642.11152380143,118.113930801704,382.052064722327,2.1817958835434,8.82576033819268,2.23636167798415,27.5630452603587,4.20472140759477,3148.09647539745,85555.4988053688
28.7355663791441,0.186014204826969,1538.44165697773,233.537158092424,1644.17242736741,118.252677352087,380.282717908535,2.32466831614765,8.79524303332506,1.79684512650438,27.8086974023933,4.19114723775071,3147.55709526652,85391.3853742858
28.6944225668648,0.183058934637836,1539.2173326283,230.539391061236,1646.00941831601,118.360257635571,378.38419720795,2.49820947675757,8.71558055068621,1.42089402383319,28.0352830657999,4.18584065720862,3146.50067722387,85038.8940051345
28.6592872167054,0.180075102517257,1540.04660254235,227.485539671368,1647.88385849346,118.453994219501,376.422679653217,2.69810925589865,8.58372332146307,1.11407622616333,28.2469673840966,4.18902944692108,3145.42600599935,84623.2076915418
28.6319384492708,0.177086145381972,1541.2537501399,224.414515872023,1650.14687650454,118.558927245774,374.492936538218,2.91365608359175,8.39959169442882,0.874142167796012,28.4521887453362,4.20025775598753,3145.00180651263,84219.1120868299
28.6132321615475,0.174111082211077,1543.03379912406,221.352047042458,1653.01244939876,118.691663238418,372.660587691773,3.13105430308087,8.16789415518088,0.692252753851679,28.6593354443507,4.21837280664096,3145.64109641107,83886.0111081236
28.6030082789146,0.171166147377594,1545.32525954133,218.299858396668,1656.4170918773,118.849843005096,370.926316866968,3.33777765058704,7.89690289112878,0.556931236596983,28.872849924959,4.2419256592485,3147.24004197636,83685.2870524551
28.5996834427091,0.168266592562308,1547.82977643203,215.239891373314,1660.04094561518,119.013121235604,369.229398365611,3.52550097003055,7.59701954043056,0.45714151050777,29.0917520029526,4.26947061342324,3149.21789284403,83553.0867110848
28.6002053053824,0.165426695786077,1550.15166364117,212.148822339321,1663.45943062216,119.153645658784,367.482799459578,3.69048579710314,7.27925412461861,0.38371847170688,29.3110364413994,4.29970919186854,3150.79989252673,83445.0126034279
28.6011145647144,0.162656821256584,1551.99840278943,209.015859729554,1666.35887828319,119.251246186778,365.62342116224,3.8319089635245,6.95299738384564,0.329669902630516,29.5252219413541,4.33160006421702,3151.41944004769,83425.0262089814
28.6000362396878,0.159963145025681,1553.23959623113,205.846164524642,1668.59889150928,119.297749361437,363.626705731192,3.95017282332459,6.62476963259669,0.290016775391629,29.7300747930461,4.36443408986492,3150.83380040366,83611.8124445258
28.597030101021,0.157349887452512,1553.76351727502,202.644832828944,1670.05764724249,119.285906464991,361.470093834278,4.04707998145718,6.29972457374594,0.261091987923597,29.9204894550729,4.39774865069314,3148.83298669953,83901.1039574192
28.5949989145245,0.154820947442106,1553.38428514688,199.406844663069,1670.53236866964,119.202350310368,359.110063040081,4.12586663131476,5.98289870262688,0.240110897182808,30.0890641462828,4.43123689864189,3145.05265712739,84214.6074433732
28.5982858486153,0.152381894059964,1551.96845255895,196.132385782449,1669.87608624998,119.037511304151,356.516563917828,4.18817450759187,5.67756265393833,0.225532194325097,30.2287463017519,4.46481888916022,3139.23357017064,84799.5475740807
28.6105538112093,0.150050219668459,1549.41532184644,192.83413978791,1667.97652966546,118.784483283589,353.67542205338,4.23017648794266,5.38443575637818,0.217892397836859,30.3325127138332,4.49876344655956,3131.19366240994,86091.3997574608
28.6330150834118,0.147864046847784,1545.28110593652,189.509105535601,1664.35106934308,118.411095397902,350.504147221869,4.24480114197047,5.10772233321907,0.219280237427459,30.3851374389167,4.53333460055525,3120.08380510465,87737.1609890165
28.6635471711997,0.145879408063542,1538.62168249211,186.12017622297,1657.97626021837,117.84865394749,346.820145794119,4.22567173105839,4.85898761294808,0.232449633306627,30.360775762306,4.56840212991175,3104.07302156956,89470.4412445905
28.6977584725583,0.144149303611023,1528.64058122505,182.645087875113,1647.98598367043,117.040893106121,342.489476553142,4.16875435089868,4.65144344876586,0.260509920980378,30.2352491378304,4.60352170229152,3081.63460250096,91409.0602029825
28.7299051484246,0.142724874348341,1515.39831409213,179.142956740217,1634.43586062333,115.997067777016,337.592207900705,4.06405977348789,4.49533054519204,0.312173094184511,29.996109327337,4.63801222130237,3052.96488873132,93785.5579296433
28.7494790985726,0.141692697425531,1499.57930061441,175.745361196717,1618.0477400049,114.775690936252,332.412857572835,3.87697025459722,4.40748436710999,0.415848787854862,29.643070609134,4.66965266030909,3019.55076085091,96322.1563691604
28.73872438199,0.141202874028744,1481.6961926862,172.578081452156,1599.34596361574,113.424203371351,327.296261453882,3.56756933936396,4.41476357198911,0.630298013882766,29.1862422678451,4.69437360622676,2982.5938660094,98858.691302072
28.6795038466766,0.141437397304062,1462.06800539217,169.731775168337,1578.6409022584,111.968335912228,322.562452924996,3.16101539260908,4.51905695503983,1.04402536206345,28.6420154090394,4.71142245900136,2942.89674634631,101326.068728974
28.5617313711445,0.142602781662379,1441.50719977741,167.350241722718,1556.77499203438,110.455073906155,318.515881652963,2.76113177235597,4.66859722607264,1.75463419554316,28.0262316454864,4.72767207081918,2902.1618422041,103659.441807702
28.3842527188963,0.144959029591676,1420.96730645749,165.712639937011,1534.71073083912,108.92991517273,315.277979574916,2.46204114914732,4.7941727334787,2.80815463840023,27.3514510245469,4.75238894995463,2862.29602773357,105793.396839161
28.1510054419396,0.14870529862352,1400.18083721368,165.098383536983,1512.05472427973,107.348793930058,312.533228131707,2.27997423332517,4.86416408939293,4.15511730995974,26.6342667960941,4.78882529509266,2822.72402100599,107668.196000666
27.8701820471009,0.153667549506345,1378.57749688851,165.628872898935,1488.12574780483,105.661702512337,309.867890171505,2.18598272068004,4.89224471108658,5.67511071748635,25.9061414250687,4.832622473134,2782.20092226384,108402.168448604
27.5592850762803,0.158944464340788,1357.17075028282,167.24813003904,1464.06488643751,103.957933370953,307.267388957112,2.14878532153765,4.91380999105926,7.214027602585,25.2155305683398,4.87530693160131,2742.54630337643,107483.615337608
27.2483618576838,0.163630283965296,1338.85513813902,169.868002167991,1443.14325473201,102.478264336696,305.198649056266,2.14178906188826,4.95186937482116,8.61788812763764,24.617837214737,4.90986812728036,2709.31415465406,106128.002547649
26.9689686419734,0.167594022564556,1326.56001853691,173.452052794317,1428.67706713746,101.462337016538,304.206264678833,2.1432474432676,5.01044329364998,9.77175174812142,24.153118126703,4.93307349209402,2688.20964485943,104662.831564526
26.7385803580943,0.171110800324783,1321.34702562375,177.922990911222,1421.9005023458,100.998678009669,304.504675870479,2.140018096852,5.08898733404525,10.6291013071293,23.8302762687502,4.94440631367875,2681.29327978835,103114.683431356
26.5580126652371,0.174402016962736,1322.5458716093,183.099853076459,1422.11423503271,101.036875670487,305.990212538218,2.12736139003696,5.18598261340823,11.2057560240546,23.6351871107474,4.94500547355744,2687.18790076277,101507.212699265
26.4178981371942,0.177494101675137,1328.83226019053,188.671164096365,1427.89278799714,101.474997719072,308.431869585341,2.10526363325378,5.29897992087052,11.549434075459,23.547349824401,4.93653679738556,2703.14983012341,99942.4004834423
26.3062986484574,0.180301329632859,1338.92960317696,194.275373554246,1437.86554081552,102.215580443773,311.591867716493,2.07534680230675,5.42529528753018,11.7122379909151,23.548525062973,4.92050847154728,2726.48309519891,98468.3883010609
26.2142001022253,0.182767981941216,1351.79264659921,199.662090423346,1450.9073746766,103.178464782727,315.259258454062,2.0395809057599,5.56257476647072,11.7348564817352,23.6234695906012,4.89816126801785,2755.00182489423,97139.0989858046
26.1374389331663,0.18490588026587,1366.57484643122,204.744265595815,1466.09659830242,104.297414381922,319.252614206395,2.00002046072328,5.70832449306585,11.6445043965673,23.7586089306687,4.87065188031877,2787.00550825367,95992.6804168684
26.0768178526785,0.186764050905489,1382.54092185652,209.532555612718,1482.62512056146,105.514194916816,323.408867353772,1.95884551597503,5.86028612750507,11.4585631302146,23.9409521481505,4.83907876667366,2821.07110409118,94989.4899043241
26.0361562750802,0.188403090669115,1399.04454527439,214.059946368791,1499.78144965109,106.777762323824,327.582612294607,1.91809659808026,6.01667590958507,11.1894029504125,24.158109730946,4.80444649921119,2855.96329729279,94115.7419968068
26.0185058576417,0.18987699229765,1415.57809464349,218.353449048645,1517.00695157022,108.048059727508,331.661004723898,1.87929100778223,6.17532690462034,10.8491638629833,24.3991881728837,4.76773416598292,2890.71371024784,93416.2585689854
26.0239340688095,0.191222294242466,1431.75416933462,222.424174926413,1533.87561052662,109.294368949797,335.560522190499,1.84344214792924,6.33331816950259,10.4521479837795,24.6546164203846,4.72995519885843,2924.57789610104,92932.373319034
26.0495689232977,0.192446306938492,1447.20085659618,226.243193681132,1549.98235601792,110.487604283276,339.198843784501,1.8114575730343,6.48847782661172,10.0138451178903,24.914638683507,4.69202364882803,2956.8140954371,92583.1233484834
26.0909664438933,0.19352964422584,1461.53134405383,229.737723623194,1564.91119152582,111.598191878391,342.484771849229,1.78420970392445,6.64007860189962,9.54891680574923,25.1691905880829,4.6546557383864,2986.62087396269,92329.8295763467
26.1439481375574,0.194451721965815,1474.0929663523,232.787121353809,1577.96274084806,112.576181497245,345.263997385948,1.76297335763851,6.786968465885,9.07072523724619,25.4096208621462,4.61853715201882,3012.64958163642,92237.7507690224
26.2062938578236,0.195216686364757,1483.7808645313,235.237385388039,1587.95238078552,113.336354367406,347.279516023291,1.75014123297267,6.92656891545291,8.59128997844686,25.6282119588345,4.58449786795433,3032.65614125748,92380.6167063764
26.2795129442423,0.195864877378162,1489.96471338185,237.050281708503,1594.21316669963,113.829951821536,348.381703921411,1.74718227811542,7.0571204621424,8.11731640420228,25.8164412119155,4.55329437807243,3045.40361352049,92630.0132796847
26.3687118867831,0.196455037583825,1492.84797226915,238.330911828091,1596.98663482904,114.072955585671,348.611307264262,1.75373022909515,7.17860611224168,7.64806578619803,25.9659347567873,4.52542790955454,3051.38022935496,92923.7454323589
26.4790415685793,0.197024374506229,1493.2566491902,239.248569445166,1597.18620981882,114.129699835011,348.156430541573,1.76816172966235,7.29202512307313,7.17904477895213,26.0719876863592,4.50105430117706,3052.32754694005,93142.7786050452
26.6112562396919,0.197564599889057,1492.25042165573,239.948885033699,1595.96745732345,114.082625530665,347.267292920095,1.78846897828142,7.39944710905246,6.70634915567969,26.1363324290344,4.4798242180368,3050.41672092347,93172.5473891296
26.7582134581494,0.198032260092383,1490.81830137987,240.52017316606,1594.39396202456,114.008153429523,346.193150574911,1.8126416238295,7.50107429297062,6.23169710733373,26.1682088187385,4.46123869553875,3047.633926945,93149.9139897784
26.9061962410893,0.198377015794044,1489.70532108334,241.005603281748,1593.25319650667,113.963104740402,345.139699435808,1.83896765564409,7.59436021526105,5.76299256283764,26.1810835029931,4.44495400624897,3045.45554814999,93125.7879571439
27.0418274110718,0.198566413193847,1489.23419682726,241.408634273651,1592.87493059894,113.971520783195,344.212413430299,1.86663125599211,7.6771567330791,5.30907396062851,26.1864031598029,4.43067850392663,3044.50875374803,93053.3881739303
27.1571866407438,0.198589421461616,1489.33001013358,241.70072090403,1593.16390907368,114.026855514974,343.415075495389,1.8958239129511,7.74897165563657,4.87684807071481,26.1913067793254,4.41811911409426,3044.62637232378,92879.003507562
27.2497239619453,0.198446131043183,1489.84546389113,241.855091355823,1593.94496919922,114.116600819625,342.734054308521,1.92664632278353,7.80896650815192,4.47446099637713,26.2013938715302,4.40711731178323,3045.50034604636,92667.210046718
27.3197061437201,0.198142348871463,1490.73181513082,241.862809369778,1595.14372930585,114.235331114311,342.183901847034,1.95824031356629,7.8550954302187,4.11286001860032,26.2227855992939,4.39765849508938,3047.02413749326,92444.7297464266
27.3684855007579,0.19769684382556,1491.9588431893,241.728323660008,1596.70747717116,114.379050529335,341.780514585533,1.98890986289238,7.88483791709431,3.80205328946083,26.2603852931655,4.38985092529666,3049.13678441906,92332.8560376377
27.3981836536932,0.197156757336478,1493.39106826877,241.471371238124,1598.47689315455,114.535845608961,341.510545474916,2.01633605802445,7.89499122733152,3.55189145765553,26.3154599343685,4.38409026525739,3051.58896307392,92457.1542136865
27.4124245160357,0.196610466888617,1494.68028103386,241.131930336461,1600.06868171965,114.677763239808,341.31915300517,2.03724467576388,7.88413257295978,3.37918750088082,26.3847692396593,4.380793733235,3053.74551956161,92648.1441104976
27.4163936478932,0.196180041125928,1495.37850803402,240.773214271242,1600.99426819363,114.769765737849,341.143642549768,2.04675577237518,7.85423975366111,3.30881286988359,26.4630826703094,4.38003807575926,3054.80780089049,92836.076362402
27.4149862254514,0.195977014660966,1495.2589406121,240.478364009035,1601.0040984454,114.794265908373,340.974463533884,2.03988770730748,7.80715260055504,3.36316384145429,26.5469130384669,4.38180610883583,3054.42126463292,93256.2197778235
27.4111897607712,0.196075765413149,1494.27668152994,240.327196585644,1600.0467068978,114.747439532793,340.827310097667,2.01532528175902,7.74103687887668,3.55307128978986,26.632388561012,4.38657759668424,3052.57160735007,94173.7514163933
27.405996817808,0.196511917255198,1492.11532683703,240.343871086789,1597.79141922569,114.604649299497,340.612615339601,1.97903325919926,7.65585410248302,3.86643999958631,26.7069051588718,4.39502130022155,3048.66530124149,95241.6316043223
27.3991387344027,0.197291017707558,1488.20607801661,240.497124240624,1593.65445175403,114.322481166292,340.133475078183,1.94165515751968,7.55671273399638,4.2652885184058,26.7489497922349,4.40752941774837,3041.56824246623,96312.8060754687
27.38991585498,0.19837855073479,1482.36939016007,240.763386935454,1587.47523401498,113.888456686267,339.267076091048,1.91150083203463,7.45234790257877,4.70077036629288,26.7412963794006,4.42371470415527,3030.89825487713,97099.4771498128
27.377580003353,0.199690690447557,1475.32468600494,241.175685895032,1580.04484732327,113.360379501096,338.114429996603,1.89104647131981,7.35490240443576,5.12787755186908,26.6832675261057,4.44178411869035,3018.04618032035,97351.1877072022
27.3608547342371,0.20113170254305,1468.53022253013,241.827472905861,1572.91542219227,112.852085526086,336.982343342705,1.87723319526653,7.2718922523339,5.5189419432954,26.5935339277435,4.4595349267552,3005.86300942322,97448.791944469
27.3379161055694,0.202628095489004,1463.07052362277,242.77210861175,1567.20891976932,112.446592140923,336.125098861625,1.86595595723099,7.2035995982627,5.86617603988112,26.4983616348222,4.47540240628769,2996.44195251222,97515.9505816834
27.3075778264309,0.204150762328752,1459.07386217138,243.979520885535,1563.0201577576,112.152280895162,335.592455089221,1.85528512939801,7.14784357809779,6.17371469648859,26.4155989829195,4.48869374683182,2989.9796746528,97610.9560488866
27.2701687074654,0.205701774352731,1456.11797694061,245.380897005584,1559.87549374957,111.935370624708,335.308099319306,1.84497818019643,7.10134404128041,6.44969983206768,26.3499174292762,4.49964237785239,2985.60429180383,97772.4602364455
27.2276503772251,0.207258795712137,1453.67723487323,246.870810158177,1557.22103299037,111.755568884619,335.162589598809,1.83567439291193,7.06170849905382,6.69760281066191,26.296946866555,4.5088645236313,2982.24075202466,97906.0478670569
27.1829552780659,0.208754931997243,1451.36718413604,248.314499945442,1554.67617371463,111.584977841486,335.066233947571,1.82820561127101,7.02826967714389,6.91326937024286,26.2498245496683,4.51685115374414,2979.07726765375,97980.3453153579
27.1387360679406,0.210119363396495,1449.06351169564,249.610405289909,1552.13978507182,111.415844645485,334.980045985112,1.82287506577598,7.00040878836205,7.09009938779884,26.2041814848788,4.52392194185959,2975.82280116398,98066.9583936161
27.0962596745058,0.211314858174431,1446.81077316194,250.723476480444,1549.67912113237,111.252481330617,334.899397697442,1.81948957927143,6.97672848923171,7.22278948394261,26.1582234896395,4.5303495992632,2972.5462710256,98237.1985967205
27.0545886218007,0.212338816680728,1444.61446204279,251.655851870343,1547.31043756198,111.095539609405,334.803890874926,1.81814369442846,6.9569637563733,7.30315045163924,26.1094441583819,4.53628235628959,2969.25641186492,98404.3114259888
27.011050581247,0.213205647335279,1442.38443035249,252.413013745852,1544.94517362222,110.938179500524,334.645734618968,1.81942065387269,6.94239886344496,7.31869309420064,26.0537238970981,4.54174006091646,2965.77497352916,98549.8877523748
26.963342483643,0.213912967152927,1440.06511393162,252.992206610636,1542.53073266161,110.776632770702,334.387394534596,1.82410767445499,6.93674592992829,7.2573064434152,25.9884793559965,4.54632273596398,2961.9848436388,98388.8612757738
26.9118396781327,0.21442400106121,1437.87604345542,253.393960916951,1540.31001639896,110.629390244504,334.062024533355,1.83246223372755,6.94710139230293,7.11111400033823,25.9177577205706,4.54878818822181,2958.30680073308,97689.8325647754
26.8612738700495,0.214691784513078,1436.55344663404,253.672954086186,1539.08122486808,110.555158407134,333.839021935412,1.84279827149511,6.97634090991026,6.88440056223612,25.8560576153654,4.54789867903619,2956.20878117068,96892.0948169004
26.8191639022857,0.214680404968041,1437.01550522348,253.925897440623,1539.83645421409,110.626197170934,333.945329382128,1.85241168789363,7.02106049684763,6.59336997525607,25.8221254466862,4.54306565936615,2957.54839202404,96135.6008292809
26.7912938445946,0.214394859502295,1439.6886655978,254.219158122764,1543.0337091165,110.875624483215,334.498951865553,1.85964408388185,7.07533678283311,6.25823091355486,25.827039051942,4.5345083124564,2963.20913161459,95599.4857688708
26.7784950318498,0.213885613819076,1444.29589332127,254.558806597999,1548.36438126016,111.280441578836,335.454679088211,1.86457020374862,7.13095265509425,5.89928100769419,25.8691732458263,4.52351025251324,2972.66146306233,95433.8118645656
26.7751147465553,0.213213256172903,1449.96370536759,254.872818490513,1554.8645702691,111.770469097287,336.620789940519,1.86916806312598,7.18198246606969,5.53215884210017,25.9352400052039,4.51170941238183,2984.14828076964,95380.5534147524
26.7707572729219,0.212421961456728,1455.61775130201,255.038158380509,1561.34479554346,112.259861065387,337.748017618497,1.87628736048251,7.22654715771594,5.16620563104072,26.0069326442095,4.50045909549558,2995.4714153757,95344.6651974422
26.7560325399574,0.21152460676483,1460.53245449133,254.954536711236,1566.99770369691,112.690618744137,338.660687928495,1.888198096199,7.26527331495757,4.80547817824201,26.0706035130627,4.49047766562717,3005.12537743582,95167.6981027587
26.7275673787748,0.210502130006161,1464.57944095203,254.584072649281,1571.67834040819,113.052566175571,339.316163113153,1.90613641243348,7.3013510315407,4.44797185513742,26.1224518207482,4.48153771159256,3012.81995284456,94715.9642991257
26.6903202472586,0.209319718864873,1468.21172527308,253.96082343791,1575.88667089183,113.381485385149,339.804662641558,1.9303285905991,7.3364019827637,4.08674553833219,26.1685683690249,4.47304338329035,3019.45791732356,94215.2241065235
26.654981512145,0.207941820573815,1472.12006041064,253.1579621905,1580.38706615141,113.731461581971,340.272352507425,1.96111732098239,7.36842980800099,3.71347393479701,26.2191735406594,4.46466210147485,3026.43829414977,93750.3064912914
26.63135256477,0.206349869921482,1476.74396347593,252.231762564028,1585.66956539231,114.136393573659,340.811011379049,2.00027167824024,7.39402066997513,3.32404637835889,26.2809426119957,4.45648096276778,3034.66066137485,93285.1940448726
26.6244446769474,0.204545253252211,1482.14460921286,251.201152833913,1591.80851915525,114.600004214224,341.431238037139,2.05096038875194,7.40917414963399,2.92280530252949,26.3549697741911,4.44901748848934,3044.2618800625,92773.1014173482
26.6353623325102,0.202537403073145,1488.05085710262,250.034477692732,1598.51671241566,115.099746394624,342.072970709661,2.11673499175045,7.40875039666,2.52380338465038,26.4395113165144,4.44312989723971,3054.69935884808,92279.2485777464
26.6636893792402,0.200337623534848,1493.8149914926,248.633521941522,1605.10164386607,115.583810146569,342.592543439386,2.20057759701015,7.38726241915357,2.14718116209119,26.5318451959957,4.43978375053533,3064.65597851068,91826.4252926085
26.70842550119,0.197962829438999,1498.89879840548,246.918346208194,1610.98726752193,116.009227176778,342.868618905345,2.30343433963694,7.34222816410769,1.80972644927919,26.6286918551052,4.43954749452129,3073.03689089684,91224.2252056428
26.7678381934888,0.195431837870137,1503.25675079966,244.887451459048,1616.12621071215,116.371790886169,342.887672327584,2.42408444440904,7.27546063370111,1.51787455007334,26.7290531404796,4.44224413167782,3079.75218323919,90277.6273372058
26.8394352535511,0.192765789539882,1507.41139573708,242.629111423406,1621.08214904799,116.711309666843,342.766193368304,2.5594315246998,7.1877507266717,1.26994153014444,26.8387019168652,4.44743635870383,3085.87428557444,89266.7514643377
26.9205002534047,0.189988318281746,1512.10120268901,240.270113350802,1626.65100406677,117.084041293932,342.672688294517,2.70547062435628,7.07685169952713,1.0609793609221,26.9684447302454,4.45481320395028,3092.92201254816,88310.7760373488
27.008791630944,0.187131576313627,1517.71093093006,237.893043931515,1633.24505705293,117.51876174087,342.698007742627,2.85792510621542,6.93970889552454,0.88672631116028,27.1262423355427,4.46434037379922,3101.69826344481,87590.3844069854
27.1027390748045,0.184242580793341,1524.04488482659,235.506513267818,1640.64458457189,117.999498822691,342.806883250476,3.01004699855286,6.77382599665405,0.745659027976361,27.3118835270641,4.47637531338479,3111.82892957704,87302.4178088019
27.2004474642811,0.181370733852654,1530.35329384634,233.045928899164,1648.02286590013,118.468185225811,342.842763573971,3.15408897171819,6.58197372419295,0.635650036671967,27.5146928897513,4.49114196590488,3121.81112412938,87199.9329987024
27.2987670126604,0.178552791469112,1535.66786926079,230.413404216691,1654.30914053442,118.850626324898,342.602377299076,3.28487735119372,6.37235918681709,0.552235764368689,27.7168714349976,4.50851871522208,3129.69038204135,87149.0866052091
27.3939935458055,0.175801961102074,1539.38087747247,227.549657298294,1658.82305093741,119.101017571604,341.963928830473,3.40076337397931,6.15414776111237,0.48941740334614,27.9026986175439,4.5281272740627,3134.23830303286,87057.1758660667
27.4831526068953,0.173105782794862,1541.50495308516,224.4643116042,1661.56644718325,119.221787025917,340.939573296826,3.5044258025867,5.93451072718362,0.440443408460014,28.0647280421204,4.54938556711429,3135.48275140836,86841.244073227
27.5646649704455,0.170437049539757,1542.56542018928,221.223306433373,1663.11386660074,119.255002997803,339.648012363582,3.60156673287963,5.71612721359795,0.399064755724472,28.2044194645432,4.57182052007663,3134.4946526109,86597.6047244124
27.6382144594605,0.167767430692202,1543.25236871682,217.908909554395,1664.23370666855,119.255192123458,338.237600992106,3.69863316650592,5.49693869218213,0.360713661964359,28.3281821934968,4.59533658242644,3132.68465733949,86378.5209939934
27.7042816600404,0.165079474260232,1544.03452884529,214.576539164311,1665.45770377744,119.259220957731,336.805005493666,3.80059253858814,5.27319256556,0.32324419490568,28.4418202760538,4.62012345020253,3131.01681538344,86116.6524179249
27.7637197925264,0.162370914730242,1545.08212983749,211.249415371036,1666.98554095094,119.280378089307,335.384128118272,3.9091236669412,5.04256558807693,0.286712323176361,28.5486394736005,4.64633253898372,3129.84867420072,85710.756745655
27.8176811858098,0.159654964275702,1546.469340797,207.947348183375,1668.89922352594,119.324292404849,333.996821718074,4.02039202644745,4.80493252717292,0.252979260911722,28.6519875656253,4.673813820614,3129.34287833794,85269.3677207572
27.8676605360282,0.156954747765239,1548.2972323578,204.70173669249,1671.29925179316,119.398869758877,332.67979929348,4.12623616152869,4.56284246713036,0.224149484573615,28.7567228561341,4.70195140459019,3129.71858948623,84853.2893912873
27.9152496688471,0.154294937179967,1550.59277653948,201.53811174982,1674.20229266965,119.506664765308,331.456350516885,4.21909244959632,4.32094040281355,0.201209937934071,28.8667445044554,4.72988067221783,3131.04648421935,84570.7183052068
27.9618129860747,0.151697406629214,1553.19138056836,198.45790119293,1677.41993778692,119.635792835686,330.306088955969,4.29383096432316,4.08434509576571,0.184317883493587,28.9818677124182,4.75689170453449,3133.01126112553,84558.4359617435
28.0082453554225,0.149176254536318,1555.66737919213,195.425864970826,1680.48841220023,119.754838636113,329.145511944673,4.34783541109206,3.85964132614912,0.173330739726306,29.0953937973787,4.7824298832958,3134.770421463,84674.4742821714
28.0548033147636,0.146734292450924,1557.44652101369,192.380061626217,1682.7921950724,119.821789617093,327.851541249841,4.38053678645803,3.65568710223919,0.167916063739964,29.1954218929711,4.80590513365359,3135.17980961453,84822.2177663368
28.1011765631367,0.144365686445976,1558.11585684711,189.271171317097,1683.8951363668,119.80745072378,326.334133757509,4.39240332590619,3.48063654659984,0.167649944785979,29.2706819444608,4.82677424905919,3133.4189090137,85151.6838490352
28.1471445995382,0.142069282934661,1557.51495391005,186.085298702903,1683.63243131458,119.701826148005,324.563322465316,4.38200068433637,3.33960433538515,0.172953115933951,29.3130080406936,4.84473751583548,3129.18130567923,85928.9631661385
28.193671987841,0.13986082432072,1555.41418617534,182.822184603554,1681.75899165376,119.489661941253,322.504292017462,4.34475698508578,3.23840065569577,0.18571546281246,29.3128424498792,4.85949335575394,3122.03884674337,86912.3013331366
28.243226789766,0.137773744074699,1551.3682341601,179.480663985768,1677.79083639902,119.139854330012,320.089162084553,4.27515563974177,3.18678971858846,0.208819214147484,29.2572200894471,4.87040503545566,3111.15129755592,87933.7889926167
28.2984679788567,0.135841257994417,1545.15259939307,176.086125836735,1671.48002643424,118.638437415299,317.304756375974,4.17131352643884,3.19452136811668,0.245156838777368,29.1361994459172,4.87668120447552,3096.1251726465,88892.7706054929
28.3607026519548,0.134094845787358,1537.16140909413,172.715050692766,1663.24989296294,118.018356683196,314.27580720331,4.02978849665124,3.26788009305561,0.300835430449036,28.9501612895541,4.87744965981291,3077.79987078437,89710.8727830892
28.4294214685191,0.132598978342695,1528.3145142063,169.497820123986,1654.09876752376,117.354263547508,311.287409505732,3.8252591281406,3.41719973349333,0.396386574985106,28.7131914311832,4.87055074103225,3058.10200682643,90470.8947776114
28.5029519901737,0.131475591965231,1519.55981047105,166.583913536347,1645.05950285881,116.725737015899,308.714092708905,3.52076312524183,3.66307025891504,0.573966854517058,28.4487218529309,4.8519652145393,3039.08275442398,91211.9448500293
28.5797257918424,0.130887519501244,1511.38791494341,164.083067226537,1636.66773755349,116.173787371122,306.86165613062,3.11922108778342,4.01201643297356,0.898700740535719,28.1778622438459,4.81989549472478,3021.89596689312,92244.1660736956
28.6607306621804,0.13101610960341,1503.61420395751,162.079481071997,1628.72025985927,115.675453722411,305.830697028585,2.68625055836936,4.4240266958121,1.46030074937533,27.9091807365157,4.77984057983895,3006.32261495606,93923.0889866441
28.7540605752529,0.132018515094589,1495.30201666615,160.763494702505,1620.17859818551,115.136989950107,305.42559738155,2.31706724723747,4.82037368455584,2.3441052440708,27.6353721643259,4.74351883842017,2990.66417875028,95778.8015454056
28.8756791707137,0.134063229572926,1485.22092759904,160.512801018272,1609.65781327427,114.440364140759,305.241854067592,2.06427079727627,5.13315257613237,3.57012416882883,27.3419668560539,4.72120434343807,2972.68249401773,97577.1432416532
29.0404312414838,0.137295487797105,1472.9913418498,161.735532225876,1596.69177533669,113.545483745756,304.986759777369,1.91535168928077,5.34424172114846,5.06806011528906,27.0248633480023,4.71525662016394,2951.76655806189,98911.725846051
29.2490054635814,0.141516372086547,1459.83343266545,164.610762082109,1582.57940373338,112.551018424599,304.706781425394,1.83458126720483,5.47914259541324,6.70435741265992,26.6989295100811,4.72069680796506,2930.25436170124,99454.1106650838
29.4786422726631,0.146209131297112,1448.0148306943,168.939754853426,1569.79412261159,111.644624209111,304.691291268148,1.7914758069589,5.57245293111943,8.32449063516467,26.3916354269179,4.73058532597232,2912.27176691255,99704.782695769
29.6912022381838,0.15101222569831,1438.97055125725,174.21869070765,1559.92452243708,110.949181745964,305.092417303051,1.76671749367251,5.64753363409313,9.79327179674777,26.1262920707948,4.73992926836371,2900.1524905687,99833.6782921426
29.8555343343751,0.155805496120231,1432.50645340416,179.927408632115,1552.78719268808,110.45622538174,305.796034937428,1.75078879573977,5.7173547006868,11.032514482879,25.9090209514465,4.7464145566766,2893.11940976668,99863.7139163663
29.9591908345275,0.160559314918253,1427.78655668577,185.746980087967,1547.49529680079,110.102209030692,306.633547467741,1.73967511084065,5.78726701982175,12.0262352660645,25.7319424638204,4.74982111397501,2889.34796525779,99803.6040481143
30.0039421200938,0.165216240569059,1424.17734024929,191.509099761619,1543.39311141954,109.838041307239,307.51635527544,1.73157973964488,5.85860854627614,12.7906963258799,25.5838078798757,4.7507595139547,2887.54787378346,99663.2408391192
29.9967922734538,0.169692056185272,1421.41621716123,197.09004926512,1540.24262216421,109.644851965571,308.427360569516,1.7253470276872,5.93191241394921,13.3458082918611,25.456609532123,4.74971765169673,2887.1874391872,99455.7258441332
29.945156558331,0.173906099187553,1419.48219346539,202.403227067196,1538.059809714,109.522933342523,309.375269214139,1.72015204453199,6.00974344120441,13.7046409771694,25.3469379383607,4.74656438222519,2888.20587621834,99042.8417015654
29.8574090895715,0.177801756984772,1418.52610686578,207.407574135351,1537.02270462525,109.484904817336,310.386091508565,1.71527359782354,6.0973121825268,13.8758973860031,25.256281439043,4.74048538324138,2890.8730995055,98322.2401207501
29.7465643133622,0.181343518368593,1418.91740551264,212.105360492783,1537.52258957936,109.55846885682,311.537619717908,1.70943334350932,6.19735482281841,13.8754856907699,25.1916888543526,4.73071536581414,2895.89250284882,97543.148637147
29.6293152709883,0.184493637266761,1421.06793238173,216.523559862661,1539.98479365376,109.773336930946,312.932498016273,1.70126313017264,6.30832686379628,13.7298856396574,25.1623306231013,4.71699963993421,2904.06522496041,96795.5540130505
29.5191208804287,0.187230106530234,1425.09082768395,220.679503411347,1544.51375994995,110.136592585553,314.611301177384,1.69035398120777,6.42907607506794,13.4659296770875,25.1732403873138,4.69926749269698,2915.61403687889,95966.9856431471
29.4223555271164,0.189553789719925,1430.81355863039,224.570577717627,1550.91475995251,110.634623872546,316.544700450967,1.67720822082044,6.5610092887298,13.1030712510752,25.2246426990938,4.67734830781489,2930.20203115882,94952.9014226095
29.3397427238078,0.191485336237867,1438.09023522488,228.206496419373,1559.03093393857,111.256688740168,318.706930672713,1.66221508545474,6.70442729061087,12.6554035016547,25.3165307486783,4.65123136484621,2947.56042486038,93952.4466077453
29.2696426392828,0.193055347498487,1446.88880172756,231.624325796818,1568.83221908079,112.000824091606,321.101467258269,1.64547305561514,6.85673705782547,12.1362557574266,25.4503193928531,4.6212331230662,2967.66616607291,93033.3864549671
29.2102755343408,0.194306364523491,1457.08252731471,234.860997312409,1580.18446055491,112.857321862243,323.714014821421,1.62731342044373,7.01405025138319,11.5604286859128,25.6256903697465,4.58795412420435,2990.31354863658,92264.2283651665
29.16136917632,0.195294066749111,1468.31665335787,237.933307362873,1592.70093759121,113.798132174538,326.480685180996,1.60855918692501,7.17149150103312,10.9449319839274,25.8383489156314,4.55236094277878,3014.83662163983,91704.3005149584
29.1266648405077,0.196080544592461,1479.62785150484,240.777059993431,1605.32535915632,114.74747503402,329.199733481724,1.59138559107232,7.32538670731909,10.3069341343755,26.0793616287859,4.51551368247256,3039.32254724834,91250.372964996
29.1140170721622,0.196724143871678,1489.54015603312,243.250481169492,1616.43652908906,115.5894938283,331.550319922806,1.57923401948975,7.47451493900158,9.66189657417502,26.3364722114734,4.47831430001672,3060.79869524413,90857.4315703227
29.1311151170317,0.19727376701623,1497.22126827947,245.290054277761,1625.11226637389,116.258122630883,333.350912582922,1.57395303970026,7.61695422417486,9.02378344411971,26.5986542611289,4.44168915198276,3077.59290575748,90664.2413312502
29.1826011741404,0.197770606014521,1502.68102551715,246.942537884868,1631.35342554255,116.752536548761,334.610515747134,1.57521623505633,7.74739340203322,8.40707515322414,26.8577008208482,4.40688124853124,3089.75307162876,90835.1125864615
29.2715830226058,0.198242430022082,1506.13664268548,248.273147424619,1635.40261776567,117.088613867803,335.388542196215,1.58215257758823,7.86117227474865,7.82694202934749,27.1041561760644,4.37512200376533,3097.75981422291,91151.0246667535
29.4015113197617,0.198698875954451,1507.65318548215,249.302426099811,1637.35454367373,117.271502031308,335.711740865157,1.5941273986929,7.95707712337403,7.29785410103816,27.3259528914531,4.34731314738907,3101.78342685868,91508.8166080317
29.5749661995447,0.199134217919934,1507.34949685981,250.035687160976,1637.36596225137,117.311089875049,335.617721992953,1.61026187705064,8.03519571465404,6.83095801903596,27.5133784144644,4.32403319738193,3102.08988722263,91888.7232127823
29.7904388627577,0.199539212518072,1505.62038392922,250.510659430841,1635.88095396016,117.238733808146,335.206540200388,1.62903270267564,8.09568178927405,6.43140237795618,27.6629416264131,4.30549203186575,3099.49247165147,92286.2253080659
30.0378745555176,0.199911766161675,1503.09374636019,250.808767019677,1633.57456507232,117.103661016276,334.644233775918,1.64837708387438,8.13739788806831,6.09874580287127,27.7777264136232,4.29172417140208,3095.27611583606,92702.0358143996
30.2986905104504,0.200260659132816,1500.26665019118,251.006705300165,1630.96050245435,116.944634154868,334.087091778134,1.66651745217357,8.15765070136464,5.82925752968989,27.8648575222466,4.28277945265266,3090.46329353236,93131.3604659758
30.5540489275763,0.200604852825491,1497.26749345689,251.139363606507,1628.1486138234,116.77143241702,333.610931368464,1.68257483343123,8.15367960446217,5.61868825266759,27.9312961541805,4.27872405239665,3085.32991950392,93610.9117168135
30.7931176226709,0.200976660406645,1494.05332201516,251.233316992595,1625.0730357048,116.580200093207,333.237884041292,1.69609788164233,8.12376930551581,5.46519279773807,27.9811599828069,4.27960987484345,3079.81412997336,94177.2062443735
31.0160229140819,0.20142868409055,1490.60489628968,251.348023754077,1621.70775659729,116.368706636309,332.980872975047,1.7064679520401,8.06814171733867,5.37188323285447,28.0157668223868,4.28535324188479,3073.92835404193,94750.5359890654
31.2307180255707,0.202028426982397,1486.8848790571,251.560976652702,1618.01706996885,116.133269682637,332.843102396927,1.71296507121851,7.98887160912068,5.34589504886612,28.0355651770189,4.29565136918764,3067.66905929734,95290.4873143705
31.4462168768182,0.202847138015437,1482.85272797961,251.944492454397,1613.96398268239,115.869702908577,332.828219991832,1.71473100742312,7.88499459715335,5.39648157791858,28.0413697931711,4.31059830587422,3061.02507816287,96180.5762353826
31.6685983556319,0.203967762678074,1478.35344734919,252.559907872527,1609.38591250446,115.564258496996,332.918837450151,1.71108305438515,7.74889916908175,5.53702029608856,28.0293565456666,4.3314793888873,3053.75665164368,97816.0606697878
31.9001998747026,0.205466875033727,1472.60042426707,253.384803584037,1603.44516171345,115.15478237934,332.936363555148,1.70383235135834,7.57833289162431,5.77896735959247,27.980859368535,4.35965070809139,3044.3381686643,99611.0502340806
32.1392850882412,0.207393184599806,1464.14837518482,254.264863779322,1594.60760407616,114.529549510204,332.514344633693,1.69765840787141,7.38241064326884,6.1244624880513,27.8659448263003,4.39546108441262,3029.86551372563,101340.12039436
32.3798715523553,0.20971050756637,1451.91095180738,255.003110757969,1581.73152463254,113.606186736389,331.340128784978,1.69768482256819,7.17689588419525,6.56023839293723,27.6646510860003,4.43771294515937,3008.08451703671,102615.486419284
32.609793173384,0.21225993921358,1436.25025065312,255.490881519717,1565.225057462,112.41610404627,329.417779497506,1.7065578780399,6.98135869893445,7.04969095722879,27.3835780505438,4.48314330424984,2979.58420359131,103152.200892847
32.8062017692027,0.214829802002492,1419.0550524641,255.76343155159,1547.10596823444,111.108151339666,327.109686882516,1.72256435107515,6.8076404762542,7.5392597556266,27.055287113556,4.52810676755203,2947.97934584566,103464.494487572
32.9403834276907,0.217229886253294,1402.623554833,255.938312807466,1529.80056892195,109.860672545534,324.89783234193,1.74154607810873,6.65737322038562,7.97591391335038,26.71887206195,4.57005983694261,2917.72034792377,103694.690847206
32.9935230797777,0.219305173208442,1388.48327359109,256.107210026037,1514.91291723263,108.792232449343,323.108708561864,1.76037420981682,6.5343750682769,8.3198225062236,26.4016921271361,4.60686937974345,2891.77129529383,103331.277419485
32.966741860739,0.220944578878179,1377.40316702266,256.323806691276,1503.27067761703,107.964536723133,321.903067193987,1.77740835429842,6.44931619009123,8.54573476281469,26.1224346482236,4.63596045849026,2871.64778538988,102023.24801314
32.8806073807639,0.222151427829043,1370.2179552072,256.730233570555,1495.81453875436,107.445059270097,321.470335216154,1.78974550253319,6.40691625447392,8.64599334778165,25.9035066899518,4.65539208008441,2859.10536241235,100514.952565432
32.7634580741998,0.222999445725912,1367.80353106806,257.543197049332,1493.54138844369,107.303381583487,322.026355704376,1.79385069372656,6.4023578754393,8.62720436765074,25.7679765726928,4.66453980436505,2856.05478496483,99018.1939010358
32.6372876472218,0.223572742153581,1370.32031601917,258.882898892631,1496.65631652458,107.552086811206,323.630025948939,1.78830638861455,6.4282192796622,8.50285647749455,25.7262683701674,4.66387982282371,2862.93809680888,97679.9755360605
32.5127790819797,0.223942108034482,1377.08826549169,260.713189337795,1504.43409395142,108.137378501589,326.147305572495,1.7742689585859,6.47557350252044,8.2919511123258,25.7730275454421,4.65499919369346,2878.43502899079,96610.6236131398
32.3922807136174,0.22413331159644,1386.89993833562,262.859865278428,1515.57626552772,108.965130917944,329.311576858916,1.75470076568593,6.53765681516206,8.01603475817708,25.891846549383,4.63979045308233,2900.09332292071,95653.046924235
32.2746249220376,0.224134916140021,1398.46074174338,265.085644225042,1528.69714802119,109.935727695013,332.821339468624,1.73291704191559,6.6111533732969,7.69592126699116,26.0626432952072,4.61984539187782,2925.24351901765,94766.0266529754
32.1586252379591,0.223924212337142,1410.8052958845,267.196854695357,1542.76438654366,110.975306299491,336.442053616536,1.7114605953134,6.69492190829745,7.34711585342913,26.2690598826802,4.59622870018257,2951.87787421052,93833.6708372393
32.0445242201473,0.223485424765098,1423.44772429593,269.090725886769,1557.25139849357,112.046568735513,340.045624618765,1.69184784363874,6.78986766793177,6.97649602965527,26.5018176072516,4.56932081955469,2978.96947137248,92753.0409227973
31.9337916194119,0.222821230730234,1436.38643341036,270.760431422777,1572.13951363856,113.14854071854,343.617236543001,1.67444973813538,6.89550309777843,6.58522669564899,26.7591825321755,4.53927781916376,3006.48539450249,91713.7615051379
31.8282632544111,0.221947282460333,1449.87242101491,272.257425097039,1587.67298916721,114.298730051595,347.204783103653,1.65911737401639,7.00857601762323,6.17338566610546,27.0434356613616,4.50642418674997,3034.91731523507,90784.8497750375
31.7293008008494,0.220898509041945,1464.03561899153,273.637084026437,1603.96559033431,115.504646996425,350.836216416691,1.64591526880518,7.12323209704625,5.74487098890636,27.3550223304932,4.47156786780187,3064.53036629827,90155.9208656057
31.6385156735619,0.219733066329364,1478.6576591939,274.926762113482,1620.75909852199,116.746215874831,354.469660675308,1.6353401453365,7.23003658401406,5.31092291945234,27.6884407953276,4.43637416189076,3094.90515562878,90027.2748907045
31.5615265851876,0.218507539889289,1492.67043458164,276.019491124402,1636.87092294701,117.936707420758,357.863455130163,1.62959185878567,7.32187372447529,4.88518689050004,28.0281882038334,4.40276342928267,3123.87056582646,90113.1565160493
31.5095883454057,0.217254024930434,1503.91602756103,276.605554019673,1649.92458975854,118.903782151738,360.508790238591,1.6333986269359,7.39752609385862,4.47869518793673,28.3498935677613,4.37233388147695,3146.97181990996,90298.392562989
31.4945121743427,0.215979037530581,1510.8782899026,276.455607681158,1658.24826336048,119.526274040696,362.039805470283,1.65025249577529,7.45902856027021,4.09804039835301,28.6308162096184,4.34612352291549,3161.06320723772,90451.5584101826
31.5211375879051,0.214665198525236,1513.70034735075,275.583189872244,1661.99547252736,119.815133673357,362.479051591099,1.68037889940031,7.51045658224047,3.74257146988352,28.8595570222908,4.32422882023748,3166.42413413494,90374.2240513579
31.5809569911459,0.213283152354958,1513.80232247156,274.187692281773,1662.72675378003,119.882795943333,362.158516411897,1.72157309311948,7.5527605227709,3.4064863833125,29.0396208837004,4.30633584654607,3165.97730655261,90299.6309641361
31.6532205681475,0.211803877653165,1512.98737181845,272.528957421316,1662.42552866605,119.871805864776,361.512564775189,1.77111006511256,7.58151452365355,3.08300725148662,29.1839303525348,4.2923563685614,3163.44801249017,90331.5923872885
31.7148984484081,0.210206462668444,1512.38241125661,270.77036676379,1662.33165756558,119.870948428805,360.820017175929,1.82835072400811,7.59224370141207,2.76671905335769,29.3036393887089,4.28232484976836,3161.16957753636,90325.2492206277
31.750225083899,0.208473398970333,1512.19799686953,268.93521476096,1662.67897976586,119.896595691258,360.139524212438,1.89571877988952,7.58447203372812,2.45429775923714,29.4038478090795,4.27606939316794,3159.57825564222,90028.4101680416
31.7553037920367,0.206586560922802,1512.43616587262,267.007825384405,1663.47989394523,119.948948007944,359.475136409281,1.97670283544645,7.55845335348032,2.14630434522506,29.4893564758881,4.27332118863141,3158.67761927579,89572.7414628983
31.7366289225834,0.204527439754535,1513.32340979121,265.00132711075,1665.00279602726,120.046144029039,358.879485578048,2.07410729191493,7.51193855180466,1.84765834969449,29.5693497365861,4.27389048735755,3158.93738558688,89035.4578749749
31.7048938157287,0.202289378818172,1515.09950283814,262.937146083905,1667.53011286067,120.206944141443,358.406048598508,2.19004897434269,7.44102895715946,1.56578658662731,29.6543521168017,4.27773330731422,3160.85717284983,88486.2843406258
31.6691161717849,0.199893261958111,1517.79428483851,260.823646181162,1671.10301756054,120.432475127112,358.061952003016,2.32483577860873,7.33981567828385,1.3100060281994,29.7517226929918,4.28526976268029,3164.50805260217,88119.1315067224
31.6329882467743,0.197386735040515,1521.12877628229,258.641793353427,1675.41150706986,120.698860443088,357.786138265303,2.47538902225372,7.2025096907715,1.08887729344381,29.8622578519223,4.29727657403493,3169.32875412842,88011.966647624
31.5933000669922,0.194830768691274,1524.4966360321,256.336744000546,1679.77834123332,120.95673496262,357.443171727838,2.63538207108662,7.02704586828247,0.906504508808182,29.9782608099483,4.31448486223394,3174.08681406858,88170.8998427273
31.540794890721,0.19228574975632,1527.1163182711,253.836532327306,1683.33082739329,121.143770755367,356.859147936091,2.79673317804443,6.81523451108738,0.761775140156613,30.0850090132078,4.33747059256374,3177.19448443002,88661.8363248879
31.4627997320837,0.189798809011549,1528.20208598815,251.070801603429,1685.19112945539,121.198218590659,355.860906451981,2.95204826217569,6.5719376584884,0.650022075123942,30.1636383809888,4.36660774947704,3177.05841948455,89440.0929159437
31.3473756467053,0.187393009923932,1527.0980594221,247.97606230945,1684.62306953313,121.069506931767,354.303066457533,3.09613435940822,6.30624136945911,0.565714923487239,30.1941481651851,4.40173739146392,3172.342334437,90235.6192934921
31.1881666846567,0.185065107344205,1523.55035740921,244.522988555222,1681.33232012128,120.739837383981,352.130362731713,3.22415966801462,6.0308625202275,0.504428161958428,30.1618282144343,4.44187732724267,3162.51919176192,90944.1539844269
30.9866430742795,0.182784464194428,1518.02806561467,240.764482691672,1675.82616683691,120.249350214355,349.453393662987,3.33291759272892,5.75931711366616,0.461216395068054,30.0641861960987,4.48522458185714,3148.54056344697,91423.904327967
30.751157204955,0.180498086044165,1511.73830109259,236.8459831569,1669.43575626004,119.696318368317,346.55290373987,3.42520937199697,5.50166363665739,0.429115283840582,29.9125362637491,4.52968750200081,3132.87845536431,91564.8532842221
30.4947496890318,0.178148995832538,1506.046919778,232.929260148791,1663.67544860415,119.1900179739,343.751209232838,3.50966120232124,5.25891608787974,0.400550079105079,29.7281891262635,4.57391042083117,3118.33626562295,91597.0568369432
30.231583509285,0.175694862107964,1501.78658213071,229.103725312559,1659.47285904145,118.795574312042,341.252991500008,3.59723113219832,5.02347089351189,0.369800538545146,29.533223891035,4.61774585577332,3106.62366839422,91612.9622819549
29.9724258421441,0.173123150060175,1499.08748926216,225.376437491297,1656.97696926072,118.521427083702,339.099900075538,3.69571813658076,4.78574961536203,0.335103926614338,29.3414614373972,4.66181858265248,3098.01057276768,91601.4169640756
29.7217724595322,0.170451617955356,1497.58865594901,221.706367564497,1655.79065033916,118.33746773662,337.216789807221,3.80558029538599,4.54006641929141,0.298625711938664,29.1572103346169,4.70674148534893,3091.76507514656,91519.8444467802
29.4765394830847,0.167716552569804,1496.82954345222,218.053909993926,1655.40641301624,118.207193960919,335.504005764468,3.91879593045391,4.28756459807634,0.264784297770786,28.9800696882063,4.75240672710269,3086.96166575056,91367.180665472
29.2281822267292,0.164955902802788,1496.52114470522,214.408411613359,1655.50868742615,118.109477439512,333.901155479775,4.02289646333617,4.03613169664524,0.237216138896247,28.80970404924,4.79771890551552,3083.03569367178,91143.7007252935
28.9687141352728,0.162197996780802,1496.56694624083,210.782371798455,1655.99524390934,118.039197659491,332.392208709316,4.10807226775431,3.79559945289422,0.217096543054763,28.6468359971385,4.84122317873394,3079.81769494149,91072.8382614919
28.6948795205883,0.159464131761292,1496.85316070796,207.184102645934,1656.7430785098,117.989521497717,330.95825386767,4.16924421885577,3.57312799816731,0.20416567176184,28.4897375095069,4.88196959271345,3077.10010740719,91414.8932789038
28.4097387881461,0.156771239712099,1496.91150110148,203.57912968411,1657.23900459673,117.925271846984,329.496644676407,4.20719515152109,3.37486442522558,0.197426775241695,28.328754325979,4.91960961000285,3073.94972745997,91853.574681831
28.1222302933775,0.154134006197308,1496.00043273946,199.902328866352,1656.67258363058,117.789701862661,327.839179666882,4.22680482827072,3.20691875948791,0.195661914336245,28.1482061432229,4.95415237605156,3068.87857749492,92246.8987991537
27.8435428222822,0.151558465630794,1493.73054263632,196.128947283338,1654.62421462269,117.553573178591,325.896469516123,4.23365382716846,3.07302468054991,0.197611316937148,27.936849073628,4.98568972918954,3061.1176204575,92524.4628395066
27.5819464076098,0.149039633674651,1490.38575834525,192.302780710879,1651.41402830267,117.240082939558,323.732102499395,4.23049820863192,2.97427014825868,0.202911953885375,27.6945317391068,5.01406144100255,3051.26042530923,92621.5482046268
27.3379642513875,0.146568078179056,1486.71911305948,188.504771551563,1647.87052821215,116.90942596898,321.525522835813,4.21012704907422,2.913235892927,0.214048622694607,27.4314506303399,5.03831670750323,3040.84158955376,92617.5565540228
27.1045762905487,0.144131794503149,1483.56435392284,184.811006769567,1644.90212913421,116.629157621943,319.487644583439,4.15894551623072,2.89810356895572,0.234887184591027,27.1625280255675,5.05644811128527,3031.55018127966,92552.2518714789
26.8730630248481,0.14172978248351,1481.32876824896,181.250617740622,1642.94305627272,116.433559774541,317.740893792204,4.06768939108421,2.93741298624474,0.269172699412635,26.8996402498428,5.06656613821919,3024.20946903652,92866.4778308452
26.6364718903174,0.139407001311355,1479.69537837921,177.79329604322,1641.62949172494,116.299910845582,316.263762299777,3.92327853222116,3.0358985075513,0.326483635902111,26.6441601411672,5.06792109857243,3018.19748122103,94094.1558730798
26.3888960868949,0.137269873893178,1477.33873399879,174.327697195727,1639.48612115901,116.128751963993,314.871801904054,3.69669941035665,3.20601065397589,0.433039250179266,26.3819369211387,5.05964099037597,3010.90576735279,95664.4651961371
26.1252359940683,0.198865622826221,1472.29793524076,170.701396719332,1634.32267673153,115.738150229996,313.60929261922,0.0328697071338128,3.10090809816707,0.865319116077091,26.235350819693,5.08284766323422,2998.63675337633,97308.9816931437
25.8237078024419,0.421106191541263,1463.98034629462,167.061134810601,1625.2093720187,114.895944023709,315.394073391343,1.10966277684292e-13,0.824808813551953,2.93519708354555,26.9372988824407,5.35950359090799,2981.76017648305,108510.684580661
25.5495345831392,3.59270174351639,1459.83994448451,164.087211973057,1620.23112792593,114.440372195778,318.24139422908,1.12785042191e-14,0.0104258824721615,4.99126324144057,26.4242034027541,5.51180510870556,2973.2323360707,111083.737763809
25.308828491862,11.1532493801635,1455.85187791567,161.762560084843,1615.31427001971,114.035416109999,317.674737411171,2.00064739431735e-16,2.39602435728227e-05,6.84614794913587,25.366798511288,5.57904838870733,2963.35802153276,113774.309097116
25.0840465392637,19.1294254573757,1447.69279810625,160.454510646174,1605.72754283051,113.294487850335,314.896499594539,6.64251996603774e-19,1.35214567292267e-05,8.65046979665265,24.3622393339899,5.63765980237896,2945.27576736047,116408.667022228
24.8724958122552,27.0165604352863,1434.59140900301,160.641627189169,1590.38324071755,112.134904847855,310.798610133675,-3.68251535713861e-19,1.05505937559808e-05,10.4354804772695,23.306996888837,5.69770958267887,2918.24599265301,118113.249042679
24.6845712286846,34.3146680464527,1417.7450706256,162.310923063386,1570.55915771606,110.646912614749,306.269753642616,-8.21696502641968e-19,7.10501170408166e-06,12.1622346139059,22.2125103689239,5.76013483734796,2884.92416757588,118396.769090094
24.5313595662705,40.7731579708754,1400.75120884221,165.151134174229,1550.38038966115,109.126614064322,302.175571388768,-7.15252955932936e-19,3.89363595862933e-06,13.7556300047837,21.1510375681857,5.82116036491927,2852.28158048725,118442.698246747
24.4160234935389,46.3431712090121,1387.14861814518,168.831235425905,1533.95774504431,107.86902558292,299.11874954836,-5.8368687078889e-19,1.7084497634346e-06,15.1588209661403,20.1802091608114,5.87735504961059,2827.0589871698,118494.603130014
24.3328851715038,51.1098577402135,1378.04284311857,173.112187160892,1522.6209315083,106.970283966005,297.146256004346,-4.77422128110965e-19,5.01997875395346e-07,16.3587656329647,19.3141545266904,5.92774503501591,2811.22030551636,118371.761473096
24.2735847816386,55.2269920844189,1372.68038431367,177.802892136113,1515.54227316168,106.372992083457,295.952902130411,-4.01260711569633e-19,6.03593490483179e-08,17.3663628589775,18.5404238172842,5.9729516124667,2803.07580760001,118044.238124435
24.2331246618355,58.8482858081206,1370.04047867752,182.647966201347,1511.55179312178,105.996772487718,295.246190173288,-3.45434173234964e-19,5.13025595238243e-09,18.1864831172508,17.8422324546079,6.01392013572421,2800.36534942989,117834.021591852
24.2091733209539,62.0844054673668,1369.2724313176,187.347977988373,1509.66734395078,105.775170358834,294.824852055136,-3.00506964977278e-19,7.31930650659181e-10,18.8150684357102,17.2040400464758,6.05156112515703,2801.16001140131,117834.483102989
24.1975667675444,64.9963686427544,1369.42003503743,191.697727958081,1508.81144309271,105.633255182629,294.503880987273,-2.61608467376409e-19,1.26857393996783e-10,19.2547614274492,16.6090856598425,6.08683671839106,2803.43851585096,118087.045734797
24.1888602300318,67.6146841886414,1369.44548784283,195.599121338859,1507.84035862617,105.489621514693,294.10509004886,-2.27105229173958e-19,2.27692125322193e-11,19.5205834535632,16.0404304138251,6.12068476572812,2805.13718171016,118436.173796414
24.1660808706211,69.9649608943264,1368.55302356678,198.973406513226,1505.89720107226,105.282875279164,293.504719543895,-1.96619801656019e-19,4.08980599835784e-12,19.6378439004455,15.485158333613,6.15379600433874,2804.6977327113,118738.01599563
24.1115277259871,72.0800018476037,1366.52162103838,201.753428435114,1502.76553710364,104.997347672133,292.687753822978,-1.69952089203347e-19,7.27134375355911e-13,19.6367789739742,14.9373790983091,6.186464053513,2801.68570844218,118996.172635779
24.0177047487273,73.9951638494191,1363.62903751589,203.935074896115,1498.76749659669,104.655620499246,291.726276872875,-1.46777162630161e-19,1.27218047191095e-13,19.5450179419695,14.3966113770471,6.21868745287786,2796.66045294074,119302.891002989
23.8826583802725,75.7337840867729,1360.23556663182,205.550675372661,1494.29127314256,104.28498502905,290.694169772829,-1.26664157453752e-19,2.21699205919319e-14,19.3800263902566,13.8630611040631,6.25043369851823,2790.33544597784,119876.332806768
23.6925846055959,77.2890503536939,1356.32926889996,206.56458433318,1489.28024466305,103.881715891609,289.575650281302,-1.09165433109288e-19,3.91045569444084e-15,19.1409755840905,13.3339043744902,6.28183910908222,2782.61111342235,120745.347332905
23.4404636055326,52.0098613756257,1349.53019818189,206.236307249621,1481.59179971097,103.382122625401,307.366103282643,0.558060790936049,0.425474051673667,18.896678905723,13.098111332709,6.28480411042243,2780.55324590937,112655.105279304
23.0739723503346,14.3966265533302,1328.54220613637,204.002219801805,1458.62447531226,101.898258965478,330.193932959557,0.715318453479509,1.34059203996707,18.2596126236286,12.9173828140713,6.23409682228561,2754.7795380102,114180.522765148
22.5868247038482,0.876097328860803,1297.24338188263,200.369777328166,1424.10319759097,99.5687473319907,331.160002430623,1.27211319308882,2.14952127118617,17.0916606921882,12.4821619093623,6.1638998376292,2695.92551816003,116045.348268286
22.0194203499488,0.297228259983466,1265.43885104923,196.524038021266,1388.82449514121,97.1765205796048,321.71060913261,1.69429829944688,2.86366355680281,15.5543164716526,11.9880316513419,6.08356201627493,2629.54380362692,117905.153479927
21.4303137794783,0.226666349859481,1236.92483831446,193.216048245169,1357.10270427853,95.0142023766052,313.19806742125,1.91834286263281,3.35104084007056,13.9972913768024,11.6248137504711,6.02521133792619,2570.01037430079,119687.844420306
20.8615512610466,0.2109220597092,1211.42294563283,190.693344101296,1328.67537430563,93.0678001240172,306.208350059846,2.05887801547635,3.67392916039459,12.4306147334662,11.3727407809487,5.98252688036379,2517.40415901682,121161.536358221
20.3333829423717,0.205097908463247,1188.18656294833,188.860746522971,1302.71964293791,91.2804964160831,300.683463365607,2.17815650339841,3.86693311439244,10.9231333780974,11.1779081002115,5.95490142365355,2470.26573834179,122145.883972545
19.8619448646643,0.203307746845227,1167.33511762893,187.409319620245,1279.36220106083,89.6656573715867,296.436514760121,2.28410208787335,3.96805025946213,9.53608757260712,10.9970234097824,5.94040405449971,2428.46726291752,122864.610814608
19.4644342796933,0.202953515696463,1149.4163162179,186.006402149756,1259.20703559154,88.2715567574741,293.287329472723,2.37938616597823,4.00800378387456,8.30417279510512,10.8142989171281,5.93603643558238,2392.65023598782,123351.898893512
19.1487870199543,0.202861548142617,1134.69375946337,184.506229779123,1242.54918593956,87.1223778272384,291.047654093222,2.46552446267716,4.00770212011347,7.23346334864416,10.6292506906081,5.93891662221269,2363.07800444814,123824.401103514
18.9104470470309,0.202703112875725,1122.91080565112,182.979423418821,1229.12006881003,86.1994590397143,289.503269250058,2.54420625516786,3.97898818584987,6.31020982646898,10.4439385277265,5.94713068803897,2339.22346926633,124417.809738031
18.7363166676967,0.2025589553565,1113.34570137971,181.631991156821,1218.16566285884,85.448489520429,288.403632452984,2.61873506323797,3.93004605218864,5.50704742415164,10.2578832924052,5.95940934220393,2319.82050930678,124899.680031419
18.6122520520479,0.202585147143683,1105.25278264661,180.664643309204,1208.91654667707,84.8139721928337,287.542625798454,2.69311142312191,3.86703448846363,4.79553565701184,10.0702775871383,5.97481545083893,2303.59280323996,125259.985959689
18.5292831278737,0.202859422386589,1098.26809347527,180.142211644193,1200.99646034714,84.2685804443511,286.83210119036,2.77005701494419,3.79372260734226,4.16035023872674,9.88281273940334,5.99261109897028,2289.89915306871,125477.665297156
18.4795628013552,0.203604667803281,1092.34583066064,180.01097078262,1194.33790000775,83.8077508484866,286.285174705676,2.84831010620574,3.71329413058054,3.61495137194751,9.69931449132853,6.01204765898363,2278.6077929822,125529.226820714
18.4480927709509,0.205075052338206,1087.58083367201,180.195360612983,1188.98720160598,83.4368806851214,286.001883256494,2.91720238876052,3.63096277541974,3.21800831148481,9.52495185729356,6.03211127382354,2269.83987494478,125488.077000691
18.4171210468947,0.207138733163483,1084.03373882035,180.627995259734,1184.94908177395,83.1605761067199,286.094701610175,2.9586917835244,3.55797939359692,3.03004878158972,9.36442467174974,6.05097361496551,2263.66624988348,125379.556404509
18.3769122168192,0.209510041652503,1081.61448221235,181.231895526981,1182.10267194023,82.9742447888327,286.590100291551,2.96229131849393,3.5071388818772,3.05548431026381,9.21957325165094,6.06662145404171,2259.86438552797,125327.577586564
18.3237362933294,0.211698867885025,1080.05955110198,181.949098431901,1180.17685092744,82.8594119006248,287.399624217799,2.93506433526225,3.48337141381117,3.24902648260583,9.08935281811494,6.07817054177725,2257.87893215398,125358.636129352
18.251554557625,0.213214264164735,1078.98299010829,182.78361310154,1178.79030112269,82.7862055772093,288.335528660968,2.8951891459872,3.48348963018935,3.54082102026724,8.97169864979173,6.08581264090906,2256.9399307409,125310.70858023
18.1530871409056,0.214132935734102,1078.11336914367,183.769088357998,1177.68806077616,82.732874540062,289.232279009545,2.85707995962417,3.50101028623141,3.86554094715577,8.86648759862132,6.09009997074026,2256.52013336246,125166.22443256
18.0264982207765,0.214698961593589,1077.4483733114,184.899039781654,1176.8882325333,82.6991608602601,290.056889617553,2.82549913949827,3.53018974670379,4.18632763085178,8.77647442747348,6.09148745040005,2256.60921606532,124886.024169665
17.8747516180614,0.215049706012966,1077.16710564013,186.11534668981,1176.57449898999,82.6990873842212,290.877078559776,2.79946258120966,3.56768757363134,4.49245760848799,8.70500429533177,6.0902240815103,2257.51684747256,124466.688833502
17.7007592056285,0.215217011528716,1077.50791757925,187.329807354712,1176.95676269784,82.7502032443735,291.788278284433,2.77622643865759,3.61149527914722,4.78764578210551,8.65393513134441,6.08653550170848,2259.61805764935,123983.694032985
17.50659872019,0.215188801305654,1078.62798212111,188.465951266471,1178.14742063844,82.8631084481778,292.853658632464,2.75362574814456,3.66015742587242,5.07779551839188,8.62290984891927,6.08070692646884,2263.12223997109,123454.787189486
17.2959371929941,0.214971597801594,1080.53112638238,189.49606349309,1180.12516633039,83.037262887689,294.083983690913,2.73098117835794,3.71282864478939,5.36226139382486,8.60985299442474,6.07302456900059,2267.99824908235,122841.913779548
17.0729840356514,0.214586051126047,1083.16232767502,190.441779078247,1182.84696974919,83.2683511781804,295.466425620888,2.70872760028722,3.76927452608226,5.62968354526873,8.61242563593918,6.06369688555672,2274.17061311752,122082.434212338
16.8393378008773,0.214076282786714,1086.54565484893,191.364442159684,1186.38912505201,83.5580709225899,297.004081236421,2.68758676531162,3.82913603280694,5.85619932053506,8.62930591583881,6.05289267877876,2281.77548225502,121205.629966515
16.5960572028017,0.213493153003773,1090.78696825427,192.33175618859,1190.91999654442,83.9141915970145,298.72083049215,2.66788437811143,3.89161783980844,6.01732707664763,8.66023028846932,6.04078392237094,2291.11608144313,120230.955819312
16.347784442491,0.2128771708638,1095.96577192774,193.378905614135,1196.5487534226,84.3425313178184,300.638158527889,2.64893766209944,3.95470770265157,6.1053268891495,8.70506685726729,6.02770232143465,2302.39496284195,119399.508008014
16.1002276425121,0.212192418846615,1101.94079685699,194.459975361807,1203.10976027832,84.8321364059134,302.718981395531,2.62994145627842,4.01420803413209,6.13095078429891,8.76181749689781,6.01436170040863,2315.29028011049,119006.242006155
15.8542917429134,0.211311797634874,1108.09127762279,195.367105831418,1209.89435315919,85.336179309337,304.777146934685,2.61218314046289,4.06732079714896,6.11230983794912,8.82385826358192,6.00146561435166,2328.38771157832,118897.856403163
15.6051677416242,0.210181954700973,1113.49732616493,195.815973321099,1215.86489909053,85.7852489729164,306.529100564701,2.59821636960486,4.11401323570516,6.06518821450807,8.88113938824637,5.98948093836673,2339.61581599912,119032.121809689
15.347733306614,0.208801560439953,1117.43643675371,195.646491754075,1220.21143141275,86.124090611444,307.754463145976,2.59038922077677,4.15575547127502,5.99839438419991,8.92498777630167,5.97863492008864,2347.4002873609,119156.930434608
15.0889097113754,0.207203569299829,1119.69758740286,194.89343664861,1222.71142074487,86.3369031930738,308.390052504195,2.59029801935304,4.19699871645348,5.90972583908867,8.95172920743578,5.96853179693347,2351.35612440278,118849.229831146
14.8621299853713,0.205486877884284,1120.82724784913,193.778650587663,1224.01470061581,86.4682643618476,308.600670506818,2.59700945678593,4.24223273505355,5.78753997535122,8.96507641691867,5.958414700608,2352.78457683564,118194.495101992
14.7117726070671,0.203742355844692,1121.9260876395,192.595854809037,1225.39444184582,86.6065010757791,308.714350284069,2.60736737231205,4.29358775945669,5.6203635856752,8.97428310216174,5.94756734673289,2354.15590867116,117236.278841867
14.6598143930068,0.201998807659747,1124.05483093184,191.554875903378,1228.04627311699,86.8350064849317,309.04114393261,2.61806275866366,4.3521829302352,5.40571804821326,8.98921620366595,5.93536223432238,2357.7623488248,116020.919718188
14.6973874532876,0.200252962856944,1127.88558429317,190.742435939082,1232.68729050651,87.203880583447,309.777778164829,2.62658334315054,4.41636519776261,5.14927761538624,9.01759387975842,5.92165905354769,2364.98282958554,114867.951837132
14.7927571218903,0.198476747472767,1133.5634499926,190.141748355417,1239.40875084893,87.7194133709032,310.976901468792,2.63245120436593,4.4807297473817,4.85628495604392,9.06357129051656,5.9070354244992,2376.03313689976,113965.168654704
14.9081820144302,0.19664306537969,1140.63999717508,189.654991144918,1247.63911249494,88.3412776751576,312.526193898271,2.6381515910553,4.53875208422451,4.52879299922444,9.12632545619903,5.89249053067649,2389.88447348815,113315.045113407
15.0179558677341,0.194732665128501,1148.29367687998,189.149208274842,1256.43425381604,89.0027917528098,314.198897157033,2.64857735635827,4.58776182054963,4.16882420016251,9.20082137247387,5.8786880821051,2404.77346600515,112482.118274584
15.1146403217435,0.192713794636458,1155.94437724273,188.527505767894,1265.16826693841,89.6595828486955,315.820282210948,2.66866747305851,4.63039464063203,3.7785905462913,9.28260759657305,5.86548858673888,2419.48312602572,111156.087861203
15.2084903320956,0.190551566033658,1163.82261832853,187.79185057217,1274.14739544698,90.3323260009685,317.435849548182,2.70023039932233,4.66697821136019,3.36297135570341,9.37255249674058,5.85276936542078,2434.5098944919,109848.170143267
15.3172383258593,0.188210377153093,1172.54474106908,186.996506787722,1284.11034171262,91.0714462495451,319.199420232931,2.7440841575742,4.69297852961639,2.93039023461328,9.47413302746348,5.84094363590118,2451.16056341995,108671.746410542
15.4515621697078,0.185694996334266,1182.30009832933,186.165261468372,1295.29845217686,91.8916904731274,321.154853585095,2.80297867763427,4.69976324321905,2.49433135126477,9.58766587771835,5.83119488022024,2469.85221397483,107973.286518177
15.6069342811182,0.183046180197807,1192.59004361841,185.252738016237,1307.16406132021,92.7515354064356,323.169524153367,2.88092936209476,4.67486119827522,2.07718205984815,9.70761545243488,5.82560285893981,2489.56598154588,107933.536511541
15.7573782525559,0.18029277530473,1202.2258106015,184.103550050152,1318.39042163844,93.555447477979,324.921236011165,2.98021833595152,4.61139661039029,1.70891907041133,9.82185092568024,5.82583456834924,2507.82698152156,108036.669225708
15.8647106398882,0.17745093894395,1209.95728316868,182.530364691951,1327.59530876373,94.2048969594583,326.06841190441,3.09405812873674,4.51344904804891,1.41676827509281,9.91692610863479,5.83207313411082,2522.01698608561,108159.521976683
15.9030230855923,0.1745267115949,1215.29559518571,180.457195066855,1334.23361241806,94.6630775512449,326.477431188796,3.20765627561775,4.39615268435807,1.20701680701887,9.98576696709475,5.84257035427013,2531.10747061018,107788.033595284
15.8693954688072,0.171517442120829,1218.82976342964,177.977931561902,1338.94519777644,94.9782499217229,326.305715503985,3.31120070792815,4.27965169980471,1.05968357049818,10.0316659703017,5.85428960046834,2536.32554666161,106574.213491645
15.7773107035191,0.168430888867135,1222.19978913692,175.352789827822,1343.52585271294,95.2786647064337,326.003466869757,3.40635366395042,4.17209405183156,0.943108964564021,10.068447040855,5.86532034223389,2541.1013858529,105188.952887341
15.6443870456238,0.165280875301515,1227.18618841256,172.864452732267,1349.9286661914,95.7009353746099,326.061767799623,3.50333040803696,4.06653921720171,0.831923386641211,10.112225291899,5.87577300116712,2549.16129539913,103789.012476552
15.4849634310733,0.1620898863803,1234.63325871432,170.65051787072,1359.07917043075,96.3077904265284,326.712003007311,3.61203648693283,3.95098593884314,0.717550768919427,10.1721475423295,5.88685912070579,2562.27162623636,102550.737214441
15.3098709914614,0.158886033881113,1244.37970344545,168.693250728714,1370.79303516591,97.0842569249648,327.913727369599,3.73399304557702,3.81525722802293,0.60558234153178,10.2490031738551,5.89998697481349,2580.09413252445,101692.036411445
15.1304904893681,0.155685136827798,1255.58655091827,166.869485509141,1384.13049293566,97.9639092847642,329.447040008176,3.86463153369991,3.65573337469357,0.5041827105303,10.337277310315,5.91598644731287,2600.86801778194,101047.414938172
14.9590969331046,0.152490504105731,1267.1597251148,165.018722954235,1397.86302862372,98.8615044967578,331.027846132675,3.99832065985347,3.47476208433912,0.417629827519848,10.4282799435484,5.93502965120433,2622.29732680349,100553.388449208
14.8039604735743,0.149300697409974,1278.22709811466,163.020455972069,1411.00998775777,99.7097723913658,332.433333105099,4.13049803232646,3.27770229678574,0.346226114385936,10.5138261578985,5.95684131745888,2642.55902634494,100065.790692755
14.6655347326849,0.146116480581363,1288.37029492196,160.827386410321,1423.09955317613,100.477133027467,333.557220307172,4.25771186982899,3.07145347946698,0.28858289357922,10.5884762922466,5.98076991461087,2660.78620422069,99471.7984570174
14.5342355764407,0.142948622971867,1297.66713333858,158.464026524051,1434.21062178373,101.170891684043,334.41750502095,4.3727101396126,2.86419336756635,0.244327215730905,10.6503834937765,6.00575536519594,2677.14413508191,98962.573117352
14.3939994245569,0.139810822106987,1306.42776748812,155.985578386899,1444.67821949075,101.816899162538,335.086318303349,4.46609510762361,2.66626427967658,0.212786243671463,10.6997922385119,6.03027581420626,2692.27550206054,98597.906095282
14.231579278893,0.136710912829061,1314.79375195847,153.425825000746,1454.65328953655,102.427911952145,335.591067656695,4.53500069564268,2.48758980056125,0.19139603911924,10.7364286479701,6.05288500034041,2706.47584928368,98343.3180417678
14.0418447478142,0.133651966769652,1322.65227371323,150.790952096516,1464.01319906939,102.996448934085,335.8995662061,4.58438716488018,2.33407458004684,0.176764637667471,10.7589564612482,6.07278238166052,2719.52856971061,98062.7140194595
13.8271298606795,0.13064332771531,1329.85077561911,148.093515381824,1472.60787995866,103.51182558376,335.978276743683,4.62201251712408,2.20665354712639,0.166032980388861,10.7666463395425,6.08986012036937,2731.1635872107,97703.7526617694
13.5940831871097,0.12770214082674,1336.4292832872,145.375836146573,1480.51415109328,103.978476411871,335.848503053804,4.65389732333868,2.1026309659796,0.157367521780124,10.7610555121715,6.10440759734117,2741.52869521622,97260.3147067447
13.3504110304973,0.12484463269212,1342.63936737235,142.693964995598,1488.0369046101,104.416936041307,335.584937532267,4.68204272482679,2.01760194878772,0.150066652760162,10.745774805103,6.11683976508821,2751.19284062841,96925.8820870157
13.1040377318057,0.12207983851441,1348.71318017872,140.084105414982,1495.4405584171,104.845719908674,335.253227648447,4.70391218114535,1.9475479949735,0.144569436445797,10.7241375119629,6.12751854397491,2760.65178795448,96936.5893798917
12.8667614059627,0.119406976635923,1354.50248940998,137.531903906176,1502.55145249377,105.253799874075,334.813329550507,4.71578994197293,1.89195504571372,0.141798075025018,10.6964240195245,6.13646261869574,2769.59305435591,97067.1951424889
12.6549165037869,0.116823440032071,1359.49248642339,134.985331861827,1508.78169703576,105.602131149197,334.127254611954,4.71558409967059,1.85411726680382,0.14236434631588,10.660148397548,6.14329567914682,2776.943453725,97224.7068130505
12.4820944452182,0.114330866324434,1363.1382639912,132.395160946418,1513.51089325555,105.849612898637,333.059366082424,4.70142499451254,1.8370638098577,0.146740262706835,10.6129061870699,6.14767946117122,2781.5795741977,97813.5751462866
12.3566002056523,0.111932697041118,1364.59681997636,129.690607312273,1515.79366774488,105.932058270191,331.414845088039,4.67038458506464,1.84166823993968,0.156054386717299,10.5516764530052,6.14962325153274,2781.78892516268,99200.6031149234
12.2911785234213,0.109619896040512,1362.6804322089,126.770237229555,1514.3088149417,105.758568412597,328.911746173725,4.62344085829333,1.86948361382212,0.171342516555432,10.4694500831506,6.14926770667388,2775.16225245178,100747.023715319
12.3081440126633,0.107376270058919,1356.58454823861,123.564495708198,1508.16359040614,105.267899109153,325.359645480109,4.56535535002927,1.92263162839273,0.193091893898637,10.3577346969459,6.1467720314055,2760.06956162921,102231.219432062
12.4270806142297,0.105193720166197,1346.83322592445,120.12352964344,1497.94126295876,104.501478852487,320.899566214177,4.50016214175865,2.00101712268703,0.221631099531901,10.2141970265819,6.14229127867677,2737.58938503144,103448.350000919
12.6498556261518,0.103114949369211,1334.84537803052,116.588928525189,1485.22180030242,103.571155946095,315.927525701045,4.41443912606792,2.10788139538082,0.26540609095518,10.046626883688,6.13501087465756,2710.65513027028,104329.422918524
12.9548044680706,0.101265545519949,1321.87297274608,113.126777926097,1471.40362851007,102.582255243706,310.9227909026,4.24907736420294,2.27003401821665,0.358105741493843,9.87200683286723,6.12043555875426,2681.97371777534,105198.917475212
13.3066323396917,0.0998364188870294,1308.69192365594,109.892303093309,1457.35286921726,101.60859428588,306.364763838986,3.94681121134623,2.53472483909094,0.558004911507551,9.70892759252863,6.09127482070564,2653.3785863935,106121.582155848
13.6755878872844,0.099029952321383,1295.52318580995,106.974391653361,1443.31096419569,100.671101518828,302.544482700504,3.53837140204721,2.91051626594883,0.939744486378299,9.56791349600972,6.0461871569846,2625.51328764827,107399.22769313
14.0442166499777,0.0989949245281235,1282.02955336199,104.461745804522,1428.89196624421,99.7280771023028,299.429913797711,3.13085402937541,3.33313946173882,1.57752336493619,9.45060971751011,5.99442324594548,2597.78663739556,109217.929282118
14.3962208826815,0.0998801481216608,1267.41430305706,102.669583283025,1413.17245403401,98.6907133025325,296.671229500773,2.82377498761198,3.70913697217216,2.48215397142935,9.35581939052489,5.94913246186273,2568.71489010108,111083.463635953
14.7096484961705,0.102072340838981,1250.967151379,102.132914263992,1395.29672663611,97.4831015799525,293.844148883561,2.64005271073679,3.98343009026458,3.56437490616562,9.28528101954762,5.91754511076157,2537.07193768972,112866.371107371
14.9655397418095,0.105917973383255,1232.74192640683,103.233467079445,1375.27512405868,96.1049609671673,290.772116066396,2.54805512402486,4.15629214959783,4.69832889560074,9.24325882439867,5.89893144287163,2503.08750463902,114286.8922219
15.1575395424405,0.111069396595974,1213.69439496183,105.933211362208,1354.17848600329,94.6387232076368,287.57702722869,2.51238493443786,4.25685492835236,5.78021394052525,9.23005173817389,5.88887913848881,2468.56287114443,115204.968140761
15.296127466427,0.116589082666578,1195.28722871475,109.774123995091,1333.71067187691,93.2113237490221,284.486962660805,2.50991891594956,4.31393649444032,6.72212569921164,9.23855973736272,5.88344454799652,2436.03916539755,116009.284466202
15.3999452937143,0.121957123383827,1178.65076666181,114.15858714894,1315.23116030019,91.9222238715153,281.623344772508,2.52623491766252,4.34617535402555,7.4494904986425,9.25597056333,5.88040950997943,2407.30431204649,116781.789067111
15.480498448289,0.127074435137091,1164.11007187314,118.684180813548,1299.16230183381,90.8024261591031,278.982441416705,2.55286481061803,4.36750656719418,7.92693833949614,9.26874068244077,5.87843581158766,2382.70687818031,117072.602110399
15.5386339039419,0.131937680291302,1151.74867592408,123.177155688951,1285.59668118889,89.8594550183494,276.599315109219,2.58480992277535,4.39046848653532,8.16576651628665,9.27062481888611,5.87618695131939,2362.29055067008,116581.258247499
15.5714119156118,0.136501993437848,1142.11899806032,127.542497146891,1275.10123585733,89.135804686299,274.68311801681,2.61603663620438,4.42073594541062,8.21842021372631,9.26746771019784,5.87271006979417,2347.07344465852,115848.784127851
15.5785381729684,0.140586260921194,1135.89213916401,131.698701015053,1268.3658159283,88.6834317990769,273.471470466183,2.64095827491351,4.45842353132329,8.14855702455614,9.2706710119241,5.86748437171635,2338.30925931244,114995.390283825
15.5636480912136,0.144051674672826,1133.16682702461,135.602465805426,1265.47431355224,88.5101036524042,273.01664611188,2.65800614575147,4.50635611814424,7.99347321143451,9.28792642773895,5.85971561760437,2336.15359843388,113753.677333394
15.5332412917508,0.146878064589701,1133.68472010303,139.240701651447,1266.15261412281,88.5958229688722,273.241192323232,2.66817180411909,4.56946260781752,7.75984169363569,9.32294605477627,5.84846829446097,2340.0911916759,112158.71716204
15.4955780954995,0.149128580588169,1137.29602690455,142.594279590459,1270.27343448566,88.9286007033639,274.0785711448,2.6718889148019,4.64817344983612,7.43984567415367,9.37844130752547,5.83347976212161,2349.82976931629,110756.140191662
15.4585030999267,0.150841936585322,1143.71982108621,145.616124742447,1277.5640181179,89.4857299661606,275.43627381589,2.67030737590942,4.73863012072064,7.02695385628623,9.45460012791906,5.81525218889662,2364.80134476585,109645.752250935
15.4272071123039,0.152049943822056,1152.16052105925,148.249760816736,1287.15644582142,90.2038141029311,277.116853353949,2.66673797444313,4.83424593439939,6.52724749907788,9.54706214366103,5.79497003357705,2383.40866298251,109058.216712191
15.4064727048999,0.152812596375866,1161.37757005385,150.443805749008,1297.66776113693,90.9847189675828,278.836419745807,2.66647765451144,4.92708053585269,5.96085090513563,9.64760153647743,5.77426965674838,2403.17704806267,108832.918985751
15.4066351522474,0.153201200643335,1169.99864037624,152.148727336865,1307.57007136876,91.7217512314329,280.289688366817,2.67596016222309,5.01384576641495,5.35635528256916,9.74647005549852,5.75424736823433,2421.38318719033,108397.85586748
15.4419557715624,0.153281466542349,1177.26882738221,153.361827430659,1316.03329743714,92.357802596159,281.321880936588,2.69920859408212,5.09497831635907,4.74477512634606,9.83805450376028,5.735253174322,2436.56614427839,107671.142359117
15.5212107739605,0.153095633891407,1183.48812665646,154.165504313116,1323.3984438141,92.9169133943795,282.026947239678,2.73571214679646,5.16828910797078,4.15279413936441,9.92421060658973,5.71757577407921,2449.3982340205,107022.547007338
15.6432217988622,0.152680224889482,1189.37396085866,154.679876842877,1330.44824361725,93.4525059844448,282.589464266921,2.78258612424053,5.22624580853956,3.60137518610374,10.0093062750964,5.70209611778863,2461.37224302304,106942.510079197
15.7962186391103,0.152077341976023,1195.04322950078,154.957846174585,1337.25780547589,93.9675570759701,283.029924157588,2.83891854676873,5.2620079014041,3.10553654513791,10.0917464114327,5.68991734717348,2472.69820119518,107173.947942467
15.9616755236378,0.151333025877592,1199.83064392257,154.954745211491,1343.00758460218,94.4024162822854,283.167743872141,2.90580772690892,5.27299169469541,2.67503576462668,10.1625768537881,5.68195240406697,2481.94258631892,107616.572199325
16.1232985868167,0.150480218216684,1202.96041813441,154.60131508159,1346.77658045731,94.6911145024915,282.806012505608,2.9831203900861,5.25925360914197,2.31546850769033,10.2119289963107,5.67879714167343,2487.46360926838,108097.382015236
16.2718484677903,0.149533228391448,1204.06938266076,153.867463623629,1348.15865166883,94.8050236390781,281.864631547405,3.06785833683225,5.22509102655332,2.02761680157424,10.2345240398051,5.68018536504313,2488.52628365108,108315.185675217
16.4051976600725,0.148500647648324,1203.44850141754,152.802081913257,1347.54586920581,94.7723244719957,280.436649779868,3.15264951708898,5.17806693611451,1.81076373476441,10.2323873664522,5.68495506688037,2485.82023248454,108293.83911531
16.5264525807156,0.147392752666095,1201.94403176821,151.527044495853,1345.98398905211,94.6676181890791,278.75280641356,3.22696174741721,5.12752944251237,1.66189368530418,10.2136946515968,5.69131152571362,2481.22010191894,108054.537645577
16.6406368344427,0.146220843171644,1200.53567277213,150.180019121142,1344.6347790178,94.5741244754388,277.064460338355,3.28318005197903,5.08354586971149,1.57036475447171,10.1887209698292,5.69721723561148,2476.83719721105,107536.568333283
16.7490968116523,0.144998124691772,1200.01934950122,148.873397818692,1344.39722833413,94.5566576238935,275.573298889861,3.31977574430679,5.05327602629523,1.52060095125527,10.167622340098,5.70106210708418,2474.34272507543,106770.43135415
16.8426467284264,0.143742851945068,1200.9518961362,147.694313011619,1345.86492953296,94.6585139354322,274.441600269236,3.33815528451906,5.03816001766948,1.50013909909618,10.1605156789305,5.70209405363976,2474.89125014164,105914.318595469
16.9052116991437,0.142479748293226,1203.61737624629,146.700957492396,1349.31860026209,94.9009578094865,273.779954137665,3.339958508393,5.03646771959764,1.5016629866113,10.1758736554964,5.70013431904349,2479.07809435834,105005.082051739
16.9269860346434,0.141229412660498,1208.00749492322,145.909764662144,1354.72375785695,95.2826552346866,273.60971732712,3.32788580071978,5.04738012569796,1.51921227087043,10.2179177940516,5.69508911066672,2486.8898850617,104000.486986682
16.9115267360899,0.140001254172939,1213.97394088294,145.306977153216,1361.89991721216,95.7912430564216,273.893050757867,3.3048595162667,5.07147408427766,1.54917025664526,10.2876016411988,5.68681418221919,2498.00848226273,102861.023877821
16.8759373575646,0.138795626140271,1221.4307860036,144.87526700633,1370.7325982728,96.4183669328772,274.605727299419,3.27010067059007,5.10964024464697,1.5968562809982,10.3860720337732,5.67511095019409,2512.23112604805,101661.633752164
16.8431045427342,0.137613698251238,1230.3805454394,144.605770030116,1381.20135808228,97.1623886478448,275.754591182219,3.21947480199859,5.16360487759628,1.67365723795585,10.5156052773423,5.65961065639785,2529.53720683633,100437.792187567
16.8297857259779,0.136463203429486,1240.79495992059,144.495217902654,1393.26100444261,98.0203098397889,277.336605157184,3.15091860004798,5.23430296277424,1.78696840696712,10.6774527348905,5.64009815676066,2549.85777481911,99416.1205670565
16.8423922566508,0.135372378230938,1252.46169179953,144.549254392592,1406.67320439683,98.9754697463872,279.291559321568,3.06690193026738,5.31925821247322,1.93726141512789,10.8694957780165,5.61699995817333,2572.7717744086,98797.9260463197
16.8798357386563,0.134414774345879,1264.78536574693,144.788351470252,1420.77416163283,99.9811732479604,281.442611292635,2.97526677300555,5.41563405094302,2.11526680503693,11.0838379678824,5.59108216412801,2597.10136569281,98338.549698991
16.9377128248635,0.133692653159604,1276.93138916841,145.24507537589,1434.62882794289,100.971594137021,283.538065359894,2.88606736531043,5.52170654012416,2.30416734782198,11.3087022735504,5.56315190331108,2621.19166439665,97960.8100255995
17.0117247815747,0.13328083322804,1288.27674199158,145.946790874622,1447.53700422723,101.897234272723,285.392270491359,2.80536515787434,5.63383126002971,2.49099343725755,11.5345922526291,5.53418461988832,2643.80864856027,97821.4935260559
17.1004202221828,0.133209770650832,1298.46888405985,146.898514030287,1459.10294965824,102.729900349119,286.918674739042,2.73417910005166,5.74598936859663,2.67282533095251,11.75597028723,5.50532089040506,2664.25754857284,98061.8469508187
17.2077067402474,0.133487502685303,1306.9698240195,148.060391641415,1468.72975699211,103.427568432001,288.015981198784,2.67275999691671,5.85381231414615,2.85072148857904,11.9675632673707,5.47749943344756,2681.4681726481,98437.8425540099
17.3417438708361,0.134120691174297,1312.58457483366,149.319073237093,1475.08966669191,103.897018458691,288.44826217443,2.6238702790269,5.95574996966767,3.02395949766918,12.1623416365123,5.45138721611908,2693.03662493555,98863.2205838783
17.5091293209371,0.135101094738946,1314.57516485299,150.593444131758,1477.3677124339,104.081135451152,288.07601114437,2.59012287060566,6.05275476890278,3.18874762391811,12.3342692862443,5.42724377588332,2697.47867612507,99058.784852888
17.7111047473816,0.136369941020171,1313.73271715134,151.906105020088,1476.45959513944,104.04348452316,287.079747598987,2.57058210434849,6.14911204775267,3.33552436646102,12.4828775289641,5.40451794796243,2696.37779048185,98795.7772825418
17.9457546380692,0.137800200932509,1312.01715902493,153.320221431374,1474.55882387062,103.938821924531,285.886421115593,2.56026610639023,6.24696750456705,3.45265940563632,12.6158962726877,5.38246505060895,2693.62457602392,98447.7887780627
18.211625116494,0.139233475019021,1311.15476486844,154.840120614585,1473.58211668096,103.902000620485,284.869618972027,2.55400127654913,6.34467338117793,3.53155276224804,12.7447562852775,5.36065172057963,2692.59075871632,98123.113224126
18.5073573831654,0.140557626113949,1311.68705471815,156.398751115689,1474.11617951067,103.974136560572,284.143304662105,2.55000041906288,6.44125842039194,3.56835499103301,12.8769916172544,5.33877859010819,2694.26659057192,97733.8144652731
18.8279513695159,0.141730767957741,1313.35171339958,157.922115982937,1475.85940064406,104.133936996104,283.646453762061,2.54885733786266,6.53788661403165,3.56377256817026,13.014864000537,5.31655628526104,2698.07210878317,97155.1664093746
19.1601522008275,0.142751695462286,1315.79615455007,159.369627686343,1478.42682557754,104.354407928029,283.301309250415,2.55090010680996,6.63553662204859,3.52382783308299,13.1590831781385,5.29380986226707,2703.29439099561,96528.675706787
19.484641448334,0.143627628993117,1318.85963588594,160.730823436056,1481.65912470119,104.624538340748,283.074361157223,2.55533355403627,6.73388322697238,3.45850724376672,13.3111316428259,5.27049707506965,2709.63136682729,95908.8076453823
19.7850800407908,0.144357333436646,1322.43287685362,161.994556795406,1485.45377497655,104.937453576383,282.939310744323,2.56185483736596,6.83453727124479,3.37444777462843,13.4723043800472,5.24630746016441,2716.87831743873,95063.1159575713
20.053513295075,0.144921928044344,1326.4791864087,163.14024682454,1489.78677120705,105.291782401181,282.876750613157,2.57149367106726,6.94232612948911,3.26906678539805,13.64402678214,5.22046033405913,2724.95776778504,93790.638978555
20.2906373453094,0.145294931206955,1331.2660087433,164.170106743359,1494.97689641998,105.709426530917,282.927793021364,2.58531149785723,7.05940051950263,3.13332784989444,13.830461689239,5.19238068022561,2734.40376392296,92461.5023682967
20.5026411212764,0.145456404401815,1337.19467442509,165.11068355429,1501.49319758784,106.221809466774,283.162971937841,2.60458815124606,7.18275509485873,2.95860195698658,14.0376446510764,5.1621103477589,2746.03071627731,91212.6917412817
20.6967671130259,0.145408567522323,1344.32023372806,165.973077889816,1509.4073810608,106.83191654131,283.584503935216,2.63179070292903,7.30678675315587,2.7433480816069,14.2690923286515,5.13022566978117,2759.95689108285,90132.8046522565
20.8783445358274,0.145178761574983,1352.24861111452,166.74148332816,1518.27444425701,107.506237225466,284.107914013085,2.66997187647534,7.42398249275916,2.49641621966565,14.5237296536522,5.09786911608571,2775.39278367001,89294.2389799631
21.0493489992997,0.144806448620727,1360.31748532762,167.380538097394,1527.34006147533,108.189756846527,284.596018442586,2.7220781847368,7.52739403568501,2.23334383633929,14.7960589973629,5.06637941252315,2791.00316758147,88586.7505743432
21.2087324904023,0.144329785654083,1367.87461768052,167.852548941484,1535.85958297954,108.828605719674,284.913438999924,2.78998457212576,7.61215113015973,1.97093435165753,15.0781586029174,5.03694681403007,2805.46947579681,87958.3059154126
21.3545068553041,0.143777880722727,1374.53759180845,168.139127309005,1543.39389797321,109.390799233442,284.982192399956,2.87339376037407,7.67454896638259,1.72351238515567,15.3629018172385,5.01054511988607,2818.01961236695,87425.9649774182
21.4859102341238,0.143169439042917,1380.22411170999,168.243993726955,1549.84447739829,109.868623680456,284.789012993781,2.96975336057913,7.71170172999885,1.50070762236474,15.6454929958182,4.98788812232756,2828.490911436,87020.9948375363
21.6045796783193,0.142510356276458,1384.99828096485,168.174122404853,1555.28038717596,110.266398610218,284.351143722281,3.07567073540068,7.72223932868223,1.30599354420176,15.922680419432,4.96937637829848,2837.01318984481,86698.1996401701
